0.0000000000 	 1.0000000000 	 17.5152305248 	 0.0009325213 	 0.0000000000 
0.5000000000 	 0.9937351457 	 15.5879545142 	 0.0009266792 	 0.0000000088 
1.0000000000 	 0.9772605880 	 14.8892997250 	 0.0009113163 	 0.0000000226 
1.5000000000 	 0.9507208710 	 13.7182823143 	 0.0008865675 	 -0.0000000228 
2.0000000000 	 0.9148176167 	 12.4049136048 	 0.0008530869 	 -0.0000000371 
2.5000000000 	 0.8708446700 	 11.0250524604 	 0.0008120812 	 -0.0000000813 
3.0000000000 	 0.8198868783 	 9.7577139679 	 0.0007645620 	 -0.0000001019 
3.5000000000 	 0.7633471936 	 8.6284335030 	 0.0007118375 	 -0.0000001236 
4.0000000000 	 0.7029302331 	 7.7337812839 	 0.0006554974 	 -0.0000000671 
4.5000000000 	 0.6392554429 	 7.0588994160 	 0.0005961193 	 0.0000000041 
5.0000000000 	 0.5733781214 	 6.5179110440 	 0.0005346873 	 0.0000001003 
5.5000000000 	 0.5066910363 	 6.1678405208 	 0.0004725002 	 0.0000000080 
6.0000000000 	 0.4412167622 	 5.8909954182 	 0.0004114440 	 0.0000000740 
6.5000000000 	 0.3769486861 	 5.6938835749 	 0.0003515127 	 -0.0000000191 
7.0000000000 	 0.3148182786 	 5.7139129396 	 0.0002935748 	 0.0000000365 
7.5000000000 	 0.2557699351 	 5.8448226278 	 0.0002385109 	 0.0000001451 
8.0000000000 	 0.2005226609 	 6.1681106810 	 0.0001869917 	 0.0000001642 
8.5000000000 	 0.1489801258 	 6.5935504166 	 0.0001389271 	 0.0000000615 
9.0000000000 	 0.1020474368 	 7.0805251090 	 0.0000951614 	 -0.0000000757 
9.5000000000 	 0.0590765581 	 7.4827588229 	 0.0000550902 	 -0.0000003401 
10.0000000000 	 0.0200579710 	 7.8107759389 	 0.0000187045 	 -0.0000000962 
10.5000000000 	 -0.0148942079 	 7.9509501976 	 -0.0000138892 	 -0.0000000194 
11.0000000000 	 -0.0464892724 	 7.9746488533 	 -0.0000433522 	 0.0000000710 
11.5000000000 	 -0.0749318189 	 7.8775845885 	 -0.0000698755 	 -0.0000000991 
12.0000000000 	 -0.1010838446 	 7.7280811130 	 -0.0000942628 	 -0.0000000593 
12.5000000000 	 -0.1257896256 	 7.5586812078 	 -0.0001173015 	 -0.0000000933 
13.0000000000 	 -0.1497642998 	 7.3775621434 	 -0.0001396584 	 -0.0000000562 
13.5000000000 	 -0.1727285646 	 7.2591507090 	 -0.0001610731 	 -0.0000000338 
14.0000000000 	 -0.1953710410 	 7.2034090611 	 -0.0001821877 	 -0.0000000553 
14.5000000000 	 -0.2178012195 	 7.1743830871 	 -0.0002031043 	 -0.0000000436 
15.0000000000 	 -0.2410137130 	 7.1887835858 	 -0.0002247504 	 -0.0000000068 
15.5000000000 	 -0.2645774010 	 7.2419902986 	 -0.0002467241 	 -0.0000000077 
16.0000000000 	 -0.2885146470 	 7.3033003415 	 -0.0002690461 	 -0.0000000133 
16.5000000000 	 -0.3127082607 	 7.3724344270 	 -0.0002916071 	 0.0000000129 
17.0000000000 	 -0.3369534565 	 7.4660693861 	 -0.0003142163 	 0.0000000030 
17.5000000000 	 -0.3610319381 	 7.5653433303 	 -0.0003366700 	 0.0000000143 
18.0000000000 	 -0.3846184795 	 7.6688527030 	 -0.0003586649 	 0.0000000327 
18.5000000000 	 -0.4075221684 	 7.7990578694 	 -0.0003800231 	 0.0000000669 
19.0000000000 	 -0.4293390108 	 7.9431253264 	 -0.0004003678 	 0.0000000141 
19.5000000000 	 -0.4497167168 	 8.0954449294 	 -0.0004193704 	 0.0000000776 
20.0000000000 	 -0.4683908752 	 8.2387505011 	 -0.0004367845 	 0.0000000830 
20.5000000000 	 -0.4851831858 	 8.4009943934 	 -0.0004524437 	 0.0000000672 
21.0000000000 	 -0.4995890021 	 8.5733565411 	 -0.0004658774 	 0.0000001018 
21.5000000000 	 -0.5116276504 	 8.7347940999 	 -0.0004771037 	 0.0000001367 
22.0000000000 	 -0.5215525802 	 8.8959372187 	 -0.0004863589 	 0.0000001056 
22.5000000000 	 -0.5292167380 	 9.0351359450 	 -0.0004935059 	 0.0000000289 
23.0000000000 	 -0.5345611064 	 9.1585365446 	 -0.0004984896 	 0.0000000021 
23.5000000000 	 -0.5373394182 	 9.2754121412 	 -0.0005010805 	 0.0000000693 
24.0000000000 	 -0.5380004728 	 9.3754504109 	 -0.0005016969 	 -0.0000000146 
24.5000000000 	 -0.5362456366 	 9.4729612047 	 -0.0005000605 	 -0.0000003016 
25.0000000000 	 -0.5338126762 	 9.5524801444 	 -0.0004977917 	 -0.0000001582 
25.5000000000 	 -0.5284450687 	 9.6041869347 	 -0.0004927863 	 0.0000000352 
26.0000000000 	 -0.5208025215 	 9.6411106168 	 -0.0004856595 	 0.0000000553 
26.5000000000 	 -0.5114366630 	 9.6636931363 	 -0.0004769256 	 -0.0000001554 
27.0000000000 	 -0.5009329683 	 9.6746290463 	 -0.0004671307 	 -0.0000003588 
27.5000000000 	 -0.4884544496 	 9.6601747403 	 -0.0004554942 	 -0.0000003584 
28.0000000000 	 -0.4747472794 	 9.6117981102 	 -0.0004427120 	 -0.0000002086 
28.5000000000 	 -0.4598087675 	 9.5546846743 	 -0.0004287815 	 -0.0000001992 
29.0000000000 	 -0.4438740180 	 9.4868642968 	 -0.0004139220 	 -0.0000002348 
29.5000000000 	 -0.4263832904 	 9.4028210464 	 -0.0003976115 	 -0.0000002855 
30.0000000000 	 -0.4076485556 	 9.3005148291 	 -0.0003801410 	 -0.0000002752 
30.5000000000 	 -0.3880809978 	 9.2012483803 	 -0.0003618938 	 -0.0000002201 
31.0000000000 	 -0.3665071761 	 9.0978325497 	 -0.0003417758 	 -0.0000002653 
31.5000000000 	 -0.3449863128 	 8.9865359361 	 -0.0003217071 	 -0.0000002733 
32.0000000000 	 -0.3228978855 	 8.8804302912 	 -0.0003011092 	 -0.0000002470 
32.5000000000 	 -0.3008415314 	 8.7842190901 	 -0.0002805411 	 -0.0000001822 
33.0000000000 	 -0.2786741687 	 8.6920681578 	 -0.0002598696 	 -0.0000001303 
33.5000000000 	 -0.2554821271 	 8.5963880566 	 -0.0002382425 	 -0.0000000949 
34.0000000000 	 -0.2322986346 	 8.4987816063 	 -0.0002166234 	 -0.0000000940 
34.5000000000 	 -0.2093864129 	 8.4035059445 	 -0.0001952573 	 -0.0000000544 
35.0000000000 	 -0.1858472869 	 8.2976532020 	 -0.0001733066 	 -0.0000000439 
35.5000000000 	 -0.1631513731 	 8.2005707294 	 -0.0001521421 	 -0.0000000346 
36.0000000000 	 -0.1403477684 	 8.1026435933 	 -0.0001308773 	 0.0000000074 
36.5000000000 	 -0.1177292722 	 8.0056972120 	 -0.0001097851 	 0.0000000396 
37.0000000000 	 -0.0956073198 	 7.9164475950 	 -0.0000891559 	 0.0000000430 
37.5000000000 	 -0.0725790692 	 7.8151167885 	 -0.0000676815 	 0.0000000720 
38.0000000000 	 -0.0507922394 	 7.7160631348 	 -0.0000473648 	 0.0000000754 
38.5000000000 	 -0.0289940151 	 7.6165613926 	 -0.0000270375 	 0.0000000498 
39.0000000000 	 -0.0072131262 	 7.5197169054 	 -0.0000067264 	 0.0000000406 
39.5000000000 	 0.0146131111 	 7.4284610082 	 0.0000136270 	 0.0000000705 
40.0000000000 	 0.0371286977 	 7.3379814908 	 0.0000346233 	 0.0000000661 
40.5000000000 	 0.0602390091 	 7.2547954424 	 0.0000561742 	 0.0000000898 
41.0000000000 	 0.0840882286 	 7.1660293400 	 0.0000784141 	 0.0000000948 
41.5000000000 	 0.1085804147 	 7.0821997656 	 0.0001012536 	 0.0000001199 
42.0000000000 	 0.1338726024 	 7.0123760055 	 0.0001248391 	 0.0000001290 
42.5000000000 	 0.1602006342 	 6.9610498810 	 0.0001493905 	 0.0000000657 
43.0000000000 	 0.1877821307 	 6.9251609520 	 0.0001751108 	 0.0000000384 
43.5000000000 	 0.2156953840 	 6.8928513358 	 0.0002011405 	 0.0000000301 
44.0000000000 	 0.2445751566 	 6.8683098075 	 0.0002280716 	 0.0000000185 
44.5000000000 	 0.2738606986 	 6.8579868314 	 0.0002553809 	 0.0000000060 
45.0000000000 	 0.3033517914 	 6.8599111458 	 0.0002828820 	 0.0000000310 
45.5000000000 	 0.3329299044 	 6.8770615681 	 0.0003104642 	 0.0000000273 
46.0000000000 	 0.3620488089 	 6.9029937736 	 0.0003376182 	 0.0000000307 
46.5000000000 	 0.3901458869 	 6.9325628787 	 0.0003638194 	 0.0000000731 
47.0000000000 	 0.4171458196 	 6.9715786201 	 0.0003889974 	 0.0000000841 
47.5000000000 	 0.4419752790 	 7.0080975683 	 0.0004121514 	 0.0000000859 
48.0000000000 	 0.4643977530 	 7.0510551245 	 0.0004330608 	 0.0000000948 
48.5000000000 	 0.4844589972 	 7.0867462425 	 0.0004517683 	 0.0000000701 
49.0000000000 	 0.5011086967 	 7.1198177984 	 0.0004672945 	 0.0000000780 
49.5000000000 	 0.5146101009 	 7.1518399534 	 0.0004798849 	 0.0000000701 
50.0000000000 	 0.5244768117 	 7.1748781127 	 0.0004890858 	 0.0000000506 
50.5000000000 	 0.5301138675 	 7.1857961302 	 0.0004943425 	 0.0000000705 
51.0000000000 	 0.5315944649 	 7.1949610612 	 0.0004957232 	 -0.0000000113 
51.5000000000 	 0.5290538406 	 7.1989188208 	 0.0004933540 	 -0.0000000995 
52.0000000000 	 0.5224828052 	 7.1895209362 	 0.0004872264 	 -0.0000000957 
52.5000000000 	 0.5115201605 	 7.1735143664 	 0.0004770035 	 -0.0000001017 
53.0000000000 	 0.4971223279 	 7.1535908539 	 0.0004635772 	 -0.0000000676 
53.5000000000 	 0.4789170678 	 7.1221992789 	 0.0004466004 	 -0.0000000233 
54.0000000000 	 0.4576386707 	 7.0836335116 	 0.0004267578 	 0.0000000446 
54.5000000000 	 0.4335122986 	 7.0353894572 	 0.0004042595 	 0.0000000034 
55.0000000000 	 0.4069188536 	 6.9821422112 	 0.0003794605 	 -0.0000000311 
55.5000000000 	 0.3786880120 	 6.9327717838 	 0.0003531347 	 -0.0000000846 
56.0000000000 	 0.3490451349 	 6.8749774087 	 0.0003254920 	 -0.0000001057 
56.5000000000 	 0.3185358907 	 6.8230671054 	 0.0002970415 	 -0.0000000658 
57.0000000000 	 0.2873793288 	 6.7720279254 	 0.0002679874 	 -0.0000000659 
57.5000000000 	 0.2563541718 	 6.7168877490 	 0.0002390557 	 -0.0000000486 
58.0000000000 	 0.2255782742 	 6.6672221219 	 0.0002103566 	 -0.0000000374 
58.5000000000 	 0.1947913625 	 6.6127768952 	 0.0001816471 	 -0.0000000567 
59.0000000000 	 0.1656078066 	 6.5756055704 	 0.0001544328 	 -0.0000000044 
59.5000000000 	 0.1373721701 	 6.5361792887 	 0.0001281025 	 0.0000000556 
60.0000000000 	 0.1104437475 	 6.5039204253 	 0.0001029912 	 0.0000000808 
60.5000000000 	 0.0847934156 	 6.4739580073 	 0.0000790717 	 -0.0000000216 
61.0000000000 	 0.0605307882 	 6.4420290370 	 0.0000564463 	 -0.0000000250 
61.5000000000 	 0.0372269686 	 6.4108065025 	 0.0000347149 	 0.0000000800 
62.0000000000 	 0.0156814017 	 6.3782370560 	 0.0000146232 	 0.0000001459 
62.5000000000 	 -0.0048982301 	 6.3460509309 	 -0.0000045677 	 0.0000002243 
63.0000000000 	 -0.0244543025 	 6.3190940639 	 -0.0000228042 	 0.0000001121 
63.5000000000 	 -0.0426525736 	 6.2824560382 	 -0.0000397744 	 -0.0000000378 
64.0000000000 	 -0.0601915527 	 6.2470354620 	 -0.0000561299 	 -0.0000001712 
64.5000000000 	 -0.0777492225 	 6.2135894037 	 -0.0000725028 	 -0.0000001109 
65.0000000000 	 -0.0939556989 	 6.1789040868 	 -0.0000876157 	 -0.0000000679 
65.5000000000 	 -0.1096879019 	 6.1447606024 	 -0.0001022863 	 -0.0000000556 
66.0000000000 	 -0.1247512520 	 6.1051248595 	 -0.0001163332 	 -0.0000000384 
66.5000000000 	 -0.1394949285 	 6.0642709488 	 -0.0001300820 	 -0.0000000724 
67.0000000000 	 -0.1540149458 	 6.0322119925 	 -0.0001436222 	 -0.0000000469 
67.5000000000 	 -0.1679332498 	 5.9966409485 	 -0.0001566013 	 -0.0000000351 
68.0000000000 	 -0.1815302442 	 5.9609627337 	 -0.0001692808 	 -0.0000000605 
68.5000000000 	 -0.1946970740 	 5.9307762068 	 -0.0001815592 	 -0.0000000552 
69.0000000000 	 -0.2072343538 	 5.9014642679 	 -0.0001932505 	 -0.0000000539 
69.5000000000 	 -0.2190731435 	 5.8740850060 	 -0.0002042904 	 -0.0000000620 
70.0000000000 	 -0.2306067925 	 5.8546496764 	 -0.0002150458 	 -0.0000000132 
70.5000000000 	 -0.2410885400 	 5.8333508916 	 -0.0002248202 	 0.0000000047 
71.0000000000 	 -0.2511320675 	 5.8280069161 	 -0.0002341860 	 0.0000000447 
71.5000000000 	 -0.2600741502 	 5.8222866596 	 -0.0002425247 	 0.0000000743 
72.0000000000 	 -0.2681414318 	 5.8190910744 	 -0.0002500476 	 0.0000000615 
72.5000000000 	 -0.2749371978 	 5.8220305394 	 -0.0002563848 	 0.0000001118 
73.0000000000 	 -0.2809365373 	 5.8319402184 	 -0.0002619793 	 0.0000000845 
73.5000000000 	 -0.2866002964 	 5.8499606234 	 -0.0002672609 	 0.0000000817 
74.0000000000 	 -0.2905923720 	 5.8643298634 	 -0.0002709836 	 0.0000000878 
74.5000000000 	 -0.2934483043 	 5.8813003095 	 -0.0002736468 	 0.0000000829 
75.0000000000 	 -0.2954511033 	 5.9021909267 	 -0.0002755145 	 0.0000000536 
75.5000000000 	 -0.2965751622 	 5.9274183147 	 -0.0002765627 	 0.0000000529 
76.0000000000 	 -0.2965990669 	 5.9536073147 	 -0.0002765850 	 0.0000000413 
76.5000000000 	 -0.2957476834 	 5.9810184581 	 -0.0002757910 	 -0.0000000245 
77.0000000000 	 -0.2939470227 	 6.0046946858 	 -0.0002741119 	 -0.0000000208 
77.5000000000 	 -0.2913659644 	 6.0302650201 	 -0.0002717050 	 -0.0000000215 
78.0000000000 	 -0.2874640666 	 6.0526247179 	 -0.0002680664 	 -0.0000000332 
78.5000000000 	 -0.2830801624 	 6.0755338343 	 -0.0002639783 	 -0.0000000479 
79.0000000000 	 -0.2782511734 	 6.0998459825 	 -0.0002594752 	 -0.0000000835 
79.5000000000 	 -0.2723673673 	 6.1165339154 	 -0.0002539884 	 -0.0000000931 
80.0000000000 	 -0.2655578595 	 6.1297504920 	 -0.0002476384 	 -0.0000000557 
80.5000000000 	 -0.2579813623 	 6.1421380007 	 -0.0002405731 	 -0.0000000704 
81.0000000000 	 -0.2498238504 	 6.1562688360 	 -0.0002329661 	 -0.0000000807 
81.5000000000 	 -0.2409994002 	 6.1710692009 	 -0.0002247371 	 -0.0000000744 
82.0000000000 	 -0.2317920287 	 6.1818999073 	 -0.0002161510 	 -0.0000000790 
82.5000000000 	 -0.2219833350 	 6.1891529147 	 -0.0002070042 	 -0.0000000437 
83.0000000000 	 -0.2117284614 	 6.1953771004 	 -0.0001974413 	 0.0000000142 
83.5000000000 	 -0.2009492397 	 6.1975240153 	 -0.0001873895 	 0.0000000576 
84.0000000000 	 -0.1896745777 	 6.1942027604 	 -0.0001768756 	 0.0000000994 
84.5000000000 	 -0.1781546572 	 6.1882475438 	 -0.0001661330 	 0.0000001509 
85.0000000000 	 -0.1655599029 	 6.1726716054 	 -0.0001543881 	 0.0000001801 
85.5000000000 	 -0.1534314041 	 6.1581143373 	 -0.0001430781 	 0.0000001100 
86.0000000000 	 -0.1413269157 	 6.1392157685 	 -0.0001317904 	 0.0000000799 
86.5000000000 	 -0.1286623983 	 6.1134322071 	 -0.0001199804 	 0.0000000382 
87.0000000000 	 -0.1155255140 	 6.0877999322 	 -0.0001077300 	 0.0000000940 
87.5000000000 	 -0.1027294431 	 6.0577938804 	 -0.0000957974 	 0.0000000909 
88.0000000000 	 -0.0894792631 	 6.0207140855 	 -0.0000834413 	 0.0000000415 
88.5000000000 	 -0.0765201878 	 5.9778587988 	 -0.0000713567 	 0.0000000492 
89.0000000000 	 -0.0633309893 	 5.9303094648 	 -0.0000590575 	 0.0000000751 
89.5000000000 	 -0.0500186483 	 5.8797006583 	 -0.0000466435 	 0.0000000734 
90.0000000000 	 -0.0366497402 	 5.8231597633 	 -0.0000341767 	 0.0000000676 
90.5000000000 	 -0.0227134061 	 5.7621638604 	 -0.0000211807 	 0.0000000424 
91.0000000000 	 -0.0083599662 	 5.6960761082 	 -0.0000077958 	 0.0000000250 
91.5000000000 	 0.0062237317 	 5.6257200702 	 0.0000058038 	 0.0000000123 
92.0000000000 	 0.0214304780 	 5.5566027514 	 0.0000199844 	 0.0000000190 
92.5000000000 	 0.0372986512 	 5.4863093581 	 0.0000347818 	 0.0000001051 
93.0000000000 	 0.0529759125 	 5.4193093332 	 0.0000494012 	 0.0000001122 
93.5000000000 	 0.0693434548 	 5.3549098987 	 0.0000646643 	 0.0000000861 
94.0000000000 	 0.0857941282 	 5.2931215013 	 0.0000800049 	 0.0000000716 
94.5000000000 	 0.1026395075 	 5.2342430335 	 0.0000957135 	 0.0000000586 
95.0000000000 	 0.1197593405 	 5.1790289203 	 0.0001116781 	 0.0000000287 
95.5000000000 	 0.1368328444 	 5.1301611652 	 0.0001275995 	 0.0000000278 
96.0000000000 	 0.1542436105 	 5.0859457335 	 0.0001438355 	 0.0000000094 
96.5000000000 	 0.1714352032 	 5.0464720275 	 0.0001598670 	 -0.0000000173 
97.0000000000 	 0.1882032220 	 5.0092436360 	 0.0001755035 	 0.0000000039 
97.5000000000 	 0.2047576022 	 4.9779963414 	 0.0001909408 	 -0.0000000050 
98.0000000000 	 0.2205363743 	 4.9522493571 	 0.0002056549 	 -0.0000000595 
98.5000000000 	 0.2350705804 	 4.9311911210 	 0.0002192083 	 -0.0000000856 
99.0000000000 	 0.2487223542 	 4.9122917782 	 0.0002319389 	 -0.0000000601 
99.5000000000 	 0.2612198404 	 4.9034684914 	 0.0002435931 	 -0.0000000427 
100.0000000000 	 0.2720783255 	 4.8948340979 	 0.0002537188 	 -0.0000000290 
100.5000000000 	 0.2811012679 	 4.8881615832 	 0.0002621329 	 -0.0000000611 
101.0000000000 	 0.2885067614 	 4.8866512701 	 0.0002690387 	 -0.0000000789 
101.5000000000 	 0.2937540918 	 4.8831046954 	 0.0002739320 	 -0.0000000885 
102.0000000000 	 0.2969905982 	 4.8815678450 	 0.0002769501 	 -0.0000000818 
102.5000000000 	 0.2981092752 	 4.8790146747 	 0.0002779933 	 -0.0000000202 
103.0000000000 	 0.2971645684 	 4.8773843407 	 0.0002771123 	 -0.0000000028 
103.5000000000 	 0.2942231176 	 4.8771626496 	 0.0002743693 	 0.0000000161 
104.0000000000 	 0.2892568840 	 4.8779578096 	 0.0002697382 	 0.0000000203 
104.5000000000 	 0.2823539901 	 4.8792987126 	 0.0002633011 	 0.0000000010 
105.0000000000 	 0.2732803011 	 4.8802835622 	 0.0002548397 	 -0.0000000532 
105.5000000000 	 0.2628897377 	 4.8818576092 	 0.0002451503 	 -0.0000000445 
106.0000000000 	 0.2510408606 	 4.8844134108 	 0.0002341010 	 -0.0000000420 
106.5000000000 	 0.2378418645 	 4.8864031645 	 0.0002217926 	 -0.0000000704 
107.0000000000 	 0.2236120338 	 4.8876014783 	 0.0002085230 	 -0.0000000559 
107.5000000000 	 0.2084685435 	 4.8903702527 	 0.0001944014 	 -0.0000000374 
108.0000000000 	 0.1927696106 	 4.8946773274 	 0.0001797618 	 -0.0000000280 
108.5000000000 	 0.1764920471 	 4.8996037324 	 0.0001645826 	 -0.0000001091 
109.0000000000 	 0.1601689426 	 4.9066498515 	 0.0001493610 	 -0.0000000642 
109.5000000000 	 0.1435615866 	 4.9106158393 	 0.0001338742 	 -0.0000000024 
110.0000000000 	 0.1271149902 	 4.9143085592 	 0.0001185374 	 -0.0000000069 
110.5000000000 	 0.1110135707 	 4.9179845067 	 0.0001035225 	 -0.0000000026 
111.0000000000 	 0.0952801276 	 4.9218803871 	 0.0000888508 	 -0.0000000183 
111.5000000000 	 0.0796653421 	 4.9246085322 	 0.0000742896 	 -0.0000001328 
112.0000000000 	 0.0649393975 	 4.9262930928 	 0.0000605574 	 -0.0000001697 
112.5000000000 	 0.0506941992 	 4.9275644662 	 0.0000472734 	 -0.0000001510 
113.0000000000 	 0.0370796621 	 4.9257796638 	 0.0000345776 	 -0.0000001380 
113.5000000000 	 0.0240271020 	 4.9238991652 	 0.0000224058 	 -0.0000001430 
114.0000000000 	 0.0116362319 	 4.9165018597 	 0.0000108510 	 -0.0000001244 
114.5000000000 	 -0.0002033185 	 4.9046796163 	 -0.0000001896 	 -0.0000000719 
115.0000000000 	 -0.0116326850 	 4.8927036631 	 -0.0000108477 	 -0.0000000484 
115.5000000000 	 -0.0225223442 	 4.8761435480 	 -0.0000210026 	 -0.0000000216 
116.0000000000 	 -0.0327669768 	 4.8548720814 	 -0.0000305559 	 0.0000000060 
116.5000000000 	 -0.0425382915 	 4.8306030330 	 -0.0000396679 	 0.0000000326 
117.0000000000 	 -0.0517408125 	 4.7996790923 	 -0.0000482494 	 0.0000000240 
117.5000000000 	 -0.0608352222 	 4.7683865480 	 -0.0000567301 	 0.0000000262 
118.0000000000 	 -0.0692552810 	 4.7342563929 	 -0.0000645820 	 0.0000000290 
118.5000000000 	 -0.0776737933 	 4.6978426359 	 -0.0000724325 	 0.0000000409 
119.0000000000 	 -0.0855781531 	 4.6593220994 	 -0.0000798035 	 0.0000000435 
119.5000000000 	 -0.0929719333 	 4.6186882947 	 -0.0000866983 	 0.0000000529 
120.0000000000 	 -0.1001162413 	 4.5783290673 	 -0.0000933605 	 0.0000000503 
120.5000000000 	 -0.1071895249 	 4.5453031187 	 -0.0000999565 	 0.0000000468 
121.0000000000 	 -0.1136525588 	 4.5078888567 	 -0.0001059834 	 0.0000000533 
121.5000000000 	 -0.1197904686 	 4.4725110620 	 -0.0001117072 	 0.0000000689 
122.0000000000 	 -0.1254885970 	 4.4372667101 	 -0.0001170208 	 0.0000000206 
122.5000000000 	 -0.1308669293 	 4.4047632415 	 -0.0001220362 	 0.0000000333 
123.0000000000 	 -0.1358136711 	 4.3750829525 	 -0.0001266491 	 0.0000000149 
123.5000000000 	 -0.1404130875 	 4.3493271514 	 -0.0001309382 	 0.0000000285 
124.0000000000 	 -0.1445115980 	 4.3251052503 	 -0.0001347601 	 0.0000000342 
124.5000000000 	 -0.1479623825 	 4.3033209590 	 -0.0001379781 	 0.0000000011 
125.0000000000 	 -0.1511607210 	 4.2841910988 	 -0.0001409606 	 0.0000000210 
125.5000000000 	 -0.1540261851 	 4.2687967245 	 -0.0001436327 	 0.0000000222 
126.0000000000 	 -0.1563802387 	 4.2558682000 	 -0.0001458279 	 0.0000000054 
126.5000000000 	 -0.1583286957 	 4.2475457531 	 -0.0001476449 	 0.0000000136 
127.0000000000 	 -0.1595231798 	 4.2416763593 	 -0.0001487588 	 0.0000000202 
127.5000000000 	 -0.1602110428 	 4.2418452029 	 -0.0001494002 	 0.0000000291 
128.0000000000 	 -0.1603076439 	 4.2438648326 	 -0.0001494903 	 0.0000000495 
128.5000000000 	 -0.1603292447 	 4.2520264530 	 -0.0001495104 	 0.0000000193 
129.0000000000 	 -0.1597031095 	 4.2596485817 	 -0.0001489266 	 0.0000000308 
129.5000000000 	 -0.1586515717 	 4.2699447319 	 -0.0001479460 	 0.0000000185 
130.0000000000 	 -0.1570369238 	 4.2830845018 	 -0.0001464403 	 0.0000000272 
130.5000000000 	 -0.1551440948 	 4.2957490839 	 -0.0001446752 	 0.0000000127 
131.0000000000 	 -0.1528739612 	 4.3115902015 	 -0.0001425582 	 -0.0000000296 
131.5000000000 	 -0.1501701688 	 4.3263725246 	 -0.0001400369 	 -0.0000000192 
132.0000000000 	 -0.1471117738 	 4.3439467515 	 -0.0001371849 	 0.0000000061 
132.5000000000 	 -0.1434071055 	 4.3609840283 	 -0.0001337302 	 -0.0000000621 
133.0000000000 	 -0.1394484564 	 4.3801191884 	 -0.0001300387 	 -0.0000000662 
133.5000000000 	 -0.1354087195 	 4.3967434514 	 -0.0001262715 	 -0.0000000735 
134.0000000000 	 -0.1310455073 	 4.4125272312 	 -0.0001222027 	 -0.0000000659 
134.5000000000 	 -0.1264057768 	 4.4272404687 	 -0.0001178761 	 -0.0000000356 
135.0000000000 	 -0.1214355911 	 4.4397397532 	 -0.0001132413 	 -0.0000000163 
135.5000000000 	 -0.1160621113 	 4.4505207082 	 -0.0001082304 	 0.0000000078 
136.0000000000 	 -0.1106793995 	 4.4613762249 	 -0.0001032109 	 0.0000000310 
136.5000000000 	 -0.1049724992 	 4.4664473138 	 -0.0000978891 	 0.0000000308 
137.0000000000 	 -0.0992718769 	 4.4667389432 	 -0.0000925731 	 0.0000000168 
137.5000000000 	 -0.0931754090 	 4.4669909656 	 -0.0000868881 	 -0.0000000222 
138.0000000000 	 -0.0868025127 	 4.4642309665 	 -0.0000809452 	 -0.0000000141 
138.5000000000 	 -0.0802578751 	 4.4575364215 	 -0.0000748422 	 -0.0000000189 
139.0000000000 	 -0.0731810967 	 4.4462421254 	 -0.0000682429 	 -0.0000000005 
139.5000000000 	 -0.0661765451 	 4.4291100005 	 -0.0000617110 	 0.0000000453 
140.0000000000 	 -0.0592128856 	 4.4091920086 	 -0.0000552173 	 0.0000000457 
140.5000000000 	 -0.0519865207 	 4.3874080200 	 -0.0000484785 	 0.0000000608 
141.0000000000 	 -0.0442636168 	 4.3635331095 	 -0.0000412768 	 0.0000000697 
141.5000000000 	 -0.0362624203 	 4.3356846789 	 -0.0000338155 	 0.0000000104 
142.0000000000 	 -0.0279681434 	 4.3019266309 	 -0.0000260809 	 0.0000000418 
142.5000000000 	 -0.0193963144 	 4.2665133858 	 -0.0000180875 	 0.0000000462 
143.0000000000 	 -0.0104253029 	 4.2270000461 	 -0.0000097218 	 0.0000000667 
143.5000000000 	 -0.0013906670 	 4.1859817369 	 -0.0000012968 	 0.0000000646 
144.0000000000 	 0.0081297450 	 4.1470287587 	 0.0000075812 	 0.0000000690 
144.5000000000 	 0.0179623834 	 4.1059930657 	 0.0000167503 	 0.0000000558 
145.0000000000 	 0.0278212193 	 4.0650131735 	 0.0000259439 	 0.0000000580 
145.5000000000 	 0.0379960397 	 4.0238129005 	 0.0000354321 	 0.0000000596 
146.0000000000 	 0.0482336228 	 3.9796296765 	 0.0000449789 	 0.0000000560 
146.5000000000 	 0.0585956114 	 3.9374593301 	 0.0000546417 	 0.0000000538 
147.0000000000 	 0.0690628577 	 3.8984211640 	 0.0000644026 	 0.0000000526 
147.5000000000 	 0.0795119215 	 3.8597435422 	 0.0000741466 	 0.0000000445 
148.0000000000 	 0.0897199693 	 3.8257227298 	 0.0000836658 	 0.0000000362 
148.5000000000 	 0.0998225895 	 3.7931481552 	 0.0000930867 	 0.0000000304 
149.0000000000 	 0.1094826846 	 3.7618827677 	 0.0001020949 	 0.0000000226 
149.5000000000 	 0.1186471905 	 3.7356134054 	 0.0001106410 	 0.0000000258 
150.0000000000 	 0.1273502733 	 3.7140889667 	 0.0001187568 	 0.0000000096 
150.5000000000 	 0.1353497371 	 3.6927771336 	 0.0001262165 	 0.0000000137 
151.0000000000 	 0.1424969286 	 3.6746330042 	 0.0001328814 	 0.0000000071 
151.5000000000 	 0.1488585322 	 3.6599272062 	 0.0001388138 	 -0.0000000118 
152.0000000000 	 0.1542317135 	 3.6463382160 	 0.0001438244 	 -0.0000000261 
152.5000000000 	 0.1585813161 	 3.6352376735 	 0.0001478805 	 -0.0000000311 
153.0000000000 	 0.1619876603 	 3.6284334121 	 0.0001510570 	 -0.0000000333 
153.5000000000 	 0.1642216818 	 3.6205359226 	 0.0001531402 	 -0.0000000342 
154.0000000000 	 0.1653372632 	 3.6137686167 	 0.0001541805 	 -0.0000000359 
154.5000000000 	 0.1652976248 	 3.6095880288 	 0.0001541436 	 -0.0000000498 
155.0000000000 	 0.1639905676 	 3.6037562432 	 0.0001529247 	 -0.0000000558 
155.5000000000 	 0.1617641187 	 3.6033091750 	 0.0001508485 	 -0.0000000669 
156.0000000000 	 0.1584453644 	 3.6060324546 	 0.0001477537 	 -0.0000000602 
156.5000000000 	 0.1543034175 	 3.6081426531 	 0.0001438912 	 -0.0000000455 
157.0000000000 	 0.1492524748 	 3.6117521191 	 0.0001391811 	 -0.0000000691 
157.5000000000 	 0.1433205591 	 3.6147983580 	 0.0001336495 	 -0.0000000872 
158.0000000000 	 0.1367794316 	 3.6222613676 	 0.0001275497 	 -0.0000000709 
158.5000000000 	 0.1296132301 	 3.6311830934 	 0.0001208671 	 -0.0000000527 
159.0000000000 	 0.1218516635 	 3.6390664832 	 0.0001136293 	 -0.0000000124 
159.5000000000 	 0.1137554534 	 3.6482882687 	 0.0001060794 	 -0.0000000142 
160.0000000000 	 0.1053249352 	 3.6581375612 	 0.0000982178 	 -0.0000000145 
160.5000000000 	 0.0967219599 	 3.6670637431 	 0.0000901953 	 -0.0000000044 
161.0000000000 	 0.0878125457 	 3.6780072097 	 0.0000818871 	 -0.0000000070 
161.5000000000 	 0.0789683617 	 3.6866459980 	 0.0000736397 	 -0.0000000249 
162.0000000000 	 0.0702721876 	 3.6956004210 	 0.0000655303 	 -0.0000000194 
162.5000000000 	 0.0617153702 	 3.7042898616 	 0.0000575509 	 -0.0000000264 
163.0000000000 	 0.0533675767 	 3.7106345327 	 0.0000497664 	 -0.0000000078 
163.5000000000 	 0.0452559991 	 3.7164572920 	 0.0000422022 	 0.0000000017 
164.0000000000 	 0.0373741666 	 3.7215214726 	 0.0000348522 	 0.0000000101 
164.5000000000 	 0.0298873420 	 3.7230090835 	 0.0000278706 	 0.0000000169 
165.0000000000 	 0.0226012318 	 3.7246052550 	 0.0000210761 	 0.0000000261 
165.5000000000 	 0.0156262973 	 3.7214579309 	 0.0000145719 	 0.0000000259 
166.0000000000 	 0.0089659551 	 3.7158406121 	 0.0000083609 	 0.0000000042 
166.5000000000 	 0.0025408737 	 3.7070105669 	 0.0000023694 	 -0.0000000262 
167.0000000000 	 -0.0036498213 	 3.6985546768 	 -0.0000034035 	 -0.0000000624 
167.5000000000 	 -0.0094262702 	 3.6857991163 	 -0.0000087902 	 -0.0000000580 
168.0000000000 	 -0.0149771783 	 3.6737055667 	 -0.0000139665 	 -0.0000000433 
168.5000000000 	 -0.0201838181 	 3.6563749791 	 -0.0000188218 	 -0.0000000380 
169.0000000000 	 -0.0253388239 	 3.6368901855 	 -0.0000236290 	 -0.0000000314 
169.5000000000 	 -0.0300992208 	 3.6156311119 	 -0.0000280682 	 -0.0000000327 
170.0000000000 	 -0.0347642934 	 3.5946915261 	 -0.0000324184 	 -0.0000000286 
170.5000000000 	 -0.0391901680 	 3.5704980989 	 -0.0000365457 	 -0.0000000195 
171.0000000000 	 -0.0432929979 	 3.5415791799 	 -0.0000403716 	 -0.0000000137 
171.5000000000 	 -0.0473595597 	 3.5155334504 	 -0.0000441638 	 0.0000000263 
172.0000000000 	 -0.0512928297 	 3.4886247196 	 -0.0000478317 	 0.0000000461 
172.5000000000 	 -0.0549981906 	 3.4608267993 	 -0.0000512870 	 0.0000000560 
173.0000000000 	 -0.0587300501 	 3.4327397525 	 -0.0000547670 	 0.0000000815 
173.5000000000 	 -0.0619524225 	 3.4056491278 	 -0.0000577720 	 0.0000000626 
174.0000000000 	 -0.0650336573 	 3.3798614506 	 -0.0000606453 	 0.0000000472 
174.5000000000 	 -0.0678894033 	 3.3542286427 	 -0.0000633083 	 0.0000000617 
175.0000000000 	 -0.0704488004 	 3.3302732662 	 -0.0000656950 	 0.0000000388 
175.5000000000 	 -0.0729686911 	 3.3104069165 	 -0.0000680449 	 0.0000000431 
176.0000000000 	 -0.0754305075 	 3.2929045979 	 -0.0000703406 	 0.0000000376 
176.5000000000 	 -0.0773427366 	 3.2742025766 	 -0.0000721237 	 0.0000000303 
177.0000000000 	 -0.0792514977 	 3.2579596228 	 -0.0000739037 	 0.0000000271 
177.5000000000 	 -0.0810659111 	 3.2448610403 	 -0.0000755957 	 0.0000000092 
178.0000000000 	 -0.0824901694 	 3.2318573043 	 -0.0000769238 	 -0.0000000058 
178.5000000000 	 -0.0836303948 	 3.2237182643 	 -0.0000779871 	 -0.0000000070 
179.0000000000 	 -0.0844985620 	 3.2149692970 	 -0.0000787967 	 -0.0000000103 
179.5000000000 	 -0.0851846542 	 3.2106161657 	 -0.0000794365 	 -0.0000000021 
180.0000000000 	 -0.0855298248 	 3.2087662997 	 -0.0000797584 	 0.0000000128 
180.5000000000 	 -0.0858039864 	 3.2077029278 	 -0.0000800140 	 0.0000000088 
181.0000000000 	 -0.0857953866 	 3.2091882391 	 -0.0000800060 	 -0.0000000206 
181.5000000000 	 -0.0856871556 	 3.2141351156 	 -0.0000799051 	 -0.0000000021 
182.0000000000 	 -0.0852130098 	 3.2178073529 	 -0.0000794629 	 0.0000000060 
182.5000000000 	 -0.0845801069 	 3.2232205262 	 -0.0000788728 	 -0.0000000009 
183.0000000000 	 -0.0837174266 	 3.2313098039 	 -0.0000780683 	 -0.0000000001 
183.5000000000 	 -0.0827367736 	 3.2411754503 	 -0.0000771538 	 -0.0000000057 
184.0000000000 	 -0.0815007916 	 3.2515315652 	 -0.0000760012 	 0.0000000098 
184.5000000000 	 -0.0800679865 	 3.2615202943 	 -0.0000746651 	 0.0000000196 
185.0000000000 	 -0.0784605145 	 3.2722129029 	 -0.0000731661 	 0.0000000165 
185.5000000000 	 -0.0766878762 	 3.2809952687 	 -0.0000715131 	 0.0000000042 
186.0000000000 	 -0.0748316662 	 3.2909504311 	 -0.0000697821 	 -0.0000000059 
186.5000000000 	 -0.0727028232 	 3.3016787200 	 -0.0000677969 	 -0.0000000248 
187.0000000000 	 -0.0704448209 	 3.3104148580 	 -0.0000656913 	 -0.0000000393 
187.5000000000 	 -0.0680673355 	 3.3181352899 	 -0.0000634742 	 -0.0000000494 
188.0000000000 	 -0.0655560245 	 3.3230840609 	 -0.0000611324 	 -0.0000000608 
188.5000000000 	 -0.0629391867 	 3.3263748980 	 -0.0000586921 	 -0.0000000654 
189.0000000000 	 -0.0598963170 	 3.3279380149 	 -0.0000558546 	 -0.0000000756 
189.5000000000 	 -0.0567999219 	 3.3277553933 	 -0.0000529671 	 -0.0000000340 
190.0000000000 	 -0.0536768770 	 3.3232841104 	 -0.0000500548 	 -0.0000000099 
190.5000000000 	 -0.0502506872 	 3.3185025220 	 -0.0000468598 	 0.0000000147 
191.0000000000 	 -0.0463707205 	 3.3131665423 	 -0.0000432417 	 0.0000000519 
191.5000000000 	 -0.0426051123 	 3.3035535994 	 -0.0000397302 	 0.0000000515 
192.0000000000 	 -0.0385502302 	 3.2912427962 	 -0.0000359489 	 0.0000000519 
192.5000000000 	 -0.0344749051 	 3.2782895803 	 -0.0000321486 	 0.0000000478 
193.0000000000 	 -0.0299304676 	 3.2642228261 	 -0.0000279108 	 0.0000000408 
193.5000000000 	 -0.0251726283 	 3.2480446756 	 -0.0000234740 	 0.0000000383 
194.0000000000 	 -0.0202897367 	 3.2296499181 	 -0.0000189206 	 0.0000000406 
194.5000000000 	 -0.0152201203 	 3.2078221985 	 -0.0000141931 	 0.0000000369 
195.0000000000 	 -0.0098788129 	 3.1861968872 	 -0.0000092122 	 0.0000000377 
195.5000000000 	 -0.0042885003 	 3.1638547934 	 -0.0000039991 	 0.0000000353 
196.0000000000 	 0.0015056565 	 3.1402506565 	 0.0000014041 	 0.0000000308 
196.5000000000 	 0.0074656802 	 3.1158507540 	 0.0000069619 	 0.0000000228 
197.0000000000 	 0.0136451412 	 3.0922288217 	 0.0000127244 	 0.0000000181 
197.5000000000 	 0.0198952799 	 3.0665158630 	 0.0000185528 	 -0.0000000080 
198.0000000000 	 0.0261370791 	 3.0418648666 	 0.0000243734 	 -0.0000000188 
198.5000000000 	 0.0323761882 	 3.0192309116 	 0.0000301915 	 -0.0000000243 
199.0000000000 	 0.0385488090 	 2.9952901350 	 0.0000359476 	 -0.0000000264 
199.5000000000 	 0.0445620623 	 2.9733396804 	 0.0000415551 	 -0.0000000225 
200.0000000000 	 0.0505579905 	 2.9535383031 	 0.0000471464 	 -0.0000000132 
200.5000000000 	 0.0562236153 	 2.9330339266 	 0.0000524297 	 -0.0000000087 
201.0000000000 	 0.0617377290 	 2.9152667144 	 0.0000575718 	 0.0000000006 
201.5000000000 	 0.0668120508 	 2.8977919969 	 0.0000623037 	 -0.0000000010 
202.0000000000 	 0.0715209818 	 2.8814764676 	 0.0000666948 	 0.0000000043 
202.5000000000 	 0.0758421658 	 2.8668570394 	 0.0000707244 	 0.0000000050 
203.0000000000 	 0.0796793044 	 2.8532747694 	 0.0000743027 	 -0.0000000070 
203.5000000000 	 0.0829773759 	 2.8407435396 	 0.0000773782 	 -0.0000000086 
204.0000000000 	 0.0857424491 	 2.8304406999 	 0.0000799567 	 -0.0000000039 
204.5000000000 	 0.0879121564 	 2.8202672404 	 0.0000819800 	 0.0000000089 
205.0000000000 	 0.0894265437 	 2.8111360962 	 0.0000833922 	 -0.0000000002 
205.5000000000 	 0.0903610281 	 2.8051450529 	 0.0000842636 	 -0.0000000129 
206.0000000000 	 0.0906472714 	 2.8000262065 	 0.0000845305 	 -0.0000000203 
206.5000000000 	 0.0903281144 	 2.7985369989 	 0.0000842329 	 -0.0000000373 
207.0000000000 	 0.0894700869 	 2.7959272998 	 0.0000834328 	 -0.0000000487 
207.5000000000 	 0.0880783901 	 2.7954516482 	 0.0000821350 	 -0.0000000457 
208.0000000000 	 0.0861250183 	 2.7954460453 	 0.0000803134 	 -0.0000000396 
208.5000000000 	 0.0837038484 	 2.7965447086 	 0.0000780556 	 -0.0000000221 
209.0000000000 	 0.0808386211 	 2.7981941872 	 0.0000753837 	 -0.0000000139 
209.5000000000 	 0.0774992240 	 2.8003999952 	 0.0000722697 	 -0.0000000218 
210.0000000000 	 0.0738662474 	 2.8045287423 	 0.0000688819 	 -0.0000000104 
210.5000000000 	 0.0699218793 	 2.8091260294 	 0.0000652036 	 -0.0000000139 
211.0000000000 	 0.0657481876 	 2.8143295828 	 0.0000613116 	 -0.0000000088 
211.5000000000 	 0.0614870913 	 2.8217880760 	 0.0000573380 	 -0.0000000146 
212.0000000000 	 0.0569146420 	 2.8257524056 	 0.0000530741 	 -0.0000000356 
212.5000000000 	 0.0524017429 	 2.8312047795 	 0.0000488657 	 -0.0000000374 
213.0000000000 	 0.0478299377 	 2.8373373292 	 0.0000446024 	 -0.0000000313 
213.5000000000 	 0.0432883131 	 2.8416873708 	 0.0000403673 	 -0.0000000292 
214.0000000000 	 0.0388060355 	 2.8463821123 	 0.0000361875 	 -0.0000000234 
214.5000000000 	 0.0343158330 	 2.8514423315 	 0.0000320002 	 -0.0000000255 
215.0000000000 	 0.0299843283 	 2.8538511490 	 0.0000279610 	 -0.0000000222 
215.5000000000 	 0.0257650170 	 2.8576054485 	 0.0000240264 	 -0.0000000231 
216.0000000000 	 0.0216182404 	 2.8585828404 	 0.0000201595 	 -0.0000000241 
216.5000000000 	 0.0176846778 	 2.8581951365 	 0.0000164913 	 -0.0000000238 
217.0000000000 	 0.0138112524 	 2.8587247205 	 0.0000128793 	 -0.0000000233 
217.5000000000 	 0.0102112320 	 2.8562889793 	 0.0000095222 	 -0.0000000206 
218.0000000000 	 0.0067435952 	 2.8517346294 	 0.0000062885 	 -0.0000000145 
218.5000000000 	 0.0034187721 	 2.8458326426 	 0.0000031881 	 -0.0000000077 
219.0000000000 	 0.0002482827 	 2.8381359677 	 0.0000002315 	 -0.0000000020 
219.5000000000 	 -0.0028627494 	 2.8308858511 	 -0.0000026696 	 0.0000000006 
220.0000000000 	 -0.0057719261 	 2.8210242345 	 -0.0000053824 	 0.0000000005 
220.5000000000 	 -0.0085354997 	 2.8110567315 	 -0.0000079595 	 0.0000000019 
221.0000000000 	 -0.0111563539 	 2.7977710711 	 -0.0000104035 	 0.0000000051 
221.5000000000 	 -0.0136550426 	 2.7852699764 	 -0.0000127336 	 0.0000000090 
222.0000000000 	 -0.0161056899 	 2.7696057312 	 -0.0000150189 	 0.0000000071 
222.5000000000 	 -0.0184435011 	 2.7530742358 	 -0.0000171990 	 0.0000000111 
223.0000000000 	 -0.0207177582 	 2.7363618217 	 -0.0000193197 	 0.0000000125 
223.5000000000 	 -0.0229499670 	 2.7203688911 	 -0.0000214013 	 0.0000000145 
224.0000000000 	 -0.0250050863 	 2.7015424742 	 -0.0000233178 	 0.0000000247 
224.5000000000 	 -0.0269693852 	 2.6839112742 	 -0.0000251495 	 0.0000000204 
225.0000000000 	 -0.0289407900 	 2.6677093332 	 -0.0000269879 	 0.0000000192 
225.5000000000 	 -0.0307930599 	 2.6519382386 	 -0.0000287152 	 0.0000000196 
226.0000000000 	 -0.0324751280 	 2.6363880876 	 -0.0000302837 	 0.0000000088 
226.5000000000 	 -0.0340999216 	 2.6211811385 	 -0.0000317989 	 -0.0000000005 
227.0000000000 	 -0.0356167193 	 2.6062355342 	 -0.0000332133 	 -0.0000000068 
227.5000000000 	 -0.0369880903 	 2.5922706170 	 -0.0000344922 	 -0.0000000068 
228.0000000000 	 -0.0383241593 	 2.5797014206 	 -0.0000357381 	 0.0000000032 
228.5000000000 	 -0.0395930248 	 2.5680931952 	 -0.0000369213 	 -0.0000000061 
229.0000000000 	 -0.0407658422 	 2.5580398807 	 -0.0000380150 	 0.0000000063 
229.5000000000 	 -0.0418915827 	 2.5484636096 	 -0.0000390648 	 0.0000000055 
230.0000000000 	 -0.0427373029 	 2.5387725978 	 -0.0000398534 	 -0.0000000058 
230.5000000000 	 -0.0435493649 	 2.5311717421 	 -0.0000406107 	 -0.0000000071 
231.0000000000 	 -0.0443208402 	 2.5256807351 	 -0.0000413301 	 -0.0000000014 
231.5000000000 	 -0.0448942569 	 2.5221528266 	 -0.0000418649 	 0.0000000106 
232.0000000000 	 -0.0453485208 	 2.5204869214 	 -0.0000422885 	 0.0000000082 
232.5000000000 	 -0.0456760340 	 2.5202791039 	 -0.0000425939 	 0.0000000090 
233.0000000000 	 -0.0459298089 	 2.5198919076 	 -0.0000428305 	 0.0000000149 
233.5000000000 	 -0.0460848673 	 2.5218692275 	 -0.0000429751 	 0.0000000092 
234.0000000000 	 -0.0460825208 	 2.5232587873 	 -0.0000429729 	 -0.0000000078 
234.5000000000 	 -0.0460106734 	 2.5256117777 	 -0.0000429059 	 0.0000000114 
235.0000000000 	 -0.0458865132 	 2.5280945835 	 -0.0000427902 	 0.0000000104 
235.5000000000 	 -0.0456583790 	 2.5317229822 	 -0.0000425774 	 0.0000000069 
236.0000000000 	 -0.0453147063 	 2.5353323766 	 -0.0000422569 	 -0.0000000039 
236.5000000000 	 -0.0448350837 	 2.5395435474 	 -0.0000418097 	 -0.0000000180 
237.0000000000 	 -0.0442435625 	 2.5455461975 	 -0.0000412581 	 -0.0000000124 
237.5000000000 	 -0.0435828604 	 2.5496970086 	 -0.0000406419 	 -0.0000000102 
238.0000000000 	 -0.0428455940 	 2.5548009875 	 -0.0000399544 	 -0.0000000028 
238.5000000000 	 -0.0420299514 	 2.5584932480 	 -0.0000391938 	 -0.0000000016 
239.0000000000 	 -0.0410978330 	 2.5614099533 	 -0.0000383246 	 0.0000000034 
239.5000000000 	 -0.0400619337 	 2.5621804480 	 -0.0000373586 	 0.0000000102 
240.0000000000 	 -0.0389073024 	 2.5635414531 	 -0.0000362819 	 0.0000000137 
240.5000000000 	 -0.0376280718 	 2.5639539691 	 -0.0000350890 	 0.0000000159 
241.0000000000 	 -0.0362447424 	 2.5646663614 	 -0.0000337990 	 0.0000000125 
241.5000000000 	 -0.0346773699 	 2.5628556698 	 -0.0000323374 	 0.0000000161 
242.0000000000 	 -0.0329973624 	 2.5599166732 	 -0.0000307707 	 0.0000000184 
242.5000000000 	 -0.0311259606 	 2.5556513444 	 -0.0000290256 	 0.0000000226 
243.0000000000 	 -0.0288797905 	 2.5503844687 	 -0.0000269310 	 0.0000000318 
243.5000000000 	 -0.0266719273 	 2.5451019609 	 -0.0000248721 	 0.0000000285 
244.0000000000 	 -0.0244094546 	 2.5373695036 	 -0.0000227623 	 0.0000000180 
244.5000000000 	 -0.0220019102 	 2.5276480846 	 -0.0000205172 	 0.0000000218 
245.0000000000 	 -0.0193555055 	 2.5205543485 	 -0.0000180494 	 0.0000000197 
245.5000000000 	 -0.0166014696 	 2.5107771088 	 -0.0000154812 	 0.0000000220 
246.0000000000 	 -0.0136773694 	 2.5005319004 	 -0.0000127544 	 0.0000000232 
246.5000000000 	 -0.0106263080 	 2.4885373269 	 -0.0000099093 	 0.0000000226 
247.0000000000 	 -0.0074081722 	 2.4757282250 	 -0.0000069083 	 0.0000000242 
247.5000000000 	 -0.0040413889 	 2.4626554129 	 -0.0000037687 	 0.0000000234 
248.0000000000 	 -0.0005625250 	 2.4495117095 	 -0.0000005246 	 0.0000000233 
248.5000000000 	 0.0029317625 	 2.4356453533 	 0.0000027339 	 0.0000000226 
249.0000000000 	 0.0065995409 	 2.4232385192 	 0.0000061542 	 0.0000000185 
249.5000000000 	 0.0102329837 	 2.4101541697 	 0.0000095425 	 0.0000000174 
250.0000000000 	 0.0138820923 	 2.3956554839 	 0.0000129453 	 0.0000000148 
250.5000000000 	 0.0175475042 	 2.3821615547 	 0.0000163634 	 0.0000000112 
251.0000000000 	 0.0210693421 	 2.3688326673 	 0.0000196476 	 0.0000000101 
251.5000000000 	 0.0246309104 	 2.3550738417 	 0.0000229689 	 0.0000000025 
252.0000000000 	 0.0279839899 	 2.3428781765 	 0.0000260957 	 0.0000000026 
252.5000000000 	 0.0311645536 	 2.3309874754 	 0.0000290616 	 0.0000000030 
253.0000000000 	 0.0342143854 	 2.3214218222 	 0.0000319056 	 0.0000000018 
253.5000000000 	 0.0370140397 	 2.3112879943 	 0.0000345164 	 -0.0000000010 
254.0000000000 	 0.0395890924 	 2.3017148520 	 0.0000369177 	 -0.0000000040 
254.5000000000 	 0.0418841182 	 2.2932699414 	 0.0000390578 	 -0.0000000041 
255.0000000000 	 0.0438249448 	 2.2846219120 	 0.0000408677 	 -0.0000000056 
255.5000000000 	 0.0455246462 	 2.2777863870 	 0.0000424527 	 -0.0000000055 
256.0000000000 	 0.0469342832 	 2.2713631207 	 0.0000437672 	 -0.0000000070 
256.5000000000 	 0.0479731164 	 2.2653359983 	 0.0000447360 	 -0.0000000090 
257.0000000000 	 0.0486958547 	 2.2597432438 	 0.0000454099 	 -0.0000000120 
257.5000000000 	 0.0491338097 	 2.2559362845 	 0.0000458183 	 -0.0000000072 
258.0000000000 	 0.0491622384 	 2.2511714895 	 0.0000458448 	 -0.0000000112 
258.5000000000 	 0.0488922940 	 2.2485017360 	 0.0000455931 	 -0.0000000134 
259.0000000000 	 0.0483052523 	 2.2466820063 	 0.0000450457 	 -0.0000000130 
259.5000000000 	 0.0474605322 	 2.2450787525 	 0.0000442580 	 -0.0000000120 
260.0000000000 	 0.0463073585 	 2.2435103082 	 0.0000431826 	 -0.0000000181 
260.5000000000 	 0.0449306924 	 2.2427522946 	 0.0000418988 	 -0.0000000191 
261.0000000000 	 0.0433172117 	 2.2437244602 	 0.0000403942 	 -0.0000000195 
261.5000000000 	 0.0415643806 	 2.2446862795 	 0.0000387597 	 -0.0000000231 
262.0000000000 	 0.0396400197 	 2.2461212455 	 0.0000369652 	 -0.0000000236 
262.5000000000 	 0.0375402968 	 2.2473430365 	 0.0000350071 	 -0.0000000230 
263.0000000000 	 0.0353155572 	 2.2494214185 	 0.0000329325 	 -0.0000000222 
263.5000000000 	 0.0330377831 	 2.2512596322 	 0.0000308084 	 -0.0000000217 
264.0000000000 	 0.0307251521 	 2.2537433887 	 0.0000286519 	 -0.0000000224 
264.5000000000 	 0.0283216558 	 2.2557314146 	 0.0000264105 	 -0.0000000219 
265.0000000000 	 0.0259654599 	 2.2580644428 	 0.0000242133 	 -0.0000000224 
265.5000000000 	 0.0236379495 	 2.2591794930 	 0.0000220429 	 -0.0000000161 
266.0000000000 	 0.0213110045 	 2.2605653397 	 0.0000198730 	 -0.0000000163 
266.5000000000 	 0.0190372943 	 2.2610465960 	 0.0000177527 	 -0.0000000163 
267.0000000000 	 0.0168055320 	 2.2614788408 	 0.0000156715 	 -0.0000000164 
267.5000000000 	 0.0145640870 	 2.2612107468 	 0.0000135813 	 -0.0000000092 
268.0000000000 	 0.0124829984 	 2.2615162196 	 0.0000116407 	 -0.0000000032 
268.5000000000 	 0.0104565322 	 2.2608967789 	 0.0000097509 	 -0.0000000010 
269.0000000000 	 0.0085130380 	 2.2583067549 	 0.0000079386 	 0.0000000069 
269.5000000000 	 0.0066419465 	 2.2561582533 	 0.0000061938 	 0.0000000094 
270.0000000000 	 0.0048680586 	 2.2530391488 	 0.0000045396 	 0.0000000076 
270.5000000000 	 0.0031706716 	 2.2491859856 	 0.0000029567 	 0.0000000045 
271.0000000000 	 0.0015450012 	 2.2444234687 	 0.0000014407 	 0.0000000067 
271.5000000000 	 -0.0000137273 	 2.2392023365 	 -0.0000000128 	 0.0000000016 
272.0000000000 	 -0.0015126042 	 2.2316459719 	 -0.0000014105 	 0.0000000104 
272.5000000000 	 -0.0029614931 	 2.2236669693 	 -0.0000027617 	 0.0000000077 
273.0000000000 	 -0.0043405341 	 2.2153996558 	 -0.0000040476 	 0.0000000084 
273.5000000000 	 -0.0056978479 	 2.2079487434 	 -0.0000053134 	 0.0000000062 
274.0000000000 	 -0.0070507473 	 2.1995114835 	 -0.0000065750 	 0.0000000039 
274.5000000000 	 -0.0082711838 	 2.1899328765 	 -0.0000077131 	 -0.0000000001 
275.0000000000 	 -0.0094294438 	 2.1795674977 	 -0.0000087932 	 -0.0000000016 
275.5000000000 	 -0.0105878545 	 2.1700202287 	 -0.0000098734 	 0.0000000028 
276.0000000000 	 -0.0117705752 	 2.1601238268 	 -0.0000109763 	 0.0000000222 
276.5000000000 	 -0.0128452245 	 2.1499637805 	 -0.0000119784 	 0.0000000118 
277.0000000000 	 -0.0138461481 	 2.1391567165 	 -0.0000129118 	 0.0000000006 
277.5000000000 	 -0.0148802304 	 2.1303720274 	 -0.0000138761 	 0.0000000072 
278.0000000000 	 -0.0158258603 	 2.1200703604 	 -0.0000147580 	 0.0000000082 
278.5000000000 	 -0.0167218512 	 2.1105255401 	 -0.0000155935 	 0.0000000118 
279.0000000000 	 -0.0175767361 	 2.1024145108 	 -0.0000163907 	 0.0000000081 
279.5000000000 	 -0.0184679842 	 2.0942274256 	 -0.0000172218 	 -0.0000000017 
280.0000000000 	 -0.0192730809 	 2.0872727617 	 -0.0000179726 	 0.0000000018 
280.5000000000 	 -0.0199740083 	 2.0798630539 	 -0.0000186262 	 0.0000000009 
281.0000000000 	 -0.0207130318 	 2.0739155186 	 -0.0000193153 	 -0.0000000046 
281.5000000000 	 -0.0213387659 	 2.0678773879 	 -0.0000198989 	 0.0000000005 
282.0000000000 	 -0.0219845752 	 2.0635791560 	 -0.0000205011 	 -0.0000000053 
282.5000000000 	 -0.0225315925 	 2.0587723073 	 -0.0000210112 	 -0.0000000022 
283.0000000000 	 -0.0230281115 	 2.0554835008 	 -0.0000214742 	 -0.0000000093 
283.5000000000 	 -0.0234788441 	 2.0526515389 	 -0.0000218945 	 -0.0000000188 
284.0000000000 	 -0.0238862903 	 2.0512551844 	 -0.0000222745 	 -0.0000000197 
284.5000000000 	 -0.0242366404 	 2.0492706886 	 -0.0000226012 	 -0.0000000200 
285.0000000000 	 -0.0245189902 	 2.0482671323 	 -0.0000228645 	 -0.0000000198 
285.5000000000 	 -0.0247838510 	 2.0483735505 	 -0.0000231115 	 -0.0000000133 
286.0000000000 	 -0.0249925599 	 2.0481798338 	 -0.0000233061 	 -0.0000000066 
286.5000000000 	 -0.0251418015 	 2.0483921741 	 -0.0000234453 	 -0.0000000076 
287.0000000000 	 -0.0252437541 	 2.0488305487 	 -0.0000235403 	 -0.0000000113 
287.5000000000 	 -0.0252806261 	 2.0501710494 	 -0.0000235747 	 -0.0000000092 
288.0000000000 	 -0.0252691281 	 2.0514005226 	 -0.0000235640 	 -0.0000000077 
288.5000000000 	 -0.0251938357 	 2.0523570875 	 -0.0000234938 	 -0.0000000006 
289.0000000000 	 -0.0250833500 	 2.0538945078 	 -0.0000233908 	 0.0000000059 
289.5000000000 	 -0.0249147502 	 2.0554099956 	 -0.0000232335 	 0.0000000005 
290.0000000000 	 -0.0246748655 	 2.0564915644 	 -0.0000230098 	 -0.0000000047 
290.5000000000 	 -0.0243774610 	 2.0572826350 	 -0.0000227325 	 -0.0000000009 
291.0000000000 	 -0.0239834441 	 2.0578239674 	 -0.0000223651 	 0.0000000050 
291.5000000000 	 -0.0235194000 	 2.0580085554 	 -0.0000219323 	 0.0000000094 
292.0000000000 	 -0.0229932947 	 2.0579412782 	 -0.0000214417 	 0.0000000064 
292.5000000000 	 -0.0223751695 	 2.0569221228 	 -0.0000208653 	 0.0000000070 
293.0000000000 	 -0.0216546127 	 2.0551850221 	 -0.0000201934 	 0.0000000157 
293.5000000000 	 -0.0206750080 	 2.0527691511 	 -0.0000192799 	 0.0000000118 
294.0000000000 	 -0.0197910401 	 2.0500833988 	 -0.0000184556 	 0.0000000107 
294.5000000000 	 -0.0187404799 	 2.0476904775 	 -0.0000174759 	 0.0000000100 
295.0000000000 	 -0.0176414570 	 2.0434356771 	 -0.0000164510 	 0.0000000103 
295.5000000000 	 -0.0164375700 	 2.0386648252 	 -0.0000153284 	 0.0000000086 
296.0000000000 	 -0.0151363895 	 2.0342797453 	 -0.0000141150 	 0.0000000085 
296.5000000000 	 -0.0137171983 	 2.0289743416 	 -0.0000127916 	 0.0000000098 
297.0000000000 	 -0.0121473133 	 2.0247631983 	 -0.0000113276 	 0.0000000112 
297.5000000000 	 -0.0105006750 	 2.0185501801 	 -0.0000097921 	 0.0000000120 
298.0000000000 	 -0.0087517713 	 2.0119611285 	 -0.0000081612 	 0.0000000137 
298.5000000000 	 -0.0069076409 	 2.0046238617 	 -0.0000064415 	 0.0000000151 
299.0000000000 	 -0.0049937352 	 1.9976537599 	 -0.0000046568 	 0.0000000140 
299.5000000000 	 -0.0030078777 	 1.9901016095 	 -0.0000028049 	 0.0000000120 
300.0000000000 	 -0.0009647085 	 1.9827283269 	 -0.0000008996 	 0.0000000095 
300.5000000000 	 0.0010996043 	 1.9756803750 	 0.0000010254 	 0.0000000119 
301.0000000000 	 0.0032104673 	 1.9667197028 	 0.0000029938 	 0.0000000115 
301.5000000000 	 0.0053466967 	 1.9597548542 	 0.0000049859 	 0.0000000069 
302.0000000000 	 0.0074271585 	 1.9530422850 	 0.0000069260 	 0.0000000045 
302.5000000000 	 0.0095457051 	 1.9451884037 	 0.0000089016 	 0.0000000003 
303.0000000000 	 0.0115627517 	 1.9380248592 	 0.0000107825 	 0.0000000007 
303.5000000000 	 0.0135050651 	 1.9301727271 	 0.0000125938 	 -0.0000000005 
304.0000000000 	 0.0153892940 	 1.9228708496 	 0.0000143508 	 0.0000000046 
304.5000000000 	 0.0171451666 	 1.9152316412 	 0.0000159882 	 0.0000000051 
305.0000000000 	 0.0188085941 	 1.9094879040 	 0.0000175394 	 0.0000000053 
305.5000000000 	 0.0203205897 	 1.9031680522 	 0.0000189494 	 0.0000000056 
306.0000000000 	 0.0216727434 	 1.8978989494 	 0.0000202103 	 0.0000000055 
306.5000000000 	 0.0228822370 	 1.8930761261 	 0.0000213382 	 0.0000000038 
307.0000000000 	 0.0239203608 	 1.8884191963 	 0.0000223062 	 0.0000000015 
307.5000000000 	 0.0247693318 	 1.8843506868 	 0.0000230979 	 0.0000000022 
308.0000000000 	 0.0254576633 	 1.8802406665 	 0.0000237398 	 -0.0000000012 
308.5000000000 	 0.0259648529 	 1.8767812275 	 0.0000242128 	 -0.0000000038 
309.0000000000 	 0.0262771645 	 1.8733780658 	 0.0000245040 	 -0.0000000056 
309.5000000000 	 0.0264355689 	 1.8707186193 	 0.0000246517 	 -0.0000000079 
310.0000000000 	 0.0264097428 	 1.8683557182 	 0.0000246277 	 -0.0000000092 
310.5000000000 	 0.0262089525 	 1.8669754445 	 0.0000244404 	 -0.0000000091 
311.0000000000 	 0.0258063923 	 1.8641901339 	 0.0000240650 	 -0.0000000073 
311.5000000000 	 0.0253101574 	 1.8631476462 	 0.0000236023 	 -0.0000000080 
312.0000000000 	 0.0246693401 	 1.8622029117 	 0.0000230047 	 -0.0000000087 
312.5000000000 	 0.0239131765 	 1.8610031086 	 0.0000222995 	 -0.0000000084 
313.0000000000 	 0.0230708713 	 1.8604673896 	 0.0000215141 	 -0.0000000078 
313.5000000000 	 0.0221013621 	 1.8595316307 	 0.0000206100 	 -0.0000000103 
314.0000000000 	 0.0210673856 	 1.8593897010 	 0.0000196458 	 -0.0000000167 
314.5000000000 	 0.0199843792 	 1.8601400582 	 0.0000186359 	 -0.0000000120 
315.0000000000 	 0.0188456987 	 1.8602330271 	 0.0000175740 	 -0.0000000091 
315.5000000000 	 0.0176855339 	 1.8606232600 	 0.0000164921 	 -0.0000000061 
316.0000000000 	 0.0164268837 	 1.8603575671 	 0.0000153184 	 -0.0000000074 
316.5000000000 	 0.0152294845 	 1.8607309603 	 0.0000142018 	 -0.0000000123 
317.0000000000 	 0.0140128816 	 1.8609374913 	 0.0000130673 	 -0.0000000060 
317.5000000000 	 0.0128190308 	 1.8603381312 	 0.0000119540 	 -0.0000000041 
318.0000000000 	 0.0116371449 	 1.8603825154 	 0.0000108519 	 0.0000000010 
318.5000000000 	 0.0104661973 	 1.8607459278 	 0.0000097600 	 0.0000000003 
319.0000000000 	 0.0093567626 	 1.8605729953 	 0.0000087254 	 -0.0000000002 
319.5000000000 	 0.0082714349 	 1.8599637279 	 0.0000077133 	 0.0000000005 
320.0000000000 	 0.0072211824 	 1.8586625849 	 0.0000067339 	 -0.0000000036 
320.5000000000 	 0.0062087336 	 1.8568269006 	 0.0000057898 	 -0.0000000061 
321.0000000000 	 0.0052156447 	 1.8543146712 	 0.0000048637 	 -0.0000000077 
321.5000000000 	 0.0042872050 	 1.8512124737 	 0.0000039979 	 -0.0000000037 
322.0000000000 	 0.0033934052 	 1.8480614985 	 0.0000031644 	 -0.0000000027 
322.5000000000 	 0.0025083370 	 1.8448421184 	 0.0000023391 	 -0.0000000036 
323.0000000000 	 0.0016831591 	 1.8403130544 	 0.0000015696 	 -0.0000000065 
323.5000000000 	 0.0008942284 	 1.8360022791 	 0.0000008339 	 -0.0000000060 
324.0000000000 	 0.0001129683 	 1.8321675396 	 0.0000001053 	 -0.0000000080 
324.5000000000 	 -0.0006196477 	 1.8275718311 	 -0.0000005778 	 -0.0000000093 
325.0000000000 	 -0.0013357094 	 1.8227376602 	 -0.0000012456 	 -0.0000000078 
325.5000000000 	 -0.0020055367 	 1.8176384303 	 -0.0000018702 	 -0.0000000082 
326.0000000000 	 -0.0026681697 	 1.8118754168 	 -0.0000024881 	 -0.0000000102 
326.5000000000 	 -0.0033129563 	 1.8061027478 	 -0.0000030894 	 -0.0000000096 
327.0000000000 	 -0.0039524253 	 1.8006260414 	 -0.0000036857 	 -0.0000000086 
327.5000000000 	 -0.0045586732 	 1.7948933011 	 -0.0000042511 	 -0.0000000058 
328.0000000000 	 -0.0051663839 	 1.7890589164 	 -0.0000048178 	 -0.0000000031 
328.5000000000 	 -0.0057999467 	 1.7841339801 	 -0.0000054086 	 -0.0000000010 
329.0000000000 	 -0.0064188013 	 1.7782569627 	 -0.0000059857 	 0.0000000068 
329.5000000000 	 -0.0069712706 	 1.7725931370 	 -0.0000065009 	 0.0000000071 
330.0000000000 	 -0.0074995809 	 1.7672127372 	 -0.0000069935 	 0.0000000053 
330.5000000000 	 -0.0080088779 	 1.7618124241 	 -0.0000074684 	 0.0000000024 
331.0000000000 	 -0.0084967394 	 1.7567243823 	 -0.0000079234 	 0.0000000028 
331.5000000000 	 -0.0090128594 	 1.7528409083 	 -0.0000084047 	 0.0000000005 
332.0000000000 	 -0.0094823880 	 1.7484926453 	 -0.0000088425 	 -0.0000000036 
332.5000000000 	 -0.0099388209 	 1.7447534602 	 -0.0000092682 	 -0.0000000053 
333.0000000000 	 -0.0103722865 	 1.7404654375 	 -0.0000096724 	 -0.0000000061 
333.5000000000 	 -0.0107846024 	 1.7371482359 	 -0.0000100569 	 -0.0000000058 
334.0000000000 	 -0.0111586861 	 1.7336854058 	 -0.0000104057 	 -0.0000000047 
334.5000000000 	 -0.0115377071 	 1.7311580812 	 -0.0000107592 	 -0.0000000010 
335.0000000000 	 -0.0119183947 	 1.7290818186 	 -0.0000111142 	 -0.0000000035 
335.5000000000 	 -0.0122619969 	 1.7271419827 	 -0.0000114346 	 -0.0000000009 
336.0000000000 	 -0.0125749951 	 1.7250867613 	 -0.0000117264 	 -0.0000000030 
336.5000000000 	 -0.0128671004 	 1.7240592222 	 -0.0000119988 	 0.0000000043 
337.0000000000 	 -0.0131337784 	 1.7224786467 	 -0.0000122475 	 -0.0000000005 
337.5000000000 	 -0.0133748183 	 1.7220864899 	 -0.0000124723 	 -0.0000000020 
338.0000000000 	 -0.0135890929 	 1.7217275266 	 -0.0000126721 	 -0.0000000040 
338.5000000000 	 -0.0137655086 	 1.7214498732 	 -0.0000128366 	 -0.0000000062 
339.0000000000 	 -0.0139180625 	 1.7213498183 	 -0.0000129789 	 -0.0000000058 
339.5000000000 	 -0.0140522855 	 1.7212466313 	 -0.0000131041 	 -0.0000000057 
340.0000000000 	 -0.0141492359 	 1.7207218364 	 -0.0000131945 	 -0.0000000031 
340.5000000000 	 -0.0142021396 	 1.7208303194 	 -0.0000132438 	 -0.0000000024 
341.0000000000 	 -0.0142414238 	 1.7211462226 	 -0.0000132804 	 0.0000000019 
341.5000000000 	 -0.0142282004 	 1.7210050988 	 -0.0000132681 	 0.0000000060 
342.0000000000 	 -0.0141879449 	 1.7206729143 	 -0.0000132306 	 0.0000000065 
342.5000000000 	 -0.0141033692 	 1.7196811792 	 -0.0000131517 	 0.0000000057 
343.0000000000 	 -0.0139492906 	 1.7185067953 	 -0.0000130080 	 0.0000000058 
343.5000000000 	 -0.0136718245 	 1.7165469784 	 -0.0000127493 	 0.0000000041 
344.0000000000 	 -0.0134264695 	 1.7161815262 	 -0.0000125205 	 0.0000000045 
344.5000000000 	 -0.0131129680 	 1.7149814597 	 -0.0000122281 	 0.0000000083 
345.0000000000 	 -0.0127448418 	 1.7135721600 	 -0.0000118848 	 0.0000000079 
345.5000000000 	 -0.0123149341 	 1.7119087904 	 -0.0000114839 	 0.0000000079 
346.0000000000 	 -0.0118310266 	 1.7092583437 	 -0.0000110327 	 0.0000000071 
346.5000000000 	 -0.0112577067 	 1.7074063521 	 -0.0000104980 	 0.0000000076 
347.0000000000 	 -0.0106264819 	 1.7055215018 	 -0.0000099094 	 0.0000000069 
347.5000000000 	 -0.0098864064 	 1.7021221722 	 -0.0000092193 	 0.0000000058 
348.0000000000 	 -0.0091218145 	 1.6986987306 	 -0.0000085063 	 0.0000000063 
348.5000000000 	 -0.0082862825 	 1.6946565201 	 -0.0000077271 	 0.0000000053 
349.0000000000 	 -0.0073543912 	 1.6915643812 	 -0.0000068581 	 0.0000000050 
349.5000000000 	 -0.0063837424 	 1.6876946461 	 -0.0000059530 	 0.0000000026 
350.0000000000 	 -0.0053316429 	 1.6840175663 	 -0.0000049719 	 0.0000000028 
350.5000000000 	 -0.0042504181 	 1.6799112789 	 -0.0000039636 	 0.0000000025 
351.0000000000 	 -0.0031246592 	 1.6749470181 	 -0.0000029138 	 0.0000000034 
351.5000000000 	 -0.0019848459 	 1.6713938216 	 -0.0000018509 	 0.0000000057 
352.0000000000 	 -0.0007793558 	 1.6680253159 	 -0.0000007268 	 0.0000000158 
352.5000000000 	 0.0004134236 	 1.6640563126 	 0.0000003855 	 0.0000000151 
353.0000000000 	 0.0016196127 	 1.6598308844 	 0.0000015103 	 0.0000000191 
353.5000000000 	 0.0028143120 	 1.6552155821 	 0.0000026244 	 0.0000000185 
354.0000000000 	 0.0039996635 	 1.6508984939 	 0.0000037298 	 0.0000000172 
354.5000000000 	 0.0051747977 	 1.6471168151 	 0.0000048256 	 0.0000000152 
355.0000000000 	 0.0063003681 	 1.6424457848 	 0.0000058752 	 0.0000000141 
355.5000000000 	 0.0073703826 	 1.6379714335 	 0.0000068730 	 0.0000000137 
356.0000000000 	 0.0083826691 	 1.6340509649 	 0.0000078170 	 0.0000000073 
356.5000000000 	 0.0093402085 	 1.6301583081 	 0.0000087099 	 0.0000000065 
357.0000000000 	 0.0102272526 	 1.6264363780 	 0.0000095371 	 0.0000000050 
357.5000000000 	 0.0110295494 	 1.6226926264 	 0.0000102853 	 0.0000000036 
358.0000000000 	 0.0117450416 	 1.6194226056 	 0.0000109525 	 0.0000000025 
358.5000000000 	 0.0123721826 	 1.6162748560 	 0.0000115373 	 0.0000000004 
359.0000000000 	 0.0128993336 	 1.6135460891 	 0.0000120289 	 -0.0000000022 
359.5000000000 	 0.0133311998 	 1.6109937541 	 0.0000124316 	 -0.0000000010 
360.0000000000 	 0.0136679967 	 1.6088805726 	 0.0000127457 	 -0.0000000045 
360.5000000000 	 0.0139011472 	 1.6062412970 	 0.0000129631 	 -0.0000000051 
361.0000000000 	 0.0140398649 	 1.6042351829 	 0.0000130925 	 -0.0000000089 
361.5000000000 	 0.0140832260 	 1.6022682260 	 0.0000131329 	 -0.0000000103 
362.0000000000 	 0.0140435092 	 1.6006151774 	 0.0000130959 	 -0.0000000101 
362.5000000000 	 0.0139135974 	 1.5989400301 	 0.0000129747 	 -0.0000000109 
363.0000000000 	 0.0137053890 	 1.5976956797 	 0.0000127806 	 -0.0000000109 
363.5000000000 	 0.0134132768 	 1.5962787727 	 0.0000125082 	 -0.0000000105 
364.0000000000 	 0.0130565710 	 1.5948181620 	 0.0000121755 	 -0.0000000104 
364.5000000000 	 0.0126475104 	 1.5940547710 	 0.0000117941 	 -0.0000000106 
365.0000000000 	 0.0121845884 	 1.5932777687 	 0.0000113624 	 -0.0000000101 
365.5000000000 	 0.0116805620 	 1.5923310143 	 0.0000108924 	 -0.0000000101 
366.0000000000 	 0.0111422672 	 1.5915376655 	 0.0000103904 	 -0.0000000107 
366.5000000000 	 0.0105807959 	 1.5913162178 	 0.0000098668 	 -0.0000000095 
367.0000000000 	 0.0100000062 	 1.5908802452 	 0.0000093252 	 -0.0000000091 
367.5000000000 	 0.0094035061 	 1.5903957233 	 0.0000087690 	 -0.0000000088 
368.0000000000 	 0.0087745788 	 1.5896596901 	 0.0000081825 	 -0.0000000088 
368.5000000000 	 0.0081581105 	 1.5885356498 	 0.0000076076 	 -0.0000000085 
369.0000000000 	 0.0075455291 	 1.5875774060 	 0.0000070364 	 -0.0000000073 
369.5000000000 	 0.0069499517 	 1.5876063951 	 0.0000064810 	 -0.0000000080 
370.0000000000 	 0.0063609877 	 1.5869089072 	 0.0000059318 	 -0.0000000077 
370.5000000000 	 0.0057946332 	 1.5863610765 	 0.0000054036 	 -0.0000000073 
371.0000000000 	 0.0052284921 	 1.5856187074 	 0.0000048757 	 -0.0000000061 
371.5000000000 	 0.0046873041 	 1.5852788885 	 0.0000043710 	 -0.0000000063 
372.0000000000 	 0.0041644449 	 1.5842404691 	 0.0000038834 	 -0.0000000050 
372.5000000000 	 0.0036578676 	 1.5824578870 	 0.0000034110 	 -0.0000000039 
373.0000000000 	 0.0031777207 	 1.5806023920 	 0.0000029633 	 -0.0000000030 
373.5000000000 	 0.0027136808 	 1.5779531405 	 0.0000025306 	 -0.0000000032 
374.0000000000 	 0.0022331251 	 1.5756590776 	 0.0000020824 	 -0.0000000054 
374.5000000000 	 0.0018078332 	 1.5732357314 	 0.0000016858 	 -0.0000000032 
375.0000000000 	 0.0013977812 	 1.5705657827 	 0.0000013035 	 -0.0000000016 
375.5000000000 	 0.0010028332 	 1.5677116582 	 0.0000009352 	 -0.0000000014 
376.0000000000 	 0.0006221941 	 1.5649178656 	 0.0000005802 	 -0.0000000002 
376.5000000000 	 0.0002294807 	 1.5613834937 	 0.0000002140 	 -0.0000000039 
377.0000000000 	 -0.0001249301 	 1.5583724143 	 -0.0000001165 	 -0.0000000017 
377.5000000000 	 -0.0004839983 	 1.5556216307 	 -0.0000004513 	 -0.0000000028 
378.0000000000 	 -0.0008236960 	 1.5525664488 	 -0.0000007681 	 -0.0000000042 
378.5000000000 	 -0.0011557254 	 1.5487167510 	 -0.0000010777 	 -0.0000000038 
379.0000000000 	 -0.0014911044 	 1.5451750443 	 -0.0000013905 	 -0.0000000061 
379.5000000000 	 -0.0018210522 	 1.5413827383 	 -0.0000016982 	 -0.0000000074 
380.0000000000 	 -0.0021682125 	 1.5381097830 	 -0.0000020219 	 -0.0000000043 
380.5000000000 	 -0.0024843669 	 1.5344409996 	 -0.0000023167 	 -0.0000000051 
381.0000000000 	 -0.0028205304 	 1.5309075026 	 -0.0000026302 	 -0.0000000027 
381.5000000000 	 -0.0031306695 	 1.5278924450 	 -0.0000029194 	 -0.0000000028 
382.0000000000 	 -0.0034343307 	 1.5249384329 	 -0.0000032026 	 -0.0000000026 
382.5000000000 	 -0.0037368137 	 1.5220065991 	 -0.0000034847 	 -0.0000000020 
383.0000000000 	 -0.0040284383 	 1.5189504586 	 -0.0000037566 	 0.0000000000 
383.5000000000 	 -0.0042995992 	 1.5165771109 	 -0.0000040095 	 0.0000000005 
384.0000000000 	 -0.0046040683 	 1.5138433449 	 -0.0000042934 	 0.0000000011 
384.5000000000 	 -0.0048869162 	 1.5117587113 	 -0.0000045572 	 -0.0000000007 
385.0000000000 	 -0.0051415808 	 1.5098322386 	 -0.0000047946 	 -0.0000000028 
385.5000000000 	 -0.0054070245 	 1.5078317762 	 -0.0000050422 	 -0.0000000029 
386.0000000000 	 -0.0056689586 	 1.5061701755 	 -0.0000052864 	 -0.0000000038 
386.5000000000 	 -0.0059239018 	 1.5042061715 	 -0.0000055242 	 -0.0000000033 
387.0000000000 	 -0.0061706443 	 1.5021684802 	 -0.0000057543 	 -0.0000000023 
387.5000000000 	 -0.0064054090 	 1.5010920616 	 -0.0000059732 	 -0.0000000032 
388.0000000000 	 -0.0066238165 	 1.4991096626 	 -0.0000061768 	 -0.0000000030 
388.5000000000 	 -0.0068342527 	 1.4978441312 	 -0.0000063731 	 -0.0000000036 
389.0000000000 	 -0.0070316926 	 1.4968837677 	 -0.0000065572 	 -0.0000000012 
389.5000000000 	 -0.0072329670 	 1.4970745467 	 -0.0000067449 	 -0.0000000001 
390.0000000000 	 -0.0073999571 	 1.4966793975 	 -0.0000069006 	 -0.0000000009 
390.5000000000 	 -0.0075622266 	 1.4963310216 	 -0.0000070519 	 -0.0000000001 
391.0000000000 	 -0.0077098445 	 1.4960336000 	 -0.0000071896 	 0.0000000004 
391.5000000000 	 -0.0078406429 	 1.4953370699 	 -0.0000073116 	 -0.0000000001 
392.0000000000 	 -0.0079490182 	 1.4949124393 	 -0.0000074126 	 0.0000000003 
392.5000000000 	 -0.0080326082 	 1.4938490273 	 -0.0000074906 	 0.0000000013 
393.0000000000 	 -0.0080839647 	 1.4931397512 	 -0.0000075385 	 0.0000000017 
393.5000000000 	 -0.0081265668 	 1.4925475024 	 -0.0000075782 	 0.0000000007 
394.0000000000 	 -0.0081331704 	 1.4920666063 	 -0.0000075844 	 0.0000000023 
394.5000000000 	 -0.0081195902 	 1.4910459955 	 -0.0000075717 	 0.0000000018 
395.0000000000 	 -0.0080667865 	 1.4902554883 	 -0.0000075224 	 0.0000000031 
395.5000000000 	 -0.0079425519 	 1.4888263934 	 -0.0000074066 	 0.0000000044 
396.0000000000 	 -0.0078295979 	 1.4871938521 	 -0.0000073013 	 0.0000000040 
396.5000000000 	 -0.0076507574 	 1.4862013420 	 -0.0000071345 	 0.0000000040 
397.0000000000 	 -0.0074512504 	 1.4851360802 	 -0.0000069484 	 0.0000000052 
397.5000000000 	 -0.0072033820 	 1.4834672118 	 -0.0000067173 	 0.0000000063 
398.0000000000 	 -0.0069165847 	 1.4823251568 	 -0.0000064499 	 0.0000000062 
398.5000000000 	 -0.0065924809 	 1.4808603206 	 -0.0000061476 	 0.0000000044 
399.0000000000 	 -0.0062039100 	 1.4789366207 	 -0.0000057853 	 0.0000000064 
399.5000000000 	 -0.0058002081 	 1.4767924268 	 -0.0000054088 	 0.0000000058 
400.0000000000 	 -0.0053241423 	 1.4742560248 	 -0.0000049649 	 0.0000000057 
400.5000000000 	 -0.0048365698 	 1.4717759143 	 -0.0000045102 	 0.0000000067 
401.0000000000 	 -0.0042963252 	 1.4695772584 	 -0.0000040064 	 0.0000000074 
401.5000000000 	 -0.0037352182 	 1.4668065265 	 -0.0000034832 	 0.0000000078 
402.0000000000 	 -0.0031382120 	 1.4640344672 	 -0.0000029264 	 0.0000000078 
402.5000000000 	 -0.0025062256 	 1.4617435474 	 -0.0000023371 	 0.0000000073 
403.0000000000 	 -0.0018637518 	 1.4587806933 	 -0.0000017380 	 0.0000000069 
403.5000000000 	 -0.0011881666 	 1.4569794965 	 -0.0000011080 	 0.0000000062 
404.0000000000 	 -0.0005101022 	 1.4546229719 	 -0.0000004757 	 0.0000000056 
404.5000000000 	 0.0001619036 	 1.4521831553 	 0.0000001510 	 0.0000000055 
405.0000000000 	 0.0008380528 	 1.4500468379 	 0.0000007815 	 0.0000000048 
405.5000000000 	 0.0015051788 	 1.4477799098 	 0.0000014036 	 0.0000000040 
406.0000000000 	 0.0021567656 	 1.4458646685 	 0.0000020112 	 0.0000000025 
406.5000000000 	 0.0028053080 	 1.4436224483 	 0.0000026160 	 0.0000000011 
407.0000000000 	 0.0034149390 	 1.4410187228 	 0.0000031845 	 -0.0000000000 
407.5000000000 	 0.0040022394 	 1.4380455495 	 0.0000037322 	 -0.0000000007 
408.0000000000 	 0.0045544659 	 1.4353233427 	 0.0000042471 	 -0.0000000013 
408.5000000000 	 0.0050689898 	 1.4328871784 	 0.0000047269 	 0.0000000002 
409.0000000000 	 0.0055376105 	 1.4305256014 	 0.0000051639 	 -0.0000000003 
409.5000000000 	 0.0059540673 	 1.4280820102 	 0.0000055523 	 -0.0000000015 
410.0000000000 	 0.0063249738 	 1.4260867909 	 0.0000058982 	 -0.0000000020 
410.5000000000 	 0.0066458125 	 1.4239194353 	 0.0000061974 	 -0.0000000029 
411.0000000000 	 0.0069093590 	 1.4218166515 	 0.0000064431 	 -0.0000000038 
411.5000000000 	 0.0071215899 	 1.4199216851 	 0.0000066410 	 -0.0000000045 
412.0000000000 	 0.0072818083 	 1.4186973352 	 0.0000067904 	 -0.0000000035 
412.5000000000 	 0.0073871372 	 1.4170338265 	 0.0000068887 	 -0.0000000037 
413.0000000000 	 0.0074434039 	 1.4158071974 	 0.0000069411 	 -0.0000000038 
413.5000000000 	 0.0074489389 	 1.4147874275 	 0.0000069463 	 -0.0000000047 
414.0000000000 	 0.0074055644 	 1.4135658548 	 0.0000069058 	 -0.0000000060 
414.5000000000 	 0.0073265169 	 1.4126415895 	 0.0000068321 	 -0.0000000063 
415.0000000000 	 0.0072051159 	 1.4116481250 	 0.0000067189 	 -0.0000000052 
415.5000000000 	 0.0070451785 	 1.4103178401 	 0.0000065698 	 -0.0000000039 
416.0000000000 	 0.0068507564 	 1.4097195153 	 0.0000063885 	 -0.0000000062 
416.5000000000 	 0.0066283760 	 1.4088783491 	 0.0000061811 	 -0.0000000048 
417.0000000000 	 0.0063864290 	 1.4078107608 	 0.0000059555 	 -0.0000000055 
417.5000000000 	 0.0061209247 	 1.4069710388 	 0.0000057079 	 -0.0000000059 
418.0000000000 	 0.0058425684 	 1.4062440455 	 0.0000054483 	 -0.0000000059 
418.5000000000 	 0.0055497227 	 1.4059342017 	 0.0000051752 	 -0.0000000066 
419.0000000000 	 0.0052476440 	 1.4050729608 	 0.0000048935 	 -0.0000000062 
419.5000000000 	 0.0049473288 	 1.4052008525 	 0.0000046135 	 -0.0000000065 
420.0000000000 	 0.0046410484 	 1.4048369502 	 0.0000043279 	 -0.0000000056 
420.5000000000 	 0.0043403614 	 1.4039608198 	 0.0000040475 	 -0.0000000043 
421.0000000000 	 0.0040429870 	 1.4030887600 	 0.0000037702 	 -0.0000000034 
421.5000000000 	 0.0037394382 	 1.4016854754 	 0.0000034871 	 -0.0000000033 
422.0000000000 	 0.0034521236 	 1.4005490606 	 0.0000032192 	 -0.0000000033 
422.5000000000 	 0.0031675757 	 1.3994907570 	 0.0000029538 	 -0.0000000010 
423.0000000000 	 0.0028961108 	 1.3978761238 	 0.0000027007 	 -0.0000000006 
423.5000000000 	 0.0026355127 	 1.3967306302 	 0.0000024577 	 0.0000000003 
424.0000000000 	 0.0023739491 	 1.3960084657 	 0.0000022138 	 -0.0000000010 
424.5000000000 	 0.0021320680 	 1.3948179299 	 0.0000019882 	 0.0000000004 
425.0000000000 	 0.0018961503 	 1.3941462865 	 0.0000017682 	 0.0000000004 
425.5000000000 	 0.0016706136 	 1.3927840400 	 0.0000015579 	 0.0000000012 
426.0000000000 	 0.0014535485 	 1.3912099077 	 0.0000013555 	 0.0000000027 
426.5000000000 	 0.0012461727 	 1.3896079718 	 0.0000011621 	 0.0000000039 
427.0000000000 	 0.0010455189 	 1.3879886477 	 0.0000009750 	 0.0000000047 
427.5000000000 	 0.0008513082 	 1.3860274739 	 0.0000007939 	 0.0000000038 
428.0000000000 	 0.0006597102 	 1.3841753423 	 0.0000006152 	 0.0000000031 
428.5000000000 	 0.0004712785 	 1.3822670923 	 0.0000004395 	 0.0000000016 
429.0000000000 	 0.0002837363 	 1.3802255748 	 0.0000002646 	 0.0000000022 
429.5000000000 	 0.0000976236 	 1.3780114323 	 0.0000000910 	 0.0000000017 
430.0000000000 	 -0.0000995414 	 1.3757937959 	 -0.0000000928 	 0.0000000004 
430.5000000000 	 -0.0002901854 	 1.3738081545 	 -0.0000002706 	 -0.0000000003 
431.0000000000 	 -0.0004655793 	 1.3717837296 	 -0.0000004342 	 -0.0000000003 
431.5000000000 	 -0.0006382887 	 1.3697207635 	 -0.0000005952 	 -0.0000000002 
432.0000000000 	 -0.0008102678 	 1.3683315903 	 -0.0000007556 	 -0.0000000003 
432.5000000000 	 -0.0009745593 	 1.3664860378 	 -0.0000009088 	 -0.0000000010 
433.0000000000 	 -0.0011550893 	 1.3650574942 	 -0.0000010771 	 0.0000000002 
433.5000000000 	 -0.0013275933 	 1.3637381153 	 -0.0000012380 	 0.0000000002 
434.0000000000 	 -0.0015049138 	 1.3617578658 	 -0.0000014034 	 -0.0000000002 
434.5000000000 	 -0.0016814503 	 1.3599881836 	 -0.0000015680 	 -0.0000000007 
435.0000000000 	 -0.0018423674 	 1.3578717241 	 -0.0000017180 	 -0.0000000017 
435.5000000000 	 -0.0020157095 	 1.3560674370 	 -0.0000018797 	 -0.0000000010 
436.0000000000 	 -0.0022023228 	 1.3545086853 	 -0.0000020537 	 0.0000000004 
436.5000000000 	 -0.0023697712 	 1.3529018342 	 -0.0000022099 	 0.0000000001 
437.0000000000 	 -0.0025385779 	 1.3513555093 	 -0.0000023673 	 -0.0000000005 
437.5000000000 	 -0.0027028395 	 1.3497561921 	 -0.0000025205 	 -0.0000000002 
438.0000000000 	 -0.0028583111 	 1.3484605383 	 -0.0000026654 	 -0.0000000007 
438.5000000000 	 -0.0030279437 	 1.3478163935 	 -0.0000028236 	 -0.0000000013 
439.0000000000 	 -0.0031896056 	 1.3464854398 	 -0.0000029744 	 -0.0000000008 
439.5000000000 	 -0.0033410262 	 1.3454118718 	 -0.0000031156 	 -0.0000000003 
440.0000000000 	 -0.0035046189 	 1.3447008936 	 -0.0000032681 	 -0.0000000010 
440.5000000000 	 -0.0036554521 	 1.3440168647 	 -0.0000034088 	 -0.0000000008 
441.0000000000 	 -0.0037925871 	 1.3427686653 	 -0.0000035367 	 -0.0000000010 
441.5000000000 	 -0.0039321636 	 1.3422456942 	 -0.0000036668 	 -0.0000000017 
442.0000000000 	 -0.0040588544 	 1.3414722025 	 -0.0000037850 	 -0.0000000008 
442.5000000000 	 -0.0041763198 	 1.3408372727 	 -0.0000038945 	 0.0000000011 
443.0000000000 	 -0.0042861254 	 1.3405433713 	 -0.0000039969 	 0.0000000026 
443.5000000000 	 -0.0043834300 	 1.3399882033 	 -0.0000040876 	 0.0000000019 
444.0000000000 	 -0.0044680976 	 1.3395179795 	 -0.0000041666 	 0.0000000014 
444.5000000000 	 -0.0045387478 	 1.3392784356 	 -0.0000042325 	 0.0000000003 
445.0000000000 	 -0.0045940848 	 1.3384996449 	 -0.0000042841 	 0.0000000009 
445.5000000000 	 -0.0046343947 	 1.3377229565 	 -0.0000043217 	 0.0000000024 
446.0000000000 	 -0.0046572373 	 1.3369598025 	 -0.0000043430 	 0.0000000025 
446.5000000000 	 -0.0046510607 	 1.3361575204 	 -0.0000043372 	 0.0000000021 
447.0000000000 	 -0.0046345956 	 1.3348922632 	 -0.0000043219 	 0.0000000028 
447.5000000000 	 -0.0045911522 	 1.3340063924 	 -0.0000042813 	 0.0000000034 
448.0000000000 	 -0.0045210243 	 1.3324680012 	 -0.0000042159 	 0.0000000029 
448.5000000000 	 -0.0043990235 	 1.3316106438 	 -0.0000041022 	 0.0000000023 
449.0000000000 	 -0.0042848697 	 1.3307420571 	 -0.0000039957 	 0.0000000039 
449.5000000000 	 -0.0041438620 	 1.3294206744 	 -0.0000038642 	 0.0000000039 
450.0000000000 	 -0.0039786874 	 1.3282610429 	 -0.0000037102 	 0.0000000034 
450.5000000000 	 -0.0037877387 	 1.3268675387 	 -0.0000035321 	 0.0000000024 
451.0000000000 	 -0.0035627738 	 1.3256847498 	 -0.0000033224 	 0.0000000005 
451.5000000000 	 -0.0033211553 	 1.3244380674 	 -0.0000030970 	 0.0000000005 
452.0000000000 	 -0.0030553690 	 1.3231993741 	 -0.0000028492 	 0.0000000013 
452.5000000000 	 -0.0027642532 	 1.3217840977 	 -0.0000025777 	 0.0000000013 
453.0000000000 	 -0.0024528146 	 1.3204935190 	 -0.0000022873 	 0.0000000018 
453.5000000000 	 -0.0021243738 	 1.3191636240 	 -0.0000019810 	 0.0000000006 
454.0000000000 	 -0.0017856122 	 1.3176297382 	 -0.0000016651 	 0.0000000020 
454.5000000000 	 -0.0014280206 	 1.3164320234 	 -0.0000013317 	 0.0000000020 
455.0000000000 	 -0.0010468140 	 1.3147956399 	 -0.0000009762 	 -0.0000000010 
455.5000000000 	 -0.0006737031 	 1.3131034482 	 -0.0000006282 	 -0.0000000005 
456.0000000000 	 -0.0002988541 	 1.3110754234 	 -0.0000002787 	 -0.0000000007 
456.5000000000 	 0.0000791729 	 1.3093301656 	 0.0000000738 	 -0.0000000006 
457.0000000000 	 0.0004558203 	 1.3077579943 	 0.0000004251 	 0.0000000005 
457.5000000000 	 0.0008218038 	 1.3060165032 	 0.0000007664 	 0.0000000006 
458.0000000000 	 0.0011831402 	 1.3046050653 	 0.0000011033 	 0.0000000001 
458.5000000000 	 0.0015326515 	 1.3036980778 	 0.0000014292 	 -0.0000000004 
459.0000000000 	 0.0018633385 	 1.3023030585 	 0.0000017376 	 -0.0000000002 
459.5000000000 	 0.0021721275 	 1.3007997534 	 0.0000020256 	 0.0000000004 
460.0000000000 	 0.0024609858 	 1.2996607351 	 0.0000022949 	 -0.0000000019 
460.5000000000 	 0.0027269029 	 1.2981830621 	 0.0000025429 	 -0.0000000024 
461.0000000000 	 0.0029683434 	 1.2972426368 	 0.0000027680 	 -0.0000000016 
461.5000000000 	 0.0031814296 	 1.2959068395 	 0.0000029668 	 -0.0000000014 
462.0000000000 	 0.0033712533 	 1.2945987831 	 0.0000031438 	 -0.0000000011 
462.5000000000 	 0.0035308626 	 1.2929820669 	 0.0000032926 	 -0.0000000015 
463.0000000000 	 0.0036613078 	 1.2915311168 	 0.0000034142 	 -0.0000000017 
463.5000000000 	 0.0037664474 	 1.2906311624 	 0.0000035123 	 -0.0000000012 
464.0000000000 	 0.0038368892 	 1.2888793002 	 0.0000035780 	 -0.0000000001 
464.5000000000 	 0.0038827738 	 1.2881163554 	 0.0000036208 	 -0.0000000004 
465.0000000000 	 0.0039021046 	 1.2871652711 	 0.0000036388 	 -0.0000000006 
465.5000000000 	 0.0038974987 	 1.2862379240 	 0.0000036345 	 -0.0000000011 
466.0000000000 	 0.0038673801 	 1.2851731237 	 0.0000036064 	 -0.0000000008 
466.5000000000 	 0.0038205732 	 1.2847952324 	 0.0000035628 	 -0.0000000013 
467.0000000000 	 0.0037501632 	 1.2845570301 	 0.0000034971 	 -0.0000000006 
467.5000000000 	 0.0036623230 	 1.2839379647 	 0.0000034152 	 -0.0000000005 
468.0000000000 	 0.0035556684 	 1.2826423675 	 0.0000033157 	 -0.0000000011 
468.5000000000 	 0.0034421094 	 1.2820474978 	 0.0000032098 	 -0.0000000017 
469.0000000000 	 0.0033201977 	 1.2818942450 	 0.0000030962 	 -0.0000000021 
469.5000000000 	 0.0031825598 	 1.2811141060 	 0.0000029678 	 -0.0000000029 
470.0000000000 	 0.0030432105 	 1.2803051922 	 0.0000028379 	 -0.0000000033 
470.5000000000 	 0.0028951468 	 1.2797321270 	 0.0000026998 	 -0.0000000034 
471.0000000000 	 0.0027486451 	 1.2793410364 	 0.0000025632 	 -0.0000000034 
471.5000000000 	 0.0025973593 	 1.2785840282 	 0.0000024221 	 -0.0000000032 
472.0000000000 	 0.0024481845 	 1.2780140767 	 0.0000022830 	 -0.0000000030 
472.5000000000 	 0.0023000317 	 1.2770604789 	 0.0000021448 	 -0.0000000026 
473.0000000000 	 0.0021560046 	 1.2761396526 	 0.0000020105 	 -0.0000000024 
473.5000000000 	 0.0020131787 	 1.2753529649 	 0.0000018773 	 -0.0000000022 
474.0000000000 	 0.0018747915 	 1.2741029668 	 0.0000017483 	 -0.0000000021 
474.5000000000 	 0.0017389348 	 1.2732423466 	 0.0000016216 	 -0.0000000016 
475.0000000000 	 0.0016110504 	 1.2726694327 	 0.0000015023 	 -0.0000000014 
475.5000000000 	 0.0014846774 	 1.2719943551 	 0.0000013845 	 -0.0000000012 
476.0000000000 	 0.0013659206 	 1.2714491167 	 0.0000012738 	 -0.0000000011 
476.5000000000 	 0.0012465143 	 1.2705994424 	 0.0000011624 	 -0.0000000012 
477.0000000000 	 0.0011370797 	 1.2699096722 	 0.0000010604 	 -0.0000000011 
477.5000000000 	 0.0010312241 	 1.2690601897 	 0.0000009616 	 -0.0000000008 
478.0000000000 	 0.0009288435 	 1.2680110708 	 0.0000008662 	 -0.0000000007 
478.5000000000 	 0.0008298903 	 1.2664767959 	 0.0000007739 	 -0.0000000008 
479.0000000000 	 0.0007286087 	 1.2655623133 	 0.0000006794 	 -0.0000000003 
479.5000000000 	 0.0006320069 	 1.2640063406 	 0.0000005894 	 -0.0000000001 
480.0000000000 	 0.0005334819 	 1.2625872080 	 0.0000004975 	 -0.0000000000 
480.5000000000 	 0.0004281666 	 1.2616967994 	 0.0000003993 	 0.0000000001 
481.0000000000 	 0.0003308215 	 1.2606759962 	 0.0000003085 	 0.0000000001 
481.5000000000 	 0.0002388535 	 1.2592216124 	 0.0000002227 	 -0.0000000000 
482.0000000000 	 0.0001462241 	 1.2578115122 	 0.0000001364 	 0.0000000002 
482.5000000000 	 0.0000545726 	 1.2564532250 	 0.0000000509 	 -0.0000000000 
483.0000000000 	 -0.0000345041 	 1.2549695560 	 -0.0000000322 	 0.0000000003 
483.5000000000 	 -0.0001301999 	 1.2541275242 	 -0.0000001214 	 0.0000000000 
484.0000000000 	 -0.0002258884 	 1.2530171597 	 -0.0000002106 	 -0.0000000001 
484.5000000000 	 -0.0003199843 	 1.2516751101 	 -0.0000002984 	 -0.0000000002 
485.0000000000 	 -0.0004172119 	 1.2503535762 	 -0.0000003891 	 -0.0000000004 
485.5000000000 	 -0.0005140513 	 1.2495861368 	 -0.0000004794 	 -0.0000000005 
486.0000000000 	 -0.0006110796 	 1.2486470017 	 -0.0000005698 	 -0.0000000004 
486.5000000000 	 -0.0007138663 	 1.2477394138 	 -0.0000006657 	 -0.0000000008 
487.0000000000 	 -0.0008190169 	 1.2465891600 	 -0.0000007637 	 -0.0000000008 
487.5000000000 	 -0.0009229828 	 1.2452096758 	 -0.0000008607 	 -0.0000000009 
488.0000000000 	 -0.0010288571 	 1.2437300273 	 -0.0000009594 	 -0.0000000008 
488.5000000000 	 -0.0011408761 	 1.2429211657 	 -0.0000010639 	 -0.0000000007 
489.0000000000 	 -0.0012465405 	 1.2416606561 	 -0.0000011624 	 -0.0000000009 
489.5000000000 	 -0.0013511210 	 1.2407298874 	 -0.0000012599 	 -0.0000000009 
490.0000000000 	 -0.0014535997 	 1.2400954159 	 -0.0000013555 	 -0.0000000011 
490.5000000000 	 -0.0015565587 	 1.2398841152 	 -0.0000014515 	 -0.0000000010 
491.0000000000 	 -0.0016576602 	 1.2390938549 	 -0.0000015458 	 -0.0000000013 
491.5000000000 	 -0.0017562643 	 1.2385186211 	 -0.0000016378 	 -0.0000000013 
492.0000000000 	 -0.0018597080 	 1.2383106979 	 -0.0000017342 	 -0.0000000012 
492.5000000000 	 -0.0019592662 	 1.2376645413 	 -0.0000018271 	 -0.0000000008 
493.0000000000 	 -0.0020537508 	 1.2367886473 	 -0.0000019152 	 -0.0000000001 
493.5000000000 	 -0.0021437162 	 1.2359716911 	 -0.0000019991 	 0.0000000000 
494.0000000000 	 -0.0022292519 	 1.2357103016 	 -0.0000020788 	 0.0000000001 
494.5000000000 	 -0.0023063979 	 1.2353117045 	 -0.0000021508 	 0.0000000010 
495.0000000000 	 -0.0023821852 	 1.2350111637 	 -0.0000022214 	 0.0000000014 
495.5000000000 	 -0.0024465007 	 1.2343531779 	 -0.0000022814 	 0.0000000020 
496.0000000000 	 -0.0025073175 	 1.2335960786 	 -0.0000023381 	 0.0000000025 
496.5000000000 	 -0.0025567035 	 1.2328221245 	 -0.0000023842 	 0.0000000023 
497.0000000000 	 -0.0025968965 	 1.2319356110 	 -0.0000024217 	 0.0000000019 
497.5000000000 	 -0.0026261833 	 1.2312248003 	 -0.0000024490 	 0.0000000016 
498.0000000000 	 -0.0026427463 	 1.2306528889 	 -0.0000024644 	 0.0000000006 
498.5000000000 	 -0.0026480719 	 1.2295778430 	 -0.0000024694 	 0.0000000005 
499.0000000000 	 -0.0026353789 	 1.2289880076 	 -0.0000024575 	 0.0000000007 
499.5000000000 	 -0.0026110072 	 1.2279343300 	 -0.0000024348 	 0.0000000010 
