0.0000000000 	 1.0000000000 	 19.3798901395 	 0.0011451002 	 -0.0000000000 
0.5000000000 	 0.9954062137 	 17.9313238624 	 0.0011398399 	 0.0000000194 
1.0000000000 	 0.9836082974 	 17.1825734495 	 0.0011263301 	 0.0000000109 
1.5000000000 	 0.9645244597 	 16.1165733057 	 0.0011044772 	 0.0000000335 
2.0000000000 	 0.9387017949 	 15.0138844065 	 0.0010749077 	 0.0000000618 
2.5000000000 	 0.9066713404 	 13.7706487121 	 0.0010382296 	 0.0000000457 
3.0000000000 	 0.8685605082 	 12.5725880468 	 0.0009945889 	 -0.0000000505 
3.5000000000 	 0.8264152757 	 11.3258855225 	 0.0009463283 	 0.0000000405 
4.0000000000 	 0.7800058365 	 10.1556394357 	 0.0008931849 	 0.0000000159 
4.5000000000 	 0.7295492407 	 9.1160841321 	 0.0008354070 	 0.0000000643 
5.0000000000 	 0.6772859021 	 8.1022971777 	 0.0007755603 	 -0.0000001314 
5.5000000000 	 0.6227644911 	 7.2026972503 	 0.0007131278 	 -0.0000002483 
6.0000000000 	 0.5662845104 	 6.4296946649 	 0.0006484525 	 -0.0000001470 
6.5000000000 	 0.5088105401 	 5.7864959112 	 0.0005826391 	 -0.0000000237 
7.0000000000 	 0.4505456931 	 5.2260152619 	 0.0005159200 	 0.0000000360 
7.5000000000 	 0.3921462391 	 4.8105818999 	 0.0004490468 	 0.0000001191 
8.0000000000 	 0.3338787131 	 4.5033363218 	 0.0003823246 	 0.0000000439 
8.5000000000 	 0.2753098617 	 4.2525897485 	 0.0003152574 	 -0.0000000143 
9.0000000000 	 0.2173654205 	 4.0783082911 	 0.0002489052 	 -0.0000000614 
9.5000000000 	 0.1598101063 	 3.9834254273 	 0.0001829986 	 -0.0000000908 
10.0000000000 	 0.1028981344 	 3.9952824960 	 0.0001178287 	 -0.0000000253 
10.5000000000 	 0.0465587909 	 4.1303263128 	 0.0000533145 	 0.0000000725 
11.0000000000 	 -0.0079507745 	 4.4092383466 	 -0.0000091044 	 -0.0000000783 
11.5000000000 	 -0.0611574186 	 4.8454204352 	 -0.0000700314 	 -0.0000000796 
12.0000000000 	 -0.1121451404 	 5.4207848519 	 -0.0001284174 	 -0.0000000919 
12.5000000000 	 -0.1612914435 	 6.1906068935 	 -0.0001846949 	 -0.0000000042 
13.0000000000 	 -0.2074766770 	 6.9618743384 	 -0.0002375816 	 0.0000000951 
13.5000000000 	 -0.2507964799 	 7.7930266525 	 -0.0002871871 	 0.0000000689 
14.0000000000 	 -0.2908460982 	 8.5589290537 	 -0.0003330479 	 -0.0000000327 
14.5000000000 	 -0.3272797694 	 9.2372385087 	 -0.0003747681 	 -0.0000000347 
15.0000000000 	 -0.3604011936 	 9.8004560387 	 -0.0004126955 	 -0.0000000463 
15.5000000000 	 -0.3898527105 	 10.2626927756 	 -0.0004464204 	 -0.0000000454 
16.0000000000 	 -0.4155032317 	 10.5282610688 	 -0.0004757929 	 -0.0000000050 
16.5000000000 	 -0.4372506502 	 10.6948055920 	 -0.0005006958 	 -0.0000000311 
17.0000000000 	 -0.4555925311 	 10.6971606045 	 -0.0005216991 	 0.0000000277 
17.5000000000 	 -0.4707373224 	 10.6220182127 	 -0.0005390414 	 0.0000000336 
18.0000000000 	 -0.4823133030 	 10.5006289907 	 -0.0005522971 	 -0.0000000968 
18.5000000000 	 -0.4913971566 	 10.3284388287 	 -0.0005626990 	 0.0000000679 
19.0000000000 	 -0.4984210339 	 10.1469260856 	 -0.0005707420 	 -0.0000000525 
19.5000000000 	 -0.5033772656 	 9.9380926669 	 -0.0005764174 	 0.0000000166 
20.0000000000 	 -0.5061438415 	 9.7037018907 	 -0.0005795854 	 0.0000001402 
20.5000000000 	 -0.5075161635 	 9.4562770319 	 -0.0005811569 	 0.0000001842 
21.0000000000 	 -0.5075434839 	 9.1863819032 	 -0.0005811882 	 0.0000001593 
21.5000000000 	 -0.5065230299 	 8.8917913974 	 -0.0005800196 	 -0.0000000293 
22.0000000000 	 -0.5044971884 	 8.5996426824 	 -0.0005776999 	 -0.0000001662 
22.5000000000 	 -0.5017263691 	 8.3209951872 	 -0.0005745270 	 -0.0000000884 
23.0000000000 	 -0.4985164284 	 8.0401461147 	 -0.0005708513 	 0.0000000338 
23.5000000000 	 -0.4946121998 	 7.7685324175 	 -0.0005663806 	 0.0000002997 
24.0000000000 	 -0.4905180029 	 7.5098325434 	 -0.0005616923 	 0.0000001892 
24.5000000000 	 -0.4860955530 	 7.2806209409 	 -0.0005566281 	 0.0000001470 
25.0000000000 	 -0.4812154219 	 7.0870524929 	 -0.0005510399 	 0.0000001175 
25.5000000000 	 -0.4756613349 	 6.9386406225 	 -0.0005446799 	 0.0000001713 
26.0000000000 	 -0.4696290824 	 6.8422683115 	 -0.0005377724 	 0.0000001625 
26.5000000000 	 -0.4632025120 	 6.8038640503 	 -0.0005304133 	 0.0000001370 
27.0000000000 	 -0.4560802915 	 6.8136315310 	 -0.0005222577 	 -0.0000000315 
27.5000000000 	 -0.4487394506 	 6.8838127734 	 -0.0005138517 	 0.0000001091 
28.0000000000 	 -0.4405293856 	 6.9927058001 	 -0.0005044503 	 0.0000002165 
28.5000000000 	 -0.4313164540 	 7.1440565638 	 -0.0004939006 	 0.0000002050 
29.0000000000 	 -0.4213675340 	 7.3402084943 	 -0.0004825081 	 0.0000002146 
29.5000000000 	 -0.4105713063 	 7.5734561019 	 -0.0004701453 	 0.0000001626 
30.0000000000 	 -0.3988709981 	 7.8185654885 	 -0.0004567473 	 0.0000001935 
30.5000000000 	 -0.3865165520 	 8.0699772974 	 -0.0004426002 	 0.0000001118 
31.0000000000 	 -0.3730266138 	 8.3339405463 	 -0.0004271529 	 0.0000001587 
31.5000000000 	 -0.3586912396 	 8.5893699244 	 -0.0004107374 	 0.0000003205 
32.0000000000 	 -0.3433610565 	 8.8260669344 	 -0.0003931828 	 0.0000003225 
32.5000000000 	 -0.3273746937 	 9.0383019760 	 -0.0003748768 	 0.0000002190 
33.0000000000 	 -0.3106838028 	 9.2153349046 	 -0.0003557641 	 0.0000000127 
33.5000000000 	 -0.2928284974 	 9.3356814702 	 -0.0003353180 	 -0.0000001753 
34.0000000000 	 -0.2739648959 	 9.4027885404 	 -0.0003137173 	 0.0000002258 
34.5000000000 	 -0.2542813575 	 9.4180992228 	 -0.0002911776 	 0.0000002171 
35.0000000000 	 -0.2341615053 	 9.3738812145 	 -0.0002681384 	 0.0000003799 
35.5000000000 	 -0.2133149042 	 9.2739010332 	 -0.0002442669 	 0.0000003378 
36.0000000000 	 -0.1915665688 	 9.1303917894 	 -0.0002193629 	 0.0000004308 
36.5000000000 	 -0.1690081193 	 8.9369951688 	 -0.0001935312 	 0.0000004604 
37.0000000000 	 -0.1459170109 	 8.6856299699 	 -0.0001670896 	 0.0000004250 
37.5000000000 	 -0.1217187415 	 8.4012031398 	 -0.0001393802 	 0.0000002732 
38.0000000000 	 -0.0970416029 	 8.0848447820 	 -0.0001111224 	 0.0000002649 
38.5000000000 	 -0.0717259988 	 7.7419565116 	 -0.0000821335 	 0.0000003670 
39.0000000000 	 -0.0459612365 	 7.3927416130 	 -0.0000526302 	 0.0000005363 
39.5000000000 	 -0.0195223596 	 7.0396468325 	 -0.0000223551 	 0.0000003695 
40.0000000000 	 0.0076460582 	 6.7069641760 	 0.0000087555 	 0.0000002942 
40.5000000000 	 0.0350841019 	 6.4013536609 	 0.0000401748 	 0.0000002561 
41.0000000000 	 0.0625588723 	 6.1232772628 	 0.0000716362 	 0.0000003209 
41.5000000000 	 0.0903034015 	 5.8794035731 	 0.0001034064 	 0.0000002690 
42.0000000000 	 0.1181453576 	 5.6834304398 	 0.0001352883 	 0.0000001324 
42.5000000000 	 0.1457430375 	 5.5315243925 	 0.0001668904 	 0.0000000765 
43.0000000000 	 0.1732388370 	 5.4263125429 	 0.0001983758 	 0.0000000652 
43.5000000000 	 0.2003531069 	 5.3810493835 	 0.0002294244 	 0.0000001400 
44.0000000000 	 0.2269262378 	 5.3830549146 	 0.0002598533 	 0.0000001232 
44.5000000000 	 0.2528077979 	 5.4328853601 	 0.0002894903 	 0.0000000908 
45.0000000000 	 0.2776935500 	 5.5304272832 	 0.0003179870 	 0.0000001404 
45.5000000000 	 0.3017853960 	 5.6575983669 	 0.0003455745 	 0.0000000449 
46.0000000000 	 0.3243241637 	 5.8188837458 	 0.0003713837 	 0.0000000229 
46.5000000000 	 0.3451459451 	 6.0036082671 	 0.0003952267 	 0.0000000619 
47.0000000000 	 0.3644665232 	 6.2014416911 	 0.0004173507 	 0.0000000456 
47.5000000000 	 0.3819003855 	 6.4043608020 	 0.0004373142 	 -0.0000000450 
48.0000000000 	 0.3972960614 	 6.5997721681 	 0.0004549438 	 -0.0000001331 
48.5000000000 	 0.4107565676 	 6.7819590485 	 0.0004703574 	 -0.0000000216 
49.0000000000 	 0.4219212677 	 6.9480489203 	 0.0004831421 	 -0.0000001190 
49.5000000000 	 0.4308947740 	 7.0838231760 	 0.0004934177 	 -0.0000001704 
50.0000000000 	 0.4374801959 	 7.1913795736 	 0.0005009587 	 -0.0000000535 
50.5000000000 	 0.4419216114 	 7.2599670402 	 0.0005060445 	 -0.0000000566 
51.0000000000 	 0.4435273736 	 7.2938126617 	 0.0005078833 	 0.0000000073 
51.5000000000 	 0.4428597048 	 7.2857603997 	 0.0005071188 	 -0.0000001396 
52.0000000000 	 0.4396406961 	 7.2379464471 	 0.0005034327 	 -0.0000001311 
52.5000000000 	 0.4340575852 	 7.1417831388 	 0.0004970394 	 -0.0000000552 
53.0000000000 	 0.4263249658 	 7.0267504791 	 0.0004881848 	 -0.0000000999 
53.5000000000 	 0.4164602141 	 6.8807858028 	 0.0004768887 	 -0.0000001815 
54.0000000000 	 0.4044570954 	 6.6998786564 	 0.0004631439 	 -0.0000002083 
54.5000000000 	 0.3904671193 	 6.4948962803 	 0.0004471240 	 -0.0000002640 
55.0000000000 	 0.3750192819 	 6.2794753801 	 0.0004294347 	 -0.0000001072 
55.5000000000 	 0.3575585193 	 6.0496585217 	 0.0004094403 	 -0.0000001964 
56.0000000000 	 0.3386183390 	 5.8234142702 	 0.0003877519 	 -0.0000002192 
56.5000000000 	 0.3182604416 	 5.6002760942 	 0.0003644401 	 -0.0000002621 
57.0000000000 	 0.2964988129 	 5.3781078043 	 0.0003395209 	 -0.0000003183 
57.5000000000 	 0.2739582031 	 5.1777826609 	 0.0003137096 	 -0.0000003775 
58.0000000000 	 0.2506957378 	 5.0006081038 	 0.0002870718 	 -0.0000004010 
58.5000000000 	 0.2267531832 	 4.8378324096 	 0.0002596551 	 -0.0000005048 
59.0000000000 	 0.2023921440 	 4.7060693930 	 0.0002317593 	 -0.0000005089 
59.5000000000 	 0.1776436271 	 4.6034904349 	 0.0002034198 	 -0.0000004602 
60.0000000000 	 0.1527724875 	 4.5294755865 	 0.0001749398 	 -0.0000003186 
60.5000000000 	 0.1280196110 	 4.4810750405 	 0.0001465953 	 -0.0000002152 
61.0000000000 	 0.1033908998 	 4.4637832260 	 0.0001183929 	 -0.0000001345 
61.5000000000 	 0.0793894344 	 4.4727925125 	 0.0000909089 	 -0.0000001622 
62.0000000000 	 0.0558234065 	 4.5052793132 	 0.0000639234 	 -0.0000001389 
62.5000000000 	 0.0326970924 	 4.5605006347 	 0.0000374414 	 -0.0000001281 
63.0000000000 	 0.0106342031 	 4.6298818404 	 0.0000121772 	 -0.0000001915 
63.5000000000 	 -0.0108745704 	 4.7115403896 	 -0.0000124525 	 -0.0000001402 
64.0000000000 	 -0.0313024604 	 4.8088552805 	 -0.0000358445 	 -0.0000001075 
64.5000000000 	 -0.0505197937 	 4.9092940237 	 -0.0000578502 	 -0.0000001054 
65.0000000000 	 -0.0684502552 	 5.0027799652 	 -0.0000783824 	 -0.0000001755 
65.5000000000 	 -0.0854110795 	 5.0902911856 	 -0.0000978042 	 -0.0000000731 
66.0000000000 	 -0.1013585651 	 5.1740358879 	 -0.0001160657 	 0.0000000262 
66.5000000000 	 -0.1162849832 	 5.2388500912 	 -0.0001331580 	 0.0000000775 
67.0000000000 	 -0.1298330129 	 5.2897624261 	 -0.0001486718 	 0.0000000507 
67.5000000000 	 -0.1421764440 	 5.3215117119 	 -0.0001628063 	 0.0000000509 
68.0000000000 	 -0.1532957863 	 5.3292118129 	 -0.0001755390 	 0.0000000037 
68.5000000000 	 -0.1635209700 	 5.3208631018 	 -0.0001872479 	 0.0000000610 
69.0000000000 	 -0.1725044932 	 5.2871611898 	 -0.0001975349 	 0.0000000375 
69.5000000000 	 -0.1801628703 	 5.2269398087 	 -0.0002063045 	 0.0000000435 
70.0000000000 	 -0.1869788342 	 5.1465166461 	 -0.0002141095 	 0.0000001206 
70.5000000000 	 -0.1926013212 	 5.0424250284 	 -0.0002205478 	 0.0000000977 
71.0000000000 	 -0.1973946787 	 4.9220570890 	 -0.0002260367 	 0.0000000444 
71.5000000000 	 -0.2016812008 	 4.7917411959 	 -0.0002309452 	 0.0000000628 
72.0000000000 	 -0.2050844531 	 4.6506580198 	 -0.0002348423 	 0.0000000529 
72.5000000000 	 -0.2074360886 	 4.4986745126 	 -0.0002375351 	 -0.0000001022 
73.0000000000 	 -0.2096132879 	 4.3485590722 	 -0.0002400282 	 -0.0000000339 
73.5000000000 	 -0.2110721694 	 4.2021927363 	 -0.0002416988 	 0.0000000210 
74.0000000000 	 -0.2120055454 	 4.0582780062 	 -0.0002427676 	 0.0000000495 
74.5000000000 	 -0.2125080368 	 3.9207654634 	 -0.0002433430 	 0.0000000508 
75.0000000000 	 -0.2126048011 	 3.7984393832 	 -0.0002434538 	 0.0000000884 
75.5000000000 	 -0.2123441990 	 3.6926382203 	 -0.0002431554 	 0.0000000686 
76.0000000000 	 -0.2118465668 	 3.6056952331 	 -0.0002425856 	 0.0000000475 
76.5000000000 	 -0.2109115626 	 3.5432421258 	 -0.0002415149 	 0.0000000609 
77.0000000000 	 -0.2097085547 	 3.4998937238 	 -0.0002401373 	 0.0000000590 
77.5000000000 	 -0.2079977459 	 3.4800474222 	 -0.0002381783 	 0.0000000485 
78.0000000000 	 -0.2062207606 	 3.4890152161 	 -0.0002361434 	 0.0000000076 
78.5000000000 	 -0.2041884962 	 3.5200219115 	 -0.0002338163 	 -0.0000000117 
79.0000000000 	 -0.2018495968 	 3.5734211212 	 -0.0002311380 	 0.0000000213 
79.5000000000 	 -0.1992820553 	 3.6495636957 	 -0.0002281979 	 0.0000000017 
80.0000000000 	 -0.1965698575 	 3.7398916918 	 -0.0002250922 	 -0.0000000156 
80.5000000000 	 -0.1934763226 	 3.8414778251 	 -0.0002215498 	 0.0000000031 
81.0000000000 	 -0.1901474164 	 3.9585426289 	 -0.0002177379 	 0.0000000420 
81.5000000000 	 -0.1864375680 	 4.0791005996 	 -0.0002134897 	 0.0000000142 
82.0000000000 	 -0.1823703658 	 4.2017599289 	 -0.0002088323 	 0.0000000112 
82.5000000000 	 -0.1778870655 	 4.3229430704 	 -0.0002036985 	 0.0000001008 
83.0000000000 	 -0.1729825988 	 4.4390796172 	 -0.0001980824 	 0.0000000603 
83.5000000000 	 -0.1677223468 	 4.5452215473 	 -0.0001920589 	 0.0000002124 
84.0000000000 	 -0.1621637472 	 4.6358217664 	 -0.0001856937 	 0.0000001284 
84.5000000000 	 -0.1562001253 	 4.7126985579 	 -0.0001788648 	 0.0000001325 
85.0000000000 	 -0.1498588596 	 4.7633407787 	 -0.0001716034 	 0.0000000967 
85.5000000000 	 -0.1431655233 	 4.7930893817 	 -0.0001639389 	 0.0000000743 
86.0000000000 	 -0.1360601052 	 4.8022640176 	 -0.0001558025 	 0.0000000540 
86.5000000000 	 -0.1285287046 	 4.7848942179 	 -0.0001471783 	 0.0000000354 
87.0000000000 	 -0.1205312185 	 4.7442016809 	 -0.0001380203 	 0.0000000171 
87.5000000000 	 -0.1119056656 	 4.6871022455 	 -0.0001281432 	 0.0000002216 
88.0000000000 	 -0.1027452007 	 4.6043125083 	 -0.0001176536 	 0.0000002047 
88.5000000000 	 -0.0934397276 	 4.5040811912 	 -0.0001069979 	 0.0000001544 
89.0000000000 	 -0.0836012328 	 4.3884473180 	 -0.0000957318 	 0.0000000668 
89.5000000000 	 -0.0733455252 	 4.2626017042 	 -0.0000839880 	 0.0000000507 
90.0000000000 	 -0.0626284226 	 4.1258331282 	 -0.0000717158 	 -0.0000000683 
90.5000000000 	 -0.0515396322 	 3.9849032369 	 -0.0000590180 	 -0.0000000380 
91.0000000000 	 -0.0401290917 	 3.8426790180 	 -0.0000459518 	 -0.0000000067 
91.5000000000 	 -0.0286439837 	 3.7013111044 	 -0.0000328002 	 0.0000000151 
92.0000000000 	 -0.0167318647 	 3.5665501847 	 -0.0000191597 	 0.0000001031 
92.5000000000 	 -0.0046000317 	 3.4416550869 	 -0.0000052675 	 0.0000001364 
93.0000000000 	 0.0077928662 	 3.3274931700 	 0.0000089236 	 0.0000000511 
93.5000000000 	 0.0202364001 	 3.2305348903 	 0.0000231727 	 0.0000000214 
94.0000000000 	 0.0326739444 	 3.1497266737 	 0.0000374149 	 0.0000000210 
94.5000000000 	 0.0450384275 	 3.0846243394 	 0.0000515735 	 0.0000000461 
95.0000000000 	 0.0574765564 	 3.0392287719 	 0.0000658164 	 0.0000000580 
95.5000000000 	 0.0698316028 	 3.0101316339 	 0.0000799642 	 -0.0000000168 
96.0000000000 	 0.0817832975 	 2.9963577376 	 0.0000936501 	 -0.0000000547 
96.5000000000 	 0.0933963060 	 2.9993535536 	 0.0001069481 	 -0.0000000537 
97.0000000000 	 0.1046761290 	 3.0174692955 	 0.0001198647 	 -0.0000001007 
97.5000000000 	 0.1155526347 	 3.0461949881 	 0.0001323194 	 -0.0000001142 
98.0000000000 	 0.1260347426 	 3.0901496050 	 0.0001443224 	 -0.0000001138 
98.5000000000 	 0.1357418968 	 3.1402862184 	 0.0001554381 	 -0.0000000504 
99.0000000000 	 0.1447562271 	 3.1934448949 	 0.0001657604 	 -0.0000001079 
99.5000000000 	 0.1529923128 	 3.2470027675 	 0.0001751915 	 -0.0000001249 
100.0000000000 	 0.1604103643 	 3.2980900076 	 0.0001836859 	 -0.0000001773 
100.5000000000 	 0.1669729212 	 3.3453186313 	 0.0001912007 	 -0.0000002023 
101.0000000000 	 0.1727006268 	 3.3853251396 	 0.0001977595 	 -0.0000002262 
101.5000000000 	 0.1774754230 	 3.4188892267 	 0.0002032272 	 -0.0000001726 
102.0000000000 	 0.1814147393 	 3.4432441694 	 0.0002077381 	 -0.0000002108 
102.5000000000 	 0.1843039253 	 3.4548401188 	 0.0002110465 	 -0.0000002170 
103.0000000000 	 0.1861260950 	 3.4534807246 	 0.0002131330 	 -0.0000001643 
103.5000000000 	 0.1869817107 	 3.4396069496 	 0.0002141128 	 -0.0000001422 
104.0000000000 	 0.1867663932 	 3.4178051668 	 0.0002138662 	 -0.0000001281 
104.5000000000 	 0.1854557444 	 3.3803000254 	 0.0002123654 	 -0.0000001303 
105.0000000000 	 0.1832974448 	 3.3345457935 	 0.0002098939 	 -0.0000002161 
105.5000000000 	 0.1802759443 	 3.2807338636 	 0.0002064340 	 -0.0000002169 
106.0000000000 	 0.1764240761 	 3.2189888533 	 0.0002020233 	 -0.0000002201 
106.5000000000 	 0.1717268624 	 3.1521022941 	 0.0001966445 	 -0.0000002595 
107.0000000000 	 0.1662918070 	 3.0826503991 	 0.0001904208 	 -0.0000002790 
107.5000000000 	 0.1600357803 	 3.0102255337 	 0.0001832570 	 -0.0000002517 
108.0000000000 	 0.1530249430 	 2.9385041261 	 0.0001752289 	 -0.0000001801 
108.5000000000 	 0.1455275084 	 2.8703016437 	 0.0001666436 	 -0.0000001632 
109.0000000000 	 0.1374627540 	 2.8093439265 	 0.0001574086 	 -0.0000001393 
109.5000000000 	 0.1290048227 	 2.7536872779 	 0.0001477235 	 -0.0000001298 
110.0000000000 	 0.1201050148 	 2.7056827418 	 0.0001375323 	 -0.0000001380 
110.5000000000 	 0.1108614211 	 2.6663971006 	 0.0001269474 	 -0.0000001235 
111.0000000000 	 0.1013745482 	 2.6387099780 	 0.0001160840 	 -0.0000001467 
111.5000000000 	 0.0918255431 	 2.6218207028 	 0.0001051495 	 -0.0000001225 
112.0000000000 	 0.0820953143 	 2.6137786884 	 0.0000940074 	 -0.0000001043 
112.5000000000 	 0.0722803365 	 2.6157609360 	 0.0000827682 	 -0.0000000901 
113.0000000000 	 0.0625085005 	 2.6281341863 	 0.0000715785 	 -0.0000000572 
113.5000000000 	 0.0530156299 	 2.6499538223 	 0.0000607082 	 -0.0000000366 
114.0000000000 	 0.0435355949 	 2.6798633938 	 0.0000498526 	 0.0000000103 
114.5000000000 	 0.0342568891 	 2.7152062216 	 0.0000392276 	 0.0000000218 
115.0000000000 	 0.0252904815 	 2.7526032580 	 0.0000289601 	 0.0000000525 
115.5000000000 	 0.0165647748 	 2.7922649553 	 0.0000189683 	 0.0000000352 
116.0000000000 	 0.0081441010 	 2.8322564048 	 0.0000093258 	 0.0000000830 
116.5000000000 	 0.0000570539 	 2.8716093732 	 0.0000000653 	 0.0000001093 
117.0000000000 	 -0.0074408849 	 2.9066129630 	 -0.0000085206 	 0.0000001135 
117.5000000000 	 -0.0147264930 	 2.9371180393 	 -0.0000168633 	 0.0000001432 
118.0000000000 	 -0.0215567869 	 2.9622159830 	 -0.0000246847 	 0.0000001469 
118.5000000000 	 -0.0279530127 	 2.9767617134 	 -0.0000320090 	 0.0000001568 
119.0000000000 	 -0.0340247638 	 2.9856616798 	 -0.0000389618 	 0.0000001882 
119.5000000000 	 -0.0395889393 	 2.9820281868 	 -0.0000453333 	 0.0000001587 
120.0000000000 	 -0.0445933293 	 2.9694741306 	 -0.0000510638 	 0.0000001317 
120.5000000000 	 -0.0491261462 	 2.9482479143 	 -0.0000562544 	 0.0000001373 
121.0000000000 	 -0.0533386555 	 2.9175788330 	 -0.0000610781 	 0.0000001338 
121.5000000000 	 -0.0573540170 	 2.8785898738 	 -0.0000656761 	 0.0000001750 
122.0000000000 	 -0.0609368676 	 2.8290447401 	 -0.0000697788 	 0.0000001779 
122.5000000000 	 -0.0642128594 	 2.7732192575 	 -0.0000735302 	 0.0000001441 
123.0000000000 	 -0.0671334383 	 2.7112352231 	 -0.0000768745 	 0.0000001117 
123.5000000000 	 -0.0698278178 	 2.6438499155 	 -0.0000799599 	 0.0000000934 
124.0000000000 	 -0.0721867518 	 2.5748411617 	 -0.0000826611 	 0.0000000608 
124.5000000000 	 -0.0742216201 	 2.5039054012 	 -0.0000849912 	 0.0000000663 
125.0000000000 	 -0.0760873196 	 2.4351739821 	 -0.0000871276 	 0.0000000646 
125.5000000000 	 -0.0777357662 	 2.3707358317 	 -0.0000890152 	 0.0000000648 
126.0000000000 	 -0.0791100242 	 2.3079918388 	 -0.0000905889 	 0.0000000627 
126.5000000000 	 -0.0803721279 	 2.2520677805 	 -0.0000920341 	 0.0000000367 
127.0000000000 	 -0.0814123460 	 2.2040627881 	 -0.0000932253 	 0.0000000193 
127.5000000000 	 -0.0823235912 	 2.1646429693 	 -0.0000942688 	 -0.0000000071 
128.0000000000 	 -0.0830876115 	 2.1328434347 	 -0.0000951436 	 -0.0000000052 
128.5000000000 	 -0.0836689718 	 2.1126588918 	 -0.0000958094 	 -0.0000000079 
129.0000000000 	 -0.0841325983 	 2.1024001741 	 -0.0000963403 	 -0.0000000042 
129.5000000000 	 -0.0845411152 	 2.1012221983 	 -0.0000968081 	 -0.0000000101 
130.0000000000 	 -0.0848285980 	 2.1099672507 	 -0.0000971372 	 0.0000000144 
130.5000000000 	 -0.0850594601 	 2.1281656678 	 -0.0000974016 	 -0.0000000111 
131.0000000000 	 -0.0851042078 	 2.1565445671 	 -0.0000974528 	 -0.0000000187 
131.5000000000 	 -0.0848852442 	 2.1902303158 	 -0.0000972021 	 0.0000000179 
132.0000000000 	 -0.0844882319 	 2.2291920149 	 -0.0000967475 	 -0.0000000497 
132.5000000000 	 -0.0840269587 	 2.2725463658 	 -0.0000962193 	 -0.0000000788 
133.0000000000 	 -0.0835596752 	 2.3181359968 	 -0.0000956842 	 -0.0000000753 
133.5000000000 	 -0.0828191817 	 2.3652027369 	 -0.0000948363 	 -0.0000000765 
134.0000000000 	 -0.0819439811 	 2.4123199842 	 -0.0000938341 	 -0.0000000774 
134.5000000000 	 -0.0809046145 	 2.4557991456 	 -0.0000926439 	 -0.0000000314 
135.0000000000 	 -0.0796495063 	 2.4946642256 	 -0.0000912067 	 0.0000000620 
135.5000000000 	 -0.0783151865 	 2.5283024250 	 -0.0000896787 	 0.0000000114 
136.0000000000 	 -0.0766969737 	 2.5564337094 	 -0.0000878257 	 0.0000000191 
136.5000000000 	 -0.0748907745 	 2.5763831136 	 -0.0000857574 	 -0.0000000067 
137.0000000000 	 -0.0728026451 	 2.5882607190 	 -0.0000833663 	 -0.0000000119 
137.5000000000 	 -0.0704754529 	 2.5932037179 	 -0.0000807015 	 0.0000000326 
138.0000000000 	 -0.0680447917 	 2.5889592345 	 -0.0000779181 	 0.0000000379 
138.5000000000 	 -0.0653899388 	 2.5769588307 	 -0.0000748780 	 0.0000000417 
139.0000000000 	 -0.0624450763 	 2.5552196030 	 -0.0000715059 	 0.0000000544 
139.5000000000 	 -0.0592262056 	 2.5265017196 	 -0.0000678199 	 0.0000000390 
140.0000000000 	 -0.0558348944 	 2.4896931186 	 -0.0000639366 	 -0.0000000007 
140.5000000000 	 -0.0521801701 	 2.4486582690 	 -0.0000597515 	 0.0000000553 
141.0000000000 	 -0.0482937530 	 2.4023744324 	 -0.0000553012 	 0.0000000682 
141.5000000000 	 -0.0441472738 	 2.3527838608 	 -0.0000505531 	 0.0000000736 
142.0000000000 	 -0.0397656061 	 2.3002596851 	 -0.0000455356 	 0.0000000704 
142.5000000000 	 -0.0351815036 	 2.2498065366 	 -0.0000402863 	 0.0000000886 
143.0000000000 	 -0.0304200984 	 2.1975338283 	 -0.0000348341 	 0.0000000385 
143.5000000000 	 -0.0257312925 	 2.1484934273 	 -0.0000294649 	 0.0000001415 
144.0000000000 	 -0.0206680061 	 2.1027580799 	 -0.0000236669 	 0.0000001370 
144.5000000000 	 -0.0154202346 	 2.0606476178 	 -0.0000176577 	 0.0000001214 
145.0000000000 	 -0.0100809233 	 2.0224218940 	 -0.0000115437 	 0.0000001232 
145.5000000000 	 -0.0046462660 	 1.9902980500 	 -0.0000053204 	 0.0000000930 
146.0000000000 	 0.0008626116 	 1.9645546823 	 0.0000009878 	 0.0000000881 
146.5000000000 	 0.0062589141 	 1.9458912832 	 0.0000071671 	 0.0000001148 
147.0000000000 	 0.0117200949 	 1.9337098650 	 0.0000134207 	 0.0000000699 
147.5000000000 	 0.0171293710 	 1.9265980177 	 0.0000196148 	 0.0000000413 
148.0000000000 	 0.0224819500 	 1.9248436070 	 0.0000257441 	 0.0000000620 
148.5000000000 	 0.0276707666 	 1.9276154348 	 0.0000316858 	 0.0000000697 
149.0000000000 	 0.0328047577 	 1.9331163603 	 0.0000375647 	 0.0000000694 
149.5000000000 	 0.0377744800 	 1.9450607035 	 0.0000432556 	 0.0000000807 
150.0000000000 	 0.0424586732 	 1.9585571928 	 0.0000486194 	 0.0000000759 
150.5000000000 	 0.0469624938 	 1.9737785425 	 0.0000537768 	 0.0000000736 
151.0000000000 	 0.0511842689 	 1.9898185512 	 0.0000586111 	 0.0000000205 
151.5000000000 	 0.0551335611 	 2.0047393761 	 0.0000631335 	 -0.0000000394 
152.0000000000 	 0.0588113374 	 2.0178434816 	 0.0000673449 	 -0.0000000685 
152.5000000000 	 0.0620656961 	 2.0294817572 	 0.0000710714 	 -0.0000000717 
153.0000000000 	 0.0649980273 	 2.0379779195 	 0.0000744293 	 -0.0000000880 
153.5000000000 	 0.0675734914 	 2.0436895855 	 0.0000773784 	 -0.0000000950 
154.0000000000 	 0.0697424825 	 2.0442773553 	 0.0000798621 	 -0.0000000967 
154.5000000000 	 0.0715210703 	 2.0410566646 	 0.0000818988 	 -0.0000001133 
155.0000000000 	 0.0728853049 	 2.0325016860 	 0.0000834610 	 -0.0000000934 
155.5000000000 	 0.0738640924 	 2.0210412951 	 0.0000845818 	 -0.0000001076 
156.0000000000 	 0.0744504178 	 2.0062693887 	 0.0000852532 	 -0.0000001046 
156.5000000000 	 0.0746224602 	 1.9881922048 	 0.0000854502 	 -0.0000001148 
157.0000000000 	 0.0744443364 	 1.9661215044 	 0.0000852462 	 -0.0000001233 
157.5000000000 	 0.0738917259 	 1.9412474284 	 0.0000846134 	 -0.0000001163 
158.0000000000 	 0.0729472622 	 1.9144892385 	 0.0000835319 	 -0.0000001192 
158.5000000000 	 0.0716385001 	 1.8874052177 	 0.0000820333 	 -0.0000001294 
159.0000000000 	 0.0699588929 	 1.8596111059 	 0.0000801099 	 -0.0000000875 
159.5000000000 	 0.0680146741 	 1.8326944944 	 0.0000778836 	 -0.0000000668 
160.0000000000 	 0.0657233534 	 1.8075327211 	 0.0000752598 	 -0.0000000652 
160.5000000000 	 0.0632213352 	 1.7846926223 	 0.0000723948 	 -0.0000000601 
161.0000000000 	 0.0605190800 	 1.7643385650 	 0.0000693004 	 -0.0000000623 
161.5000000000 	 0.0575998621 	 1.7456613097 	 0.0000659576 	 -0.0000000717 
162.0000000000 	 0.0545047370 	 1.7322957091 	 0.0000624134 	 -0.0000000595 
162.5000000000 	 0.0512725973 	 1.7221663732 	 0.0000587123 	 -0.0000000572 
163.0000000000 	 0.0478994245 	 1.7170866391 	 0.0000548496 	 -0.0000000482 
163.5000000000 	 0.0444561052 	 1.7157787471 	 0.0000509067 	 -0.0000000578 
164.0000000000 	 0.0409347614 	 1.7173276282 	 0.0000468744 	 -0.0000000390 
164.5000000000 	 0.0373949114 	 1.7239601924 	 0.0000428209 	 -0.0000000209 
165.0000000000 	 0.0338315899 	 1.7332478692 	 0.0000387406 	 -0.0000000084 
165.5000000000 	 0.0302413489 	 1.7459164939 	 0.0000346294 	 -0.0000000212 
166.0000000000 	 0.0266496358 	 1.7617846917 	 0.0000305165 	 -0.0000000206 
166.5000000000 	 0.0231555292 	 1.7775947365 	 0.0000265154 	 -0.0000000182 
167.0000000000 	 0.0197273276 	 1.7948138139 	 0.0000225898 	 -0.0000000107 
167.5000000000 	 0.0163590700 	 1.8116532067 	 0.0000187328 	 0.0000000029 
168.0000000000 	 0.0130917384 	 1.8277961805 	 0.0000149914 	 0.0000000059 
168.5000000000 	 0.0099649071 	 1.8419075645 	 0.0000114108 	 0.0000000305 
169.0000000000 	 0.0069197029 	 1.8546005330 	 0.0000079238 	 0.0000000339 
169.5000000000 	 0.0040191986 	 1.8639914913 	 0.0000046024 	 0.0000000001 
170.0000000000 	 0.0012324062 	 1.8708670726 	 0.0000014112 	 0.0000000205 
170.5000000000 	 -0.0013961160 	 1.8747997970 	 -0.0000015987 	 0.0000000579 
171.0000000000 	 -0.0038499570 	 1.8730573180 	 -0.0000044086 	 0.0000000774 
171.5000000000 	 -0.0062157679 	 1.8683949697 	 -0.0000071177 	 0.0000000622 
172.0000000000 	 -0.0084639786 	 1.8597510053 	 -0.0000096921 	 0.0000000307 
172.5000000000 	 -0.0105720245 	 1.8471870573 	 -0.0000121060 	 0.0000000411 
173.0000000000 	 -0.0125770645 	 1.8305714945 	 -0.0000144020 	 0.0000000544 
173.5000000000 	 -0.0143952500 	 1.8111857713 	 -0.0000164840 	 0.0000000610 
174.0000000000 	 -0.0160704407 	 1.7882630020 	 -0.0000184023 	 0.0000000483 
174.5000000000 	 -0.0176880293 	 1.7624252411 	 -0.0000202546 	 0.0000000456 
175.0000000000 	 -0.0192709684 	 1.7356355563 	 -0.0000220672 	 0.0000000323 
175.5000000000 	 -0.0206943826 	 1.7075545905 	 -0.0000236971 	 0.0000000354 
176.0000000000 	 -0.0220585675 	 1.6780869943 	 -0.0000252593 	 0.0000000354 
176.5000000000 	 -0.0233667220 	 1.6499457321 	 -0.0000267572 	 0.0000000255 
177.0000000000 	 -0.0245655926 	 1.6227043467 	 -0.0000281301 	 0.0000000209 
177.5000000000 	 -0.0256787046 	 1.5967111402 	 -0.0000294047 	 0.0000000153 
178.0000000000 	 -0.0267111136 	 1.5730958072 	 -0.0000305869 	 0.0000000105 
178.5000000000 	 -0.0276760052 	 1.5523607498 	 -0.0000316918 	 0.0000000142 
179.0000000000 	 -0.0285796450 	 1.5348929589 	 -0.0000327266 	 0.0000000070 
179.5000000000 	 -0.0294231401 	 1.5211180784 	 -0.0000336924 	 0.0000000142 
180.0000000000 	 -0.0302392683 	 1.5112045916 	 -0.0000346270 	 0.0000000187 
180.5000000000 	 -0.0309808884 	 1.5047874806 	 -0.0000354762 	 0.0000000099 
181.0000000000 	 -0.0316520185 	 1.5027486711 	 -0.0000362447 	 0.0000000029 
181.5000000000 	 -0.0322798933 	 1.5041305856 	 -0.0000369637 	 -0.0000000181 
182.0000000000 	 -0.0328513591 	 1.5080520673 	 -0.0000376181 	 -0.0000000236 
182.5000000000 	 -0.0333717454 	 1.5159981723 	 -0.0000382140 	 -0.0000000100 
183.0000000000 	 -0.0338201057 	 1.5272055183 	 -0.0000387274 	 -0.0000000005 
183.5000000000 	 -0.0342235918 	 1.5399495650 	 -0.0000391894 	 0.0000000065 
184.0000000000 	 -0.0345687028 	 1.5546130663 	 -0.0000395846 	 0.0000000036 
184.5000000000 	 -0.0348597344 	 1.5700869009 	 -0.0000399179 	 -0.0000000014 
185.0000000000 	 -0.0350592671 	 1.5852438085 	 -0.0000401464 	 -0.0000000082 
185.5000000000 	 -0.0352006742 	 1.6015125703 	 -0.0000403083 	 -0.0000000049 
186.0000000000 	 -0.0352449956 	 1.6167395733 	 -0.0000403591 	 -0.0000000059 
186.5000000000 	 -0.0351988623 	 1.6299948677 	 -0.0000403062 	 -0.0000000156 
187.0000000000 	 -0.0350939438 	 1.6416838102 	 -0.0000401861 	 -0.0000000190 
187.5000000000 	 -0.0348845686 	 1.6517410157 	 -0.0000399463 	 -0.0000000027 
188.0000000000 	 -0.0345357277 	 1.6575085716 	 -0.0000395469 	 0.0000000222 
188.5000000000 	 -0.0340838492 	 1.6623240418 	 -0.0000390294 	 -0.0000000045 
189.0000000000 	 -0.0335714049 	 1.6629272690 	 -0.0000384426 	 0.0000000092 
189.5000000000 	 -0.0329400426 	 1.6602067936 	 -0.0000377197 	 0.0000000219 
190.0000000000 	 -0.0323061593 	 1.6552977400 	 -0.0000369938 	 0.0000000079 
190.5000000000 	 -0.0314511595 	 1.6473928688 	 -0.0000360147 	 0.0000000072 
191.0000000000 	 -0.0304938854 	 1.6366813356 	 -0.0000349186 	 0.0000000157 
191.5000000000 	 -0.0293970199 	 1.6230129536 	 -0.0000336625 	 0.0000000331 
192.0000000000 	 -0.0281296263 	 1.6077694891 	 -0.0000322112 	 0.0000000354 
192.5000000000 	 -0.0267622183 	 1.5913468073 	 -0.0000306454 	 0.0000000406 
193.0000000000 	 -0.0252931393 	 1.5736942684 	 -0.0000289632 	 0.0000000376 
193.5000000000 	 -0.0237325196 	 1.5553410724 	 -0.0000271761 	 0.0000000249 
194.0000000000 	 -0.0220669010 	 1.5364662400 	 -0.0000252688 	 0.0000000329 
194.5000000000 	 -0.0203063539 	 1.5184693430 	 -0.0000232528 	 0.0000000399 
195.0000000000 	 -0.0184514104 	 1.5005658675 	 -0.0000211287 	 0.0000000110 
195.5000000000 	 -0.0165058868 	 1.4841090575 	 -0.0000189009 	 0.0000000243 
196.0000000000 	 -0.0144147796 	 1.4689467258 	 -0.0000165064 	 0.0000000266 
196.5000000000 	 -0.0122661060 	 1.4563520671 	 -0.0000140459 	 0.0000000364 
197.0000000000 	 -0.0101157382 	 1.4456027713 	 -0.0000115835 	 0.0000000300 
197.5000000000 	 -0.0078971695 	 1.4362756893 	 -0.0000090430 	 0.0000000208 
198.0000000000 	 -0.0056316369 	 1.4305587275 	 -0.0000064488 	 0.0000000264 
198.5000000000 	 -0.0033281848 	 1.4259624538 	 -0.0000038111 	 0.0000000247 
199.0000000000 	 -0.0010011208 	 1.4234415718 	 -0.0000011464 	 0.0000000278 
199.5000000000 	 0.0012890046 	 1.4231036055 	 0.0000014760 	 0.0000000337 
200.0000000000 	 0.0035819622 	 1.4245277070 	 0.0000041017 	 0.0000000278 
200.5000000000 	 0.0058335933 	 1.4265387087 	 0.0000066800 	 0.0000000290 
201.0000000000 	 0.0080751504 	 1.4308151168 	 0.0000092469 	 0.0000000187 
201.5000000000 	 0.0102422547 	 1.4358968277 	 0.0000117284 	 0.0000000184 
202.0000000000 	 0.0123217573 	 1.4411129314 	 0.0000141096 	 0.0000000213 
202.5000000000 	 0.0143515487 	 1.4463947808 	 0.0000164340 	 0.0000000228 
203.0000000000 	 0.0162129711 	 1.4512511800 	 0.0000185655 	 -0.0000000197 
203.5000000000 	 0.0180566135 	 1.4552929363 	 0.0000206766 	 -0.0000000134 
204.0000000000 	 0.0197624650 	 1.4584560047 	 0.0000226300 	 -0.0000000129 
204.5000000000 	 0.0213264376 	 1.4606641190 	 0.0000244209 	 -0.0000000175 
205.0000000000 	 0.0227754014 	 1.4610962311 	 0.0000260801 	 -0.0000000226 
205.5000000000 	 0.0240647229 	 1.4599322064 	 0.0000275565 	 -0.0000000261 
206.0000000000 	 0.0251960942 	 1.4580106146 	 0.0000288521 	 -0.0000000340 
206.5000000000 	 0.0262001034 	 1.4539320020 	 0.0000300017 	 -0.0000000407 
207.0000000000 	 0.0270309899 	 1.4478419034 	 0.0000309532 	 -0.0000000450 
207.5000000000 	 0.0277095370 	 1.4404938232 	 0.0000317302 	 -0.0000000481 
208.0000000000 	 0.0282344309 	 1.4318734489 	 0.0000323313 	 -0.0000000524 
208.5000000000 	 0.0286017883 	 1.4220533501 	 0.0000327519 	 -0.0000000557 
209.0000000000 	 0.0288086733 	 1.4111596898 	 0.0000329888 	 -0.0000000451 
209.5000000000 	 0.0288561692 	 1.3999555229 	 0.0000330432 	 -0.0000000469 
210.0000000000 	 0.0287545823 	 1.3884939409 	 0.0000329269 	 -0.0000000550 
210.5000000000 	 0.0285218907 	 1.3767576037 	 0.0000326604 	 -0.0000000561 
211.0000000000 	 0.0281630899 	 1.3658446707 	 0.0000322496 	 -0.0000000498 
211.5000000000 	 0.0276767347 	 1.3553702036 	 0.0000316926 	 -0.0000000413 
212.0000000000 	 0.0270565917 	 1.3456268913 	 0.0000309825 	 -0.0000000356 
212.5000000000 	 0.0263276646 	 1.3367189279 	 0.0000301478 	 -0.0000000417 
213.0000000000 	 0.0255181266 	 1.3297390013 	 0.0000292208 	 -0.0000000345 
213.5000000000 	 0.0246202945 	 1.3238765993 	 0.0000281927 	 -0.0000000388 
214.0000000000 	 0.0236356989 	 1.3190798686 	 0.0000270652 	 -0.0000000324 
214.5000000000 	 0.0225773520 	 1.3169238127 	 0.0000258533 	 -0.0000000295 
215.0000000000 	 0.0214812429 	 1.3154701595 	 0.0000245982 	 -0.0000000188 
215.5000000000 	 0.0203612241 	 1.3159549114 	 0.0000233156 	 -0.0000000103 
216.0000000000 	 0.0191649318 	 1.3184754232 	 0.0000219458 	 -0.0000000170 
216.5000000000 	 0.0179310703 	 1.3225811196 	 0.0000205329 	 -0.0000000162 
217.0000000000 	 0.0167153528 	 1.3273600823 	 0.0000191408 	 -0.0000000073 
217.5000000000 	 0.0154511259 	 1.3327290930 	 0.0000176931 	 -0.0000000102 
218.0000000000 	 0.0141863024 	 1.3384037409 	 0.0000162447 	 -0.0000000095 
218.5000000000 	 0.0129286281 	 1.3446334248 	 0.0000148046 	 -0.0000000123 
219.0000000000 	 0.0116960752 	 1.3513300096 	 0.0000133932 	 -0.0000000068 
219.5000000000 	 0.0104510982 	 1.3571074027 	 0.0000119676 	 -0.0000000110 
220.0000000000 	 0.0092426076 	 1.3634457818 	 0.0000105837 	 -0.0000000095 
220.5000000000 	 0.0080830937 	 1.3685913929 	 0.0000092560 	 0.0000000116 
221.0000000000 	 0.0069366609 	 1.3728586378 	 0.0000079432 	 0.0000000198 
221.5000000000 	 0.0058460034 	 1.3756531424 	 0.0000066943 	 0.0000000191 
222.0000000000 	 0.0047681963 	 1.3769509619 	 0.0000054601 	 0.0000000300 
222.5000000000 	 0.0037107483 	 1.3770949513 	 0.0000042492 	 0.0000000123 
223.0000000000 	 0.0026851771 	 1.3751433926 	 0.0000030748 	 0.0000000162 
223.5000000000 	 0.0017320617 	 1.3719213442 	 0.0000019834 	 0.0000000135 
224.0000000000 	 0.0007963224 	 1.3673131090 	 0.0000009119 	 0.0000000208 
224.5000000000 	 -0.0000873476 	 1.3606259396 	 -0.0000001000 	 0.0000000313 
225.0000000000 	 -0.0009587945 	 1.3529609289 	 -0.0000010979 	 0.0000000341 
225.5000000000 	 -0.0018133453 	 1.3447780657 	 -0.0000020765 	 0.0000000404 
226.0000000000 	 -0.0026066761 	 1.3353654168 	 -0.0000029849 	 0.0000000372 
226.5000000000 	 -0.0033751691 	 1.3249513273 	 -0.0000038649 	 0.0000000291 
227.0000000000 	 -0.0041139384 	 1.3141514580 	 -0.0000047109 	 0.0000000241 
227.5000000000 	 -0.0048253798 	 1.3032773236 	 -0.0000055255 	 0.0000000099 
228.0000000000 	 -0.0054689682 	 1.2916407940 	 -0.0000062625 	 0.0000000025 
228.5000000000 	 -0.0061278957 	 1.2810612591 	 -0.0000070171 	 0.0000000115 
229.0000000000 	 -0.0067704227 	 1.2709172689 	 -0.0000077528 	 0.0000000164 
229.5000000000 	 -0.0073819123 	 1.2614429653 	 -0.0000084530 	 0.0000000110 
230.0000000000 	 -0.0079884778 	 1.2532664622 	 -0.0000091476 	 0.0000000047 
230.5000000000 	 -0.0085607945 	 1.2462511630 	 -0.0000098030 	 0.0000000017 
231.0000000000 	 -0.0090948513 	 1.2406830575 	 -0.0000104145 	 -0.0000000074 
231.5000000000 	 -0.0096220217 	 1.2361436477 	 -0.0000110182 	 0.0000000018 
232.0000000000 	 -0.0101343163 	 1.2332433377 	 -0.0000116048 	 0.0000000010 
232.5000000000 	 -0.0106280048 	 1.2312931230 	 -0.0000121701 	 0.0000000044 
233.0000000000 	 -0.0111086020 	 1.2313531992 	 -0.0000127205 	 0.0000000034 
233.5000000000 	 -0.0115564932 	 1.2322335753 	 -0.0000132333 	 0.0000000045 
234.0000000000 	 -0.0119886098 	 1.2346357993 	 -0.0000137282 	 0.0000000039 
234.5000000000 	 -0.0123951854 	 1.2377536011 	 -0.0000141937 	 0.0000000043 
235.0000000000 	 -0.0127764078 	 1.2413112653 	 -0.0000146303 	 0.0000000025 
235.5000000000 	 -0.0131455721 	 1.2464476120 	 -0.0000150530 	 0.0000000029 
236.0000000000 	 -0.0134802436 	 1.2512429802 	 -0.0000154362 	 0.0000000013 
236.5000000000 	 -0.0137768098 	 1.2562907979 	 -0.0000157758 	 0.0000000024 
237.0000000000 	 -0.0140418047 	 1.2616278293 	 -0.0000160793 	 -0.0000000047 
237.5000000000 	 -0.0142742921 	 1.2663299531 	 -0.0000163455 	 -0.0000000072 
238.0000000000 	 -0.0144698214 	 1.2704591021 	 -0.0000165694 	 -0.0000000063 
238.5000000000 	 -0.0146354688 	 1.2738866901 	 -0.0000167591 	 -0.0000000069 
239.0000000000 	 -0.0147441438 	 1.2766057186 	 -0.0000168835 	 -0.0000000097 
239.5000000000 	 -0.0148188568 	 1.2784140117 	 -0.0000169691 	 -0.0000000117 
240.0000000000 	 -0.0148665467 	 1.2789278261 	 -0.0000170237 	 -0.0000000083 
240.5000000000 	 -0.0148491183 	 1.2786967914 	 -0.0000170037 	 -0.0000000098 
241.0000000000 	 -0.0147755547 	 1.2773666680 	 -0.0000169195 	 -0.0000000103 
241.5000000000 	 -0.0146482144 	 1.2753085657 	 -0.0000167737 	 -0.0000000067 
242.0000000000 	 -0.0144612641 	 1.2717517854 	 -0.0000165596 	 0.0000000020 
242.5000000000 	 -0.0142203410 	 1.2672185901 	 -0.0000162837 	 0.0000000029 
243.0000000000 	 -0.0139287361 	 1.2620517861 	 -0.0000159498 	 0.0000000036 
243.5000000000 	 -0.0135720174 	 1.2560750422 	 -0.0000155413 	 0.0000000072 
244.0000000000 	 -0.0131892194 	 1.2500636518 	 -0.0000151030 	 0.0000000107 
244.5000000000 	 -0.0127427528 	 1.2435708507 	 -0.0000145917 	 0.0000000141 
245.0000000000 	 -0.0122595997 	 1.2364420991 	 -0.0000140385 	 0.0000000100 
245.5000000000 	 -0.0117125328 	 1.2295657847 	 -0.0000134120 	 0.0000000036 
246.0000000000 	 -0.0110850270 	 1.2232966316 	 -0.0000126935 	 -0.0000000003 
246.5000000000 	 -0.0104065383 	 1.2169913050 	 -0.0000119165 	 0.0000000011 
247.0000000000 	 -0.0097032483 	 1.2110408855 	 -0.0000111112 	 0.0000000051 
247.5000000000 	 -0.0089472797 	 1.2057058043 	 -0.0000102455 	 0.0000000123 
248.0000000000 	 -0.0081593170 	 1.2016371320 	 -0.0000093432 	 0.0000000078 
248.5000000000 	 -0.0073368383 	 1.1978428281 	 -0.0000084014 	 0.0000000018 
249.0000000000 	 -0.0064689575 	 1.1948201113 	 -0.0000074076 	 -0.0000000007 
249.5000000000 	 -0.0055833261 	 1.1929121414 	 -0.0000063935 	 -0.0000000072 
250.0000000000 	 -0.0046612391 	 1.1912471746 	 -0.0000053376 	 -0.0000000067 
250.5000000000 	 -0.0037356364 	 1.1903708332 	 -0.0000042777 	 -0.0000000007 
251.0000000000 	 -0.0028058762 	 1.1902995913 	 -0.0000032130 	 0.0000000042 
251.5000000000 	 -0.0018661346 	 1.1910098246 	 -0.0000021369 	 0.0000000127 
252.0000000000 	 -0.0009119266 	 1.1923517303 	 -0.0000010442 	 0.0000000148 
252.5000000000 	 0.0000264049 	 1.1938883521 	 0.0000000302 	 0.0000000171 
253.0000000000 	 0.0009565549 	 1.1958891182 	 0.0000010954 	 0.0000000150 
253.5000000000 	 0.0018677958 	 1.1979265482 	 0.0000021388 	 0.0000000080 
254.0000000000 	 0.0027629759 	 1.1995438850 	 0.0000031639 	 0.0000000061 
254.5000000000 	 0.0036227855 	 1.2015151951 	 0.0000041485 	 0.0000000109 
255.0000000000 	 0.0044615067 	 1.2031821748 	 0.0000051089 	 0.0000000062 
255.5000000000 	 0.0052646095 	 1.2042572180 	 0.0000060285 	 0.0000000060 
256.0000000000 	 0.0060199362 	 1.2047667042 	 0.0000068934 	 0.0000000049 
256.5000000000 	 0.0067284949 	 1.2044081479 	 0.0000077048 	 0.0000000034 
257.0000000000 	 0.0073837633 	 1.2039290152 	 0.0000084551 	 0.0000000029 
257.5000000000 	 0.0079834101 	 1.2028465978 	 0.0000091418 	 0.0000000024 
258.0000000000 	 0.0085117511 	 1.2004842551 	 0.0000097468 	 0.0000000007 
258.5000000000 	 0.0090118364 	 1.1980434359 	 0.0000103195 	 -0.0000000002 
259.0000000000 	 0.0094566675 	 1.1949840199 	 0.0000108288 	 -0.0000000045 
259.5000000000 	 0.0098338001 	 1.1912720803 	 0.0000112607 	 -0.0000000085 
260.0000000000 	 0.0101508360 	 1.1871436864 	 0.0000116237 	 -0.0000000105 
260.5000000000 	 0.0104135469 	 1.1828073303 	 0.0000119246 	 -0.0000000098 
261.0000000000 	 0.0106205017 	 1.1780784062 	 0.0000121615 	 -0.0000000108 
261.5000000000 	 0.0107617149 	 1.1731226868 	 0.0000123232 	 -0.0000000127 
262.0000000000 	 0.0108514923 	 1.1686913797 	 0.0000124260 	 -0.0000000137 
262.5000000000 	 0.0108841055 	 1.1637806589 	 0.0000124634 	 -0.0000000126 
263.0000000000 	 0.0108571122 	 1.1587326450 	 0.0000124325 	 -0.0000000113 
263.5000000000 	 0.0107839253 	 1.1541735051 	 0.0000123487 	 -0.0000000158 
264.0000000000 	 0.0106711054 	 1.1504182227 	 0.0000122195 	 -0.0000000152 
264.5000000000 	 0.0105071465 	 1.1471912192 	 0.0000120317 	 -0.0000000169 
265.0000000000 	 0.0103023031 	 1.1445759952 	 0.0000117972 	 -0.0000000167 
265.5000000000 	 0.0100617183 	 1.1426286554 	 0.0000115217 	 -0.0000000181 
266.0000000000 	 0.0097917900 	 1.1411425386 	 0.0000112126 	 -0.0000000188 
266.5000000000 	 0.0094892903 	 1.1405789877 	 0.0000108662 	 -0.0000000160 
267.0000000000 	 0.0091669733 	 1.1404027975 	 0.0000104971 	 -0.0000000113 
267.5000000000 	 0.0088221373 	 1.1407969048 	 0.0000101022 	 -0.0000000088 
268.0000000000 	 0.0084571102 	 1.1419839847 	 0.0000096842 	 -0.0000000066 
268.5000000000 	 0.0080703266 	 1.1438581821 	 0.0000092413 	 -0.0000000054 
269.0000000000 	 0.0076675542 	 1.1455341198 	 0.0000087801 	 -0.0000000077 
269.5000000000 	 0.0072501942 	 1.1475298078 	 0.0000083022 	 -0.0000000139 
270.0000000000 	 0.0068369281 	 1.1502821792 	 0.0000078290 	 -0.0000000147 
270.5000000000 	 0.0064275353 	 1.1524289040 	 0.0000073602 	 -0.0000000160 
271.0000000000 	 0.0060090275 	 1.1548904460 	 0.0000068809 	 -0.0000000158 
271.5000000000 	 0.0055883884 	 1.1570246409 	 0.0000063993 	 -0.0000000144 
272.0000000000 	 0.0051541983 	 1.1587913182 	 0.0000059021 	 -0.0000000197 
272.5000000000 	 0.0047364648 	 1.1603231910 	 0.0000054237 	 -0.0000000112 
273.0000000000 	 0.0043147352 	 1.1613531038 	 0.0000049408 	 -0.0000000118 
273.5000000000 	 0.0039103611 	 1.1618915907 	 0.0000044778 	 -0.0000000069 
274.0000000000 	 0.0035076599 	 1.1618284675 	 0.0000040166 	 -0.0000000006 
274.5000000000 	 0.0031263010 	 1.1611974627 	 0.0000035799 	 0.0000000098 
275.0000000000 	 0.0027440566 	 1.1599876955 	 0.0000031422 	 0.0000000130 
275.5000000000 	 0.0023589621 	 1.1582361325 	 0.0000027012 	 0.0000000079 
276.0000000000 	 0.0019829886 	 1.1559158150 	 0.0000022707 	 0.0000000087 
276.5000000000 	 0.0016112292 	 1.1529511802 	 0.0000018450 	 0.0000000041 
277.0000000000 	 0.0012514816 	 1.1495358422 	 0.0000014331 	 0.0000000018 
277.5000000000 	 0.0009048328 	 1.1459408355 	 0.0000010361 	 0.0000000009 
278.0000000000 	 0.0005624805 	 1.1419812592 	 0.0000006441 	 0.0000000002 
278.5000000000 	 0.0002509777 	 1.1379655742 	 0.0000002874 	 0.0000000132 
279.0000000000 	 -0.0000767593 	 1.1338876804 	 -0.0000000879 	 0.0000000161 
279.5000000000 	 -0.0003969771 	 1.1293824351 	 -0.0000004546 	 0.0000000142 
280.0000000000 	 -0.0007239065 	 1.1254667709 	 -0.0000008289 	 0.0000000148 
280.5000000000 	 -0.0010439021 	 1.1216037966 	 -0.0000011954 	 0.0000000153 
281.0000000000 	 -0.0013545706 	 1.1177659502 	 -0.0000015511 	 0.0000000090 
281.5000000000 	 -0.0016593459 	 1.1147780211 	 -0.0000019001 	 0.0000000072 
282.0000000000 	 -0.0019621386 	 1.1121308733 	 -0.0000022468 	 0.0000000045 
282.5000000000 	 -0.0022456155 	 1.1097268682 	 -0.0000025715 	 0.0000000075 
283.0000000000 	 -0.0025276428 	 1.1078296160 	 -0.0000028944 	 0.0000000074 
283.5000000000 	 -0.0028088623 	 1.1066053533 	 -0.0000032164 	 0.0000000053 
284.0000000000 	 -0.0030832321 	 1.1057763429 	 -0.0000035306 	 0.0000000055 
284.5000000000 	 -0.0033499825 	 1.1055654017 	 -0.0000038361 	 0.0000000049 
285.0000000000 	 -0.0036132117 	 1.1056060036 	 -0.0000041375 	 0.0000000037 
285.5000000000 	 -0.0038636003 	 1.1063576835 	 -0.0000044242 	 0.0000000030 
286.0000000000 	 -0.0041086767 	 1.1073640550 	 -0.0000047048 	 0.0000000012 
286.5000000000 	 -0.0043453337 	 1.1086262435 	 -0.0000049758 	 -0.0000000001 
287.0000000000 	 -0.0045676341 	 1.1098869951 	 -0.0000052304 	 -0.0000000000 
287.5000000000 	 -0.0047840043 	 1.1115076579 	 -0.0000054782 	 -0.0000000001 
288.0000000000 	 -0.0049896387 	 1.1131912452 	 -0.0000057136 	 -0.0000000005 
288.5000000000 	 -0.0051751987 	 1.1146602895 	 -0.0000059261 	 0.0000000001 
289.0000000000 	 -0.0053543154 	 1.1160721969 	 -0.0000061312 	 0.0000000011 
289.5000000000 	 -0.0055210390 	 1.1172822374 	 -0.0000063221 	 -0.0000000001 
290.0000000000 	 -0.0056644602 	 1.1181479722 	 -0.0000064864 	 -0.0000000015 
290.5000000000 	 -0.0057973109 	 1.1189332010 	 -0.0000066385 	 -0.0000000018 
291.0000000000 	 -0.0059096351 	 1.1194618873 	 -0.0000067671 	 -0.0000000024 
291.5000000000 	 -0.0060030353 	 1.1193730417 	 -0.0000068741 	 -0.0000000059 
292.0000000000 	 -0.0060760210 	 1.1192397754 	 -0.0000069577 	 -0.0000000055 
292.5000000000 	 -0.0061266936 	 1.1183372788 	 -0.0000070157 	 -0.0000000046 
293.0000000000 	 -0.0061623438 	 1.1173298857 	 -0.0000070565 	 -0.0000000036 
293.5000000000 	 -0.0061715764 	 1.1155999292 	 -0.0000070671 	 -0.0000000011 
294.0000000000 	 -0.0061535785 	 1.1140705703 	 -0.0000070465 	 0.0000000009 
294.5000000000 	 -0.0061140149 	 1.1119726618 	 -0.0000070012 	 0.0000000012 
295.0000000000 	 -0.0060492638 	 1.1096116404 	 -0.0000069270 	 -0.0000000000 
295.5000000000 	 -0.0059582724 	 1.1068036251 	 -0.0000068228 	 -0.0000000033 
296.0000000000 	 -0.0058431399 	 1.1043172128 	 -0.0000066910 	 -0.0000000043 
296.5000000000 	 -0.0057015543 	 1.1021588869 	 -0.0000065289 	 -0.0000000008 
297.0000000000 	 -0.0055433639 	 1.0993920599 	 -0.0000063477 	 0.0000000020 
297.5000000000 	 -0.0053573690 	 1.0965434046 	 -0.0000061347 	 0.0000000054 
298.0000000000 	 -0.0051520479 	 1.0944030767 	 -0.0000058996 	 0.0000000063 
298.5000000000 	 -0.0049219889 	 1.0920453899 	 -0.0000056362 	 0.0000000051 
299.0000000000 	 -0.0046702000 	 1.0901469642 	 -0.0000053478 	 0.0000000046 
299.5000000000 	 -0.0043937796 	 1.0884725227 	 -0.0000050313 	 0.0000000015 
300.0000000000 	 -0.0041001714 	 1.0873057111 	 -0.0000046951 	 0.0000000001 
300.5000000000 	 -0.0038024205 	 1.0860572601 	 -0.0000043542 	 0.0000000007 
301.0000000000 	 -0.0034763590 	 1.0852870828 	 -0.0000039808 	 -0.0000000008 
301.5000000000 	 -0.0031365944 	 1.0849713691 	 -0.0000035917 	 -0.0000000022 
302.0000000000 	 -0.0027837115 	 1.0850526616 	 -0.0000031876 	 -0.0000000010 
302.5000000000 	 -0.0024223315 	 1.0853163105 	 -0.0000027738 	 -0.0000000017 
303.0000000000 	 -0.0020507129 	 1.0856428108 	 -0.0000023483 	 -0.0000000025 
303.5000000000 	 -0.0016796648 	 1.0860908156 	 -0.0000019234 	 -0.0000000010 
304.0000000000 	 -0.0013064750 	 1.0863665802 	 -0.0000014960 	 0.0000000031 
304.5000000000 	 -0.0009280828 	 1.0871756473 	 -0.0000010627 	 0.0000000020 
305.0000000000 	 -0.0005576818 	 1.0881590095 	 -0.0000006386 	 0.0000000020 
305.5000000000 	 -0.0001916331 	 1.0887728246 	 -0.0000002194 	 0.0000000010 
306.0000000000 	 0.0001716556 	 1.0893222004 	 0.0000001966 	 -0.0000000043 
306.5000000000 	 0.0005287137 	 1.0898568636 	 0.0000006054 	 -0.0000000049 
307.0000000000 	 0.0008756069 	 1.0901529786 	 0.0000010027 	 -0.0000000058 
307.5000000000 	 0.0012108644 	 1.0901338624 	 0.0000013866 	 -0.0000000067 
308.0000000000 	 0.0015346307 	 1.0900011082 	 0.0000017573 	 -0.0000000078 
308.5000000000 	 0.0018380169 	 1.0900962107 	 0.0000021047 	 -0.0000000059 
309.0000000000 	 0.0021284980 	 1.0896266229 	 0.0000024373 	 -0.0000000040 
309.5000000000 	 0.0023973307 	 1.0885780796 	 0.0000027452 	 -0.0000000025 
310.0000000000 	 0.0026490988 	 1.0874173121 	 0.0000030335 	 -0.0000000012 
310.5000000000 	 0.0028788179 	 1.0862146292 	 0.0000032965 	 0.0000000025 
311.0000000000 	 0.0030885133 	 1.0845360560 	 0.0000035367 	 0.0000000039 
311.5000000000 	 0.0032752183 	 1.0825654617 	 0.0000037505 	 0.0000000005 
312.0000000000 	 0.0034440864 	 1.0806562035 	 0.0000039438 	 -0.0000000014 
312.5000000000 	 0.0035927257 	 1.0788063390 	 0.0000041140 	 -0.0000000028 
313.0000000000 	 0.0037170681 	 1.0767150694 	 0.0000042564 	 -0.0000000044 
313.5000000000 	 0.0038155524 	 1.0748718380 	 0.0000043692 	 -0.0000000044 
314.0000000000 	 0.0038990068 	 1.0731138266 	 0.0000044648 	 -0.0000000047 
314.5000000000 	 0.0039608703 	 1.0712231305 	 0.0000045356 	 -0.0000000056 
315.0000000000 	 0.0040042922 	 1.0693865797 	 0.0000045853 	 -0.0000000066 
315.5000000000 	 0.0040257489 	 1.0676728521 	 0.0000046099 	 -0.0000000064 
316.0000000000 	 0.0040325955 	 1.0664576985 	 0.0000046177 	 -0.0000000057 
316.5000000000 	 0.0040204764 	 1.0654330236 	 0.0000046038 	 -0.0000000058 
317.0000000000 	 0.0039918400 	 1.0647119869 	 0.0000045711 	 -0.0000000062 
317.5000000000 	 0.0039490977 	 1.0639664212 	 0.0000045221 	 -0.0000000058 
318.0000000000 	 0.0038936019 	 1.0633753419 	 0.0000044586 	 -0.0000000070 
318.5000000000 	 0.0038255942 	 1.0630914750 	 0.0000043807 	 -0.0000000072 
319.0000000000 	 0.0037427739 	 1.0630181912 	 0.0000042859 	 -0.0000000070 
319.5000000000 	 0.0036516294 	 1.0634043025 	 0.0000041815 	 -0.0000000060 
320.0000000000 	 0.0035540955 	 1.0640775323 	 0.0000040698 	 -0.0000000062 
320.5000000000 	 0.0034459339 	 1.0644949029 	 0.0000039459 	 -0.0000000057 
321.0000000000 	 0.0033355694 	 1.0651988028 	 0.0000038196 	 -0.0000000041 
321.5000000000 	 0.0032157552 	 1.0658786400 	 0.0000036824 	 -0.0000000046 
322.0000000000 	 0.0030905976 	 1.0665856256 	 0.0000035390 	 -0.0000000071 
322.5000000000 	 0.0029560707 	 1.0674816263 	 0.0000033850 	 -0.0000000068 
323.0000000000 	 0.0028214817 	 1.0682777481 	 0.0000032309 	 -0.0000000060 
323.5000000000 	 0.0026842897 	 1.0688696709 	 0.0000030738 	 -0.0000000048 
324.0000000000 	 0.0025521272 	 1.0689945971 	 0.0000029224 	 -0.0000000047 
324.5000000000 	 0.0024075575 	 1.0693277857 	 0.0000027569 	 -0.0000000052 
325.0000000000 	 0.0022677347 	 1.0694547790 	 0.0000025968 	 -0.0000000050 
325.5000000000 	 0.0021264832 	 1.0692649919 	 0.0000024350 	 -0.0000000048 
326.0000000000 	 0.0019836542 	 1.0689673485 	 0.0000022715 	 -0.0000000035 
326.5000000000 	 0.0018415123 	 1.0686192926 	 0.0000021087 	 -0.0000000022 
327.0000000000 	 0.0016990075 	 1.0676155694 	 0.0000019455 	 -0.0000000025 
327.5000000000 	 0.0015554654 	 1.0671659647 	 0.0000017812 	 -0.0000000020 
328.0000000000 	 0.0014159130 	 1.0660855682 	 0.0000016214 	 -0.0000000012 
328.5000000000 	 0.0012779937 	 1.0646997757 	 0.0000014634 	 0.0000000023 
329.0000000000 	 0.0011363889 	 1.0631484425 	 0.0000013013 	 0.0000000022 
329.5000000000 	 0.0009974825 	 1.0617297675 	 0.0000011422 	 0.0000000008 
330.0000000000 	 0.0008567906 	 1.0601303552 	 0.0000009811 	 0.0000000038 
330.5000000000 	 0.0007148204 	 1.0585244349 	 0.0000008185 	 0.0000000033 
331.0000000000 	 0.0005740669 	 1.0571889632 	 0.0000006574 	 0.0000000024 
331.5000000000 	 0.0004359485 	 1.0557527181 	 0.0000004992 	 0.0000000025 
332.0000000000 	 0.0003010240 	 1.0543067639 	 0.0000003447 	 0.0000000043 
332.5000000000 	 0.0001614164 	 1.0531779169 	 0.0000001848 	 0.0000000040 
333.0000000000 	 0.0000268321 	 1.0519648247 	 0.0000000307 	 0.0000000042 
333.5000000000 	 -0.0001088233 	 1.0508393355 	 -0.0000001246 	 0.0000000036 
334.0000000000 	 -0.0002448503 	 1.0500776547 	 -0.0000002804 	 0.0000000022 
334.5000000000 	 -0.0003754521 	 1.0490800179 	 -0.0000004299 	 -0.0000000008 
335.0000000000 	 -0.0005102501 	 1.0486755454 	 -0.0000005843 	 0.0000000006 
335.5000000000 	 -0.0006445458 	 1.0482905623 	 -0.0000007381 	 0.0000000021 
336.0000000000 	 -0.0007792877 	 1.0481795666 	 -0.0000008924 	 0.0000000027 
336.5000000000 	 -0.0009071890 	 1.0482431950 	 -0.0000010388 	 0.0000000032 
337.0000000000 	 -0.0010338582 	 1.0484289315 	 -0.0000011839 	 0.0000000019 
337.5000000000 	 -0.0011590999 	 1.0486763402 	 -0.0000013273 	 0.0000000018 
338.0000000000 	 -0.0012803411 	 1.0491748910 	 -0.0000014661 	 0.0000000009 
338.5000000000 	 -0.0013892932 	 1.0492697279 	 -0.0000015909 	 0.0000000000 
339.0000000000 	 -0.0015063085 	 1.0499152053 	 -0.0000017249 	 -0.0000000006 
339.5000000000 	 -0.0016190760 	 1.0503442625 	 -0.0000018540 	 -0.0000000015 
340.0000000000 	 -0.0017280665 	 1.0508968865 	 -0.0000019788 	 -0.0000000019 
340.5000000000 	 -0.0018317721 	 1.0512477392 	 -0.0000020976 	 -0.0000000026 
341.0000000000 	 -0.0019304404 	 1.0517555828 	 -0.0000022105 	 -0.0000000037 
341.5000000000 	 -0.0020209773 	 1.0522856658 	 -0.0000023142 	 -0.0000000033 
342.0000000000 	 -0.0021065644 	 1.0522558762 	 -0.0000024122 	 -0.0000000032 
342.5000000000 	 -0.0021852643 	 1.0525682078 	 -0.0000025023 	 -0.0000000026 
343.0000000000 	 -0.0022557720 	 1.0524867067 	 -0.0000025831 	 -0.0000000030 
343.5000000000 	 -0.0023196608 	 1.0521352857 	 -0.0000026562 	 -0.0000000025 
344.0000000000 	 -0.0023758216 	 1.0520455114 	 -0.0000027206 	 -0.0000000014 
344.5000000000 	 -0.0024225267 	 1.0515550487 	 -0.0000027740 	 -0.0000000010 
345.0000000000 	 -0.0024560462 	 1.0505877968 	 -0.0000028124 	 -0.0000000037 
345.5000000000 	 -0.0024832395 	 1.0497657817 	 -0.0000028436 	 -0.0000000029 
346.0000000000 	 -0.0025003751 	 1.0488409971 	 -0.0000028632 	 -0.0000000019 
346.5000000000 	 -0.0025074004 	 1.0479115731 	 -0.0000028712 	 -0.0000000005 
347.0000000000 	 -0.0025026890 	 1.0467609632 	 -0.0000028658 	 -0.0000000003 
347.5000000000 	 -0.0024883125 	 1.0455445754 	 -0.0000028494 	 -0.0000000004 
348.0000000000 	 -0.0024656923 	 1.0448284799 	 -0.0000028235 	 -0.0000000009 
348.5000000000 	 -0.0024346247 	 1.0434127301 	 -0.0000027879 	 -0.0000000000 
349.0000000000 	 -0.0023911650 	 1.0424228181 	 -0.0000027381 	 -0.0000000004 
349.5000000000 	 -0.0023346717 	 1.0418416622 	 -0.0000026734 	 0.0000000010 
350.0000000000 	 -0.0022687018 	 1.0410633567 	 -0.0000025979 	 0.0000000010 
350.5000000000 	 -0.0021934293 	 1.0401128676 	 -0.0000025117 	 0.0000000007 
351.0000000000 	 -0.0021100080 	 1.0393507418 	 -0.0000024162 	 -0.0000000003 
351.5000000000 	 -0.0020161874 	 1.0389059371 	 -0.0000023087 	 0.0000000005 
352.0000000000 	 -0.0019155075 	 1.0384600453 	 -0.0000021934 	 0.0000000014 
352.5000000000 	 -0.0018074383 	 1.0383846078 	 -0.0000020697 	 0.0000000015 
353.0000000000 	 -0.0016901335 	 1.0380882943 	 -0.0000019354 	 0.0000000012 
353.5000000000 	 -0.0015669706 	 1.0379081745 	 -0.0000017943 	 -0.0000000002 
354.0000000000 	 -0.0014454427 	 1.0378791543 	 -0.0000016552 	 0.0000000010 
354.5000000000 	 -0.0013120304 	 1.0382345341 	 -0.0000015024 	 0.0000000000 
355.0000000000 	 -0.0011749144 	 1.0387222500 	 -0.0000013454 	 -0.0000000009 
355.5000000000 	 -0.0010333383 	 1.0389449924 	 -0.0000011833 	 -0.0000000006 
356.0000000000 	 -0.0008902657 	 1.0388774184 	 -0.0000010194 	 0.0000000000 
356.5000000000 	 -0.0007435452 	 1.0394059775 	 -0.0000008514 	 0.0000000017 
357.0000000000 	 -0.0005981973 	 1.0398702068 	 -0.0000006850 	 0.0000000027 
357.5000000000 	 -0.0004538675 	 1.0399395902 	 -0.0000005197 	 0.0000000020 
358.0000000000 	 -0.0003093325 	 1.0399470303 	 -0.0000003542 	 0.0000000003 
358.5000000000 	 -0.0001667457 	 1.0402759751 	 -0.0000001909 	 0.0000000004 
359.0000000000 	 -0.0000280976 	 1.0403168566 	 -0.0000000322 	 0.0000000003 
359.5000000000 	 0.0001087076 	 1.0403974164 	 0.0000001245 	 -0.0000000001 
360.0000000000 	 0.0002418656 	 1.0401578121 	 0.0000002770 	 -0.0000000027 
360.5000000000 	 0.0003695297 	 1.0396681587 	 0.0000004231 	 -0.0000000022 
361.0000000000 	 0.0004919275 	 1.0394310249 	 0.0000005633 	 -0.0000000010 
361.5000000000 	 0.0006080644 	 1.0391173144 	 0.0000006963 	 -0.0000000004 
362.0000000000 	 0.0007164878 	 1.0385161003 	 0.0000008205 	 0.0000000000 
362.5000000000 	 0.0008169917 	 1.0375294098 	 0.0000009355 	 0.0000000003 
363.0000000000 	 0.0009122449 	 1.0369671552 	 0.0000010446 	 0.0000000002 
363.5000000000 	 0.0010016186 	 1.0361504515 	 0.0000011470 	 0.0000000002 
364.0000000000 	 0.0010819933 	 1.0353837389 	 0.0000012390 	 -0.0000000004 
364.5000000000 	 0.0011549163 	 1.0343706571 	 0.0000013225 	 -0.0000000006 
365.0000000000 	 0.0012185252 	 1.0331505881 	 0.0000013953 	 -0.0000000008 
365.5000000000 	 0.0012770113 	 1.0324573801 	 0.0000014623 	 -0.0000000006 
366.0000000000 	 0.0013265104 	 1.0318902770 	 0.0000015190 	 -0.0000000005 
366.5000000000 	 0.0013695239 	 1.0312751898 	 0.0000015682 	 -0.0000000014 
367.0000000000 	 0.0014056349 	 1.0307854394 	 0.0000016096 	 -0.0000000015 
367.5000000000 	 0.0014323725 	 1.0301387992 	 0.0000016402 	 -0.0000000015 
368.0000000000 	 0.0014529939 	 1.0293599019 	 0.0000016638 	 -0.0000000015 
368.5000000000 	 0.0014674156 	 1.0290419736 	 0.0000016803 	 -0.0000000020 
369.0000000000 	 0.0014767368 	 1.0288840257 	 0.0000016910 	 -0.0000000025 
369.5000000000 	 0.0014808558 	 1.0286953751 	 0.0000016957 	 -0.0000000026 
370.0000000000 	 0.0014796748 	 1.0288327173 	 0.0000016944 	 -0.0000000025 
370.5000000000 	 0.0014734040 	 1.0289584053 	 0.0000016872 	 -0.0000000027 
371.0000000000 	 0.0014609580 	 1.0288093127 	 0.0000016729 	 -0.0000000028 
371.5000000000 	 0.0014449110 	 1.0288196914 	 0.0000016546 	 -0.0000000030 
372.0000000000 	 0.0014252200 	 1.0292502871 	 0.0000016320 	 -0.0000000025 
372.5000000000 	 0.0014016500 	 1.0292502658 	 0.0000016050 	 -0.0000000025 
373.0000000000 	 0.0013751774 	 1.0291903380 	 0.0000015747 	 -0.0000000026 
373.5000000000 	 0.0013459157 	 1.0296751787 	 0.0000015412 	 -0.0000000024 
374.0000000000 	 0.0013136190 	 1.0299513260 	 0.0000015042 	 -0.0000000028 
374.5000000000 	 0.0012783650 	 1.0302913826 	 0.0000014639 	 -0.0000000017 
375.0000000000 	 0.0012408259 	 1.0305841306 	 0.0000014209 	 -0.0000000014 
375.5000000000 	 0.0012009543 	 1.0306465965 	 0.0000013752 	 -0.0000000016 
376.0000000000 	 0.0011604158 	 1.0307086698 	 0.0000013288 	 -0.0000000010 
376.5000000000 	 0.0011182134 	 1.0308426765 	 0.0000012805 	 -0.0000000005 
377.0000000000 	 0.0010736456 	 1.0304516674 	 0.0000012294 	 -0.0000000004 
377.5000000000 	 0.0010276790 	 1.0305427648 	 0.0000011768 	 0.0000000002 
378.0000000000 	 0.0009808521 	 1.0304116864 	 0.0000011232 	 0.0000000004 
378.5000000000 	 0.0009346989 	 1.0300274047 	 0.0000010703 	 0.0000000005 
379.0000000000 	 0.0008874636 	 1.0294149803 	 0.0000010162 	 -0.0000000012 
379.5000000000 	 0.0008374158 	 1.0291023296 	 0.0000009589 	 -0.0000000009 
380.0000000000 	 0.0007859297 	 1.0286563413 	 0.0000009000 	 -0.0000000001 
380.5000000000 	 0.0007350241 	 1.0278263055 	 0.0000008417 	 0.0000000023 
381.0000000000 	 0.0006821932 	 1.0273300021 	 0.0000007812 	 0.0000000025 
381.5000000000 	 0.0006289931 	 1.0267813034 	 0.0000007203 	 0.0000000017 
382.0000000000 	 0.0005752392 	 1.0261674455 	 0.0000006587 	 0.0000000019 
382.5000000000 	 0.0005204012 	 1.0257752797 	 0.0000005959 	 0.0000000001 
383.0000000000 	 0.0004644896 	 1.0251962622 	 0.0000005319 	 -0.0000000002 
383.5000000000 	 0.0004086554 	 1.0246699034 	 0.0000004680 	 0.0000000002 
384.0000000000 	 0.0003524094 	 1.0242134480 	 0.0000004035 	 0.0000000003 
384.5000000000 	 0.0002958088 	 1.0236693343 	 0.0000003387 	 0.0000000001 
385.0000000000 	 0.0002397251 	 1.0230137475 	 0.0000002745 	 0.0000000003 
385.5000000000 	 0.0001822386 	 1.0226086565 	 0.0000002087 	 0.0000000010 
386.0000000000 	 0.0001232304 	 1.0225101287 	 0.0000001411 	 0.0000000013 
386.5000000000 	 0.0000627609 	 1.0222738065 	 0.0000000719 	 0.0000000016 
387.0000000000 	 0.0000037737 	 1.0220093515 	 0.0000000043 	 0.0000000011 
387.5000000000 	 -0.0000538219 	 1.0220979670 	 -0.0000000616 	 0.0000000010 
388.0000000000 	 -0.0001122004 	 1.0217960138 	 -0.0000001285 	 0.0000000010 
388.5000000000 	 -0.0001702325 	 1.0218640822 	 -0.0000001949 	 0.0000000001 
389.0000000000 	 -0.0002274863 	 1.0221839998 	 -0.0000002605 	 0.0000000003 
389.5000000000 	 -0.0002821048 	 1.0223218842 	 -0.0000003230 	 0.0000000004 
390.0000000000 	 -0.0003393459 	 1.0224666135 	 -0.0000003886 	 -0.0000000002 
390.5000000000 	 -0.0003944449 	 1.0222577999 	 -0.0000004517 	 -0.0000000003 
391.0000000000 	 -0.0004495455 	 1.0224240174 	 -0.0000005148 	 -0.0000000001 
391.5000000000 	 -0.0005031390 	 1.0226070138 	 -0.0000005761 	 -0.0000000000 
392.0000000000 	 -0.0005550140 	 1.0225554749 	 -0.0000006355 	 -0.0000000002 
392.5000000000 	 -0.0006049931 	 1.0230495162 	 -0.0000006928 	 -0.0000000002 
393.0000000000 	 -0.0006531780 	 1.0233148791 	 -0.0000007480 	 -0.0000000002 
393.5000000000 	 -0.0006972906 	 1.0232242576 	 -0.0000007985 	 0.0000000001 
394.0000000000 	 -0.0007417693 	 1.0232910719 	 -0.0000008494 	 -0.0000000001 
394.5000000000 	 -0.0007829662 	 1.0233800865 	 -0.0000008966 	 -0.0000000005 
395.0000000000 	 -0.0008208255 	 1.0230052311 	 -0.0000009399 	 -0.0000000007 
395.5000000000 	 -0.0008548526 	 1.0227096659 	 -0.0000009789 	 -0.0000000006 
396.0000000000 	 -0.0008860778 	 1.0224936057 	 -0.0000010146 	 -0.0000000005 
396.5000000000 	 -0.0009139237 	 1.0221574003 	 -0.0000010465 	 -0.0000000007 
397.0000000000 	 -0.0009380091 	 1.0216123080 	 -0.0000010741 	 -0.0000000008 
397.5000000000 	 -0.0009580666 	 1.0215074897 	 -0.0000010971 	 -0.0000000010 
398.0000000000 	 -0.0009737281 	 1.0211399265 	 -0.0000011150 	 -0.0000000009 
398.5000000000 	 -0.0009857872 	 1.0208673970 	 -0.0000011288 	 -0.0000000008 
399.0000000000 	 -0.0009940194 	 1.0204963895 	 -0.0000011383 	 -0.0000000001 
399.5000000000 	 -0.0009977649 	 1.0198596672 	 -0.0000011425 	 -0.0000000004 
400.0000000000 	 -0.0009971213 	 1.0191596614 	 -0.0000011418 	 -0.0000000001 
400.5000000000 	 -0.0009928013 	 1.0188149250 	 -0.0000011369 	 0.0000000002 
401.0000000000 	 -0.0009841473 	 1.0184565509 	 -0.0000011269 	 0.0000000005 
401.5000000000 	 -0.0009716350 	 1.0181763916 	 -0.0000011126 	 0.0000000001 
402.0000000000 	 -0.0009546637 	 1.0178798230 	 -0.0000010932 	 -0.0000000001 
402.5000000000 	 -0.0009346433 	 1.0178032901 	 -0.0000010703 	 0.0000000005 
403.0000000000 	 -0.0009100600 	 1.0176156817 	 -0.0000010421 	 0.0000000002 
403.5000000000 	 -0.0008807921 	 1.0175763797 	 -0.0000010086 	 0.0000000004 
404.0000000000 	 -0.0008479732 	 1.0173959242 	 -0.0000009710 	 0.0000000005 
404.5000000000 	 -0.0008119635 	 1.0173415650 	 -0.0000009298 	 0.0000000012 
405.0000000000 	 -0.0007717940 	 1.0172469387 	 -0.0000008838 	 0.0000000015 
405.5000000000 	 -0.0007300731 	 1.0169405710 	 -0.0000008360 	 0.0000000014 
406.0000000000 	 -0.0006850294 	 1.0171140439 	 -0.0000007844 	 0.0000000011 
406.5000000000 	 -0.0006368485 	 1.0172285124 	 -0.0000007293 	 0.0000000006 
407.0000000000 	 -0.0005877344 	 1.0172014575 	 -0.0000006730 	 0.0000000007 
407.5000000000 	 -0.0005363582 	 1.0172358120 	 -0.0000006142 	 0.0000000005 
408.0000000000 	 -0.0004827663 	 1.0175508523 	 -0.0000005528 	 0.0000000005 
408.5000000000 	 -0.0004292868 	 1.0178119458 	 -0.0000004916 	 0.0000000006 
409.0000000000 	 -0.0003762549 	 1.0178212805 	 -0.0000004308 	 0.0000000008 
409.5000000000 	 -0.0003220480 	 1.0179825020 	 -0.0000003688 	 0.0000000015 
410.0000000000 	 -0.0002674601 	 1.0180760176 	 -0.0000003063 	 0.0000000017 
410.5000000000 	 -0.0002126808 	 1.0179552895 	 -0.0000002435 	 0.0000000015 
411.0000000000 	 -0.0001578347 	 1.0179745932 	 -0.0000001807 	 0.0000000012 
411.5000000000 	 -0.0001042511 	 1.0179024904 	 -0.0000001194 	 0.0000000011 
412.0000000000 	 -0.0000534749 	 1.0178850181 	 -0.0000000612 	 0.0000000011 
412.5000000000 	 -0.0000035579 	 1.0177148421 	 -0.0000000041 	 0.0000000013 
413.0000000000 	 0.0000454561 	 1.0173702721 	 0.0000000521 	 0.0000000011 
413.5000000000 	 0.0000924670 	 1.0170652933 	 0.0000001059 	 0.0000000008 
414.0000000000 	 0.0001381265 	 1.0168704465 	 0.0000001582 	 0.0000000008 
414.5000000000 	 0.0001818859 	 1.0166625530 	 0.0000002083 	 0.0000000004 
415.0000000000 	 0.0002231282 	 1.0161037216 	 0.0000002555 	 -0.0000000008 
415.5000000000 	 0.0002620309 	 1.0159636388 	 0.0000003001 	 -0.0000000010 
416.0000000000 	 0.0002987438 	 1.0157583817 	 0.0000003421 	 -0.0000000009 
416.5000000000 	 0.0003322777 	 1.0154073908 	 0.0000003805 	 -0.0000000010 
417.0000000000 	 0.0003634532 	 1.0149554326 	 0.0000004162 	 -0.0000000010 
417.5000000000 	 0.0003921878 	 1.0148712776 	 0.0000004491 	 -0.0000000010 
418.0000000000 	 0.0004177354 	 1.0144228254 	 0.0000004783 	 -0.0000000009 
418.5000000000 	 0.0004412582 	 1.0141422452 	 0.0000005053 	 -0.0000000009 
419.0000000000 	 0.0004623815 	 1.0141687762 	 0.0000005295 	 -0.0000000007 
419.5000000000 	 0.0004807379 	 1.0136822144 	 0.0000005505 	 -0.0000000007 
420.0000000000 	 0.0004966620 	 1.0133048276 	 0.0000005687 	 -0.0000000007 
420.5000000000 	 0.0005095765 	 1.0130437606 	 0.0000005835 	 -0.0000000003 
421.0000000000 	 0.0005209570 	 1.0130888659 	 0.0000005965 	 -0.0000000004 
421.5000000000 	 0.0005302796 	 1.0129432563 	 0.0000006072 	 -0.0000000004 
422.0000000000 	 0.0005367443 	 1.0131072254 	 0.0000006146 	 -0.0000000006 
422.5000000000 	 0.0005420949 	 1.0133957834 	 0.0000006208 	 -0.0000000004 
423.0000000000 	 0.0005456876 	 1.0133565087 	 0.0000006249 	 -0.0000000005 
423.5000000000 	 0.0005472944 	 1.0132810553 	 0.0000006267 	 -0.0000000006 
424.0000000000 	 0.0005470027 	 1.0133202638 	 0.0000006264 	 -0.0000000007 
424.5000000000 	 0.0005458016 	 1.0134175764 	 0.0000006250 	 -0.0000000009 
425.0000000000 	 0.0005422942 	 1.0134379094 	 0.0000006210 	 -0.0000000013 
425.5000000000 	 0.0005380016 	 1.0134683766 	 0.0000006161 	 -0.0000000011 
426.0000000000 	 0.0005323665 	 1.0137963842 	 0.0000006096 	 -0.0000000010 
426.5000000000 	 0.0005257379 	 1.0138274056 	 0.0000006020 	 -0.0000000016 
427.0000000000 	 0.0005178455 	 1.0138712385 	 0.0000005930 	 -0.0000000014 
427.5000000000 	 0.0005084576 	 1.0138538711 	 0.0000005822 	 -0.0000000014 
428.0000000000 	 0.0004981560 	 1.0138930886 	 0.0000005704 	 -0.0000000011 
428.5000000000 	 0.0004870612 	 1.0141254947 	 0.0000005577 	 -0.0000000012 
429.0000000000 	 0.0004752294 	 1.0142157024 	 0.0000005442 	 -0.0000000012 
429.5000000000 	 0.0004621771 	 1.0139668551 	 0.0000005292 	 -0.0000000011 
430.0000000000 	 0.0004484339 	 1.0137599127 	 0.0000005135 	 -0.0000000011 
430.5000000000 	 0.0004342100 	 1.0135093247 	 0.0000004972 	 -0.0000000006 
431.0000000000 	 0.0004192985 	 1.0133114435 	 0.0000004801 	 -0.0000000004 
431.5000000000 	 0.0004029459 	 1.0131582537 	 0.0000004614 	 -0.0000000003 
432.0000000000 	 0.0003863183 	 1.0127333688 	 0.0000004424 	 -0.0000000000 
432.5000000000 	 0.0003687257 	 1.0125560919 	 0.0000004222 	 -0.0000000001 
433.0000000000 	 0.0003501296 	 1.0123061356 	 0.0000004009 	 0.0000000001 
433.5000000000 	 0.0003306617 	 1.0120217630 	 0.0000003786 	 -0.0000000001 
434.0000000000 	 0.0003110491 	 1.0120023754 	 0.0000003562 	 0.0000000001 
434.5000000000 	 0.0002913345 	 1.0116662931 	 0.0000003336 	 0.0000000003 
435.0000000000 	 0.0002711347 	 1.0114260844 	 0.0000003105 	 0.0000000004 
435.5000000000 	 0.0002493995 	 1.0112345367 	 0.0000002856 	 0.0000000006 
436.0000000000 	 0.0002280724 	 1.0109928394 	 0.0000002612 	 0.0000000003 
436.5000000000 	 0.0002061484 	 1.0106971503 	 0.0000002361 	 0.0000000003 
437.0000000000 	 0.0001829265 	 1.0105231456 	 0.0000002095 	 0.0000000004 
437.5000000000 	 0.0001589638 	 1.0106085432 	 0.0000001820 	 0.0000000006 
438.0000000000 	 0.0001350084 	 1.0103604093 	 0.0000001546 	 0.0000000009 
438.5000000000 	 0.0001110701 	 1.0104108596 	 0.0000001272 	 0.0000000008 
439.0000000000 	 0.0000881067 	 1.0102230053 	 0.0000001009 	 0.0000000006 
439.5000000000 	 0.0000634341 	 1.0105168427 	 0.0000000726 	 0.0000000007 
440.0000000000 	 0.0000380852 	 1.0105871294 	 0.0000000436 	 0.0000000003 
440.5000000000 	 0.0000136839 	 1.0104610572 	 0.0000000157 	 0.0000000003 
441.0000000000 	 -0.0000107922 	 1.0104149112 	 -0.0000000124 	 0.0000000003 
441.5000000000 	 -0.0000353719 	 1.0105740492 	 -0.0000000405 	 0.0000000003 
442.0000000000 	 -0.0000599269 	 1.0105353780 	 -0.0000000686 	 0.0000000002 
442.5000000000 	 -0.0000847652 	 1.0105628968 	 -0.0000000971 	 0.0000000002 
443.0000000000 	 -0.0001093700 	 1.0106677102 	 -0.0000001252 	 0.0000000003 
443.5000000000 	 -0.0001335539 	 1.0108453384 	 -0.0000001529 	 0.0000000000 
444.0000000000 	 -0.0001570762 	 1.0108380219 	 -0.0000001799 	 -0.0000000002 
444.5000000000 	 -0.0001792199 	 1.0108428647 	 -0.0000002052 	 0.0000000000 
445.0000000000 	 -0.0002012640 	 1.0106414260 	 -0.0000002305 	 -0.0000000001 
445.5000000000 	 -0.0002226260 	 1.0107850054 	 -0.0000002549 	 -0.0000000001 
446.0000000000 	 -0.0002430889 	 1.0106134354 	 -0.0000002784 	 -0.0000000000 
446.5000000000 	 -0.0002620536 	 1.0104873298 	 -0.0000003001 	 0.0000000001 
447.0000000000 	 -0.0002807279 	 1.0103417095 	 -0.0000003215 	 -0.0000000000 
447.5000000000 	 -0.0002984260 	 1.0102161730 	 -0.0000003417 	 -0.0000000001 
448.0000000000 	 -0.0003147559 	 1.0099739818 	 -0.0000003604 	 -0.0000000001 
448.5000000000 	 -0.0003294752 	 1.0102530620 	 -0.0000003773 	 -0.0000000003 
449.0000000000 	 -0.0003427064 	 1.0100740267 	 -0.0000003924 	 -0.0000000003 
449.5000000000 	 -0.0003546982 	 1.0097192044 	 -0.0000004062 	 -0.0000000003 
450.0000000000 	 -0.0003650493 	 1.0095571554 	 -0.0000004180 	 -0.0000000003 
450.5000000000 	 -0.0003739904 	 1.0092403178 	 -0.0000004283 	 -0.0000000003 
451.0000000000 	 -0.0003810875 	 1.0091321361 	 -0.0000004364 	 -0.0000000002 
451.5000000000 	 -0.0003863659 	 1.0089624565 	 -0.0000004424 	 -0.0000000002 
452.0000000000 	 -0.0003902367 	 1.0086146984 	 -0.0000004469 	 0.0000000004 
452.5000000000 	 -0.0003922250 	 1.0089137391 	 -0.0000004491 	 0.0000000003 
453.0000000000 	 -0.0003925397 	 1.0086620749 	 -0.0000004495 	 0.0000000002 
453.5000000000 	 -0.0003912375 	 1.0086111615 	 -0.0000004480 	 0.0000000003 
454.0000000000 	 -0.0003881852 	 1.0083435399 	 -0.0000004445 	 0.0000000004 
454.5000000000 	 -0.0003834250 	 1.0083536775 	 -0.0000004391 	 0.0000000003 
455.0000000000 	 -0.0003769541 	 1.0082989540 	 -0.0000004316 	 0.0000000006 
455.5000000000 	 -0.0003690353 	 1.0081756890 	 -0.0000004226 	 0.0000000009 
456.0000000000 	 -0.0003592884 	 1.0080768363 	 -0.0000004114 	 0.0000000010 
456.5000000000 	 -0.0003481218 	 1.0083200303 	 -0.0000003986 	 0.0000000009 
457.0000000000 	 -0.0003358148 	 1.0079042773 	 -0.0000003845 	 0.0000000008 
457.5000000000 	 -0.0003221018 	 1.0079007863 	 -0.0000003688 	 0.0000000006 
458.0000000000 	 -0.0003074527 	 1.0083837263 	 -0.0000003521 	 0.0000000006 
458.5000000000 	 -0.0002917714 	 1.0084404078 	 -0.0000003341 	 0.0000000007 
459.0000000000 	 -0.0002748627 	 1.0083315368 	 -0.0000003147 	 0.0000000005 
459.5000000000 	 -0.0002573417 	 1.0082532710 	 -0.0000002947 	 0.0000000008 
460.0000000000 	 -0.0002384095 	 1.0081969249 	 -0.0000002730 	 0.0000000009 
460.5000000000 	 -0.0002193189 	 1.0081441842 	 -0.0000002511 	 0.0000000010 
461.0000000000 	 -0.0001998252 	 1.0082762507 	 -0.0000002288 	 0.0000000007 
461.5000000000 	 -0.0001800996 	 1.0082030074 	 -0.0000002062 	 0.0000000005 
462.0000000000 	 -0.0001598818 	 1.0084239161 	 -0.0000001831 	 0.0000000005 
462.5000000000 	 -0.0001396243 	 1.0085136355 	 -0.0000001599 	 0.0000000004 
463.0000000000 	 -0.0001195199 	 1.0083502847 	 -0.0000001369 	 0.0000000004 
463.5000000000 	 -0.0000993175 	 1.0083124545 	 -0.0000001137 	 0.0000000004 
464.0000000000 	 -0.0000790556 	 1.0084095234 	 -0.0000000905 	 0.0000000004 
464.5000000000 	 -0.0000590857 	 1.0082119855 	 -0.0000000677 	 0.0000000003 
465.0000000000 	 -0.0000397832 	 1.0080253489 	 -0.0000000456 	 0.0000000002 
465.5000000000 	 -0.0000208728 	 1.0076996100 	 -0.0000000239 	 0.0000000000 
466.0000000000 	 -0.0000022939 	 1.0075496346 	 -0.0000000026 	 -0.0000000001 
466.5000000000 	 0.0000158662 	 1.0077721287 	 0.0000000182 	 0.0000000002 
467.0000000000 	 0.0000321831 	 1.0075301462 	 0.0000000369 	 0.0000000001 
467.5000000000 	 0.0000483953 	 1.0075729803 	 0.0000000554 	 -0.0000000001 
468.0000000000 	 0.0000640686 	 1.0072875981 	 0.0000000734 	 -0.0000000002 
468.5000000000 	 0.0000790796 	 1.0069351180 	 0.0000000906 	 -0.0000000002 
469.0000000000 	 0.0000931058 	 1.0070600347 	 0.0000001066 	 -0.0000000003 
469.5000000000 	 0.0001062839 	 1.0066754918 	 0.0000001217 	 -0.0000000006 
470.0000000000 	 0.0001187795 	 1.0066091633 	 0.0000001360 	 -0.0000000006 
470.5000000000 	 0.0001301490 	 1.0065950980 	 0.0000001490 	 -0.0000000004 
471.0000000000 	 0.0001405902 	 1.0065346360 	 0.0000001610 	 -0.0000000004 
471.5000000000 	 0.0001502646 	 1.0065638916 	 0.0000001721 	 -0.0000000003 
472.0000000000 	 0.0001590021 	 1.0066938809 	 0.0000001821 	 -0.0000000002 
472.5000000000 	 0.0001668347 	 1.0066776918 	 0.0000001910 	 -0.0000000001 
473.0000000000 	 0.0001739464 	 1.0064529728 	 0.0000001992 	 -0.0000000002 
473.5000000000 	 0.0001801707 	 1.0064098722 	 0.0000002063 	 -0.0000000002 
474.0000000000 	 0.0001860640 	 1.0064293249 	 0.0000002131 	 -0.0000000002 
474.5000000000 	 0.0001911357 	 1.0066506428 	 0.0000002189 	 -0.0000000003 
475.0000000000 	 0.0001953158 	 1.0064963265 	 0.0000002237 	 -0.0000000003 
475.5000000000 	 0.0001990226 	 1.0063915684 	 0.0000002279 	 -0.0000000003 
476.0000000000 	 0.0002020780 	 1.0065177831 	 0.0000002314 	 -0.0000000002 
476.5000000000 	 0.0002042062 	 1.0064686131 	 0.0000002338 	 -0.0000000003 
477.0000000000 	 0.0002058596 	 1.0062803084 	 0.0000002357 	 -0.0000000003 
477.5000000000 	 0.0002069387 	 1.0061927539 	 0.0000002370 	 -0.0000000003 
478.0000000000 	 0.0002073745 	 1.0063401176 	 0.0000002375 	 -0.0000000004 
478.5000000000 	 0.0002071977 	 1.0064765626 	 0.0000002373 	 -0.0000000004 
479.0000000000 	 0.0002066870 	 1.0063964139 	 0.0000002367 	 -0.0000000004 
479.5000000000 	 0.0002057227 	 1.0063002010 	 0.0000002356 	 -0.0000000003 
480.0000000000 	 0.0002041061 	 1.0067947739 	 0.0000002337 	 -0.0000000003 
480.5000000000 	 0.0002020039 	 1.0069044064 	 0.0000002313 	 -0.0000000003 
481.0000000000 	 0.0001995756 	 1.0068217184 	 0.0000002285 	 -0.0000000002 
481.5000000000 	 0.0001965574 	 1.0067685295 	 0.0000002251 	 -0.0000000002 
482.0000000000 	 0.0001932890 	 1.0064147206 	 0.0000002213 	 -0.0000000001 
482.5000000000 	 0.0001893475 	 1.0065324984 	 0.0000002168 	 -0.0000000001 
483.0000000000 	 0.0001850897 	 1.0063936991 	 0.0000002119 	 -0.0000000001 
483.5000000000 	 0.0001802971 	 1.0062103054 	 0.0000002065 	 -0.0000000001 
484.0000000000 	 0.0001751299 	 1.0060675102 	 0.0000002005 	 -0.0000000001 
484.5000000000 	 0.0001695708 	 1.0061463901 	 0.0000001942 	 -0.0000000000 
485.0000000000 	 0.0001636355 	 1.0059427605 	 0.0000001874 	 0.0000000001 
485.5000000000 	 0.0001574290 	 1.0057429339 	 0.0000001803 	 0.0000000001 
486.0000000000 	 0.0001506993 	 1.0057056420 	 0.0000001726 	 0.0000000001 
486.5000000000 	 0.0001438571 	 1.0056805827 	 0.0000001647 	 0.0000000001 
487.0000000000 	 0.0001364344 	 1.0053273336 	 0.0000001562 	 0.0000000001 
487.5000000000 	 0.0001295068 	 1.0052848911 	 0.0000001483 	 0.0000000001 
488.0000000000 	 0.0001215338 	 1.0052858630 	 0.0000001392 	 0.0000000002 
488.5000000000 	 0.0001131894 	 1.0053507655 	 0.0000001296 	 0.0000000002 
489.0000000000 	 0.0001045117 	 1.0053994684 	 0.0000001197 	 0.0000000003 
489.5000000000 	 0.0000957204 	 1.0054020884 	 0.0000001096 	 0.0000000003 
490.0000000000 	 0.0000863560 	 1.0054323045 	 0.0000000989 	 0.0000000002 
490.5000000000 	 0.0000768966 	 1.0053654426 	 0.0000000881 	 0.0000000002 
491.0000000000 	 0.0000672922 	 1.0053828495 	 0.0000000771 	 0.0000000001 
491.5000000000 	 0.0000579230 	 1.0053867191 	 0.0000000663 	 0.0000000002 
492.0000000000 	 0.0000478493 	 1.0053419133 	 0.0000000548 	 0.0000000002 
492.5000000000 	 0.0000377366 	 1.0054098249 	 0.0000000432 	 0.0000000001 
493.0000000000 	 0.0000275199 	 1.0051509976 	 0.0000000315 	 0.0000000002 
493.5000000000 	 0.0000171121 	 1.0054291772 	 0.0000000196 	 0.0000000002 
494.0000000000 	 0.0000066956 	 1.0054673022 	 0.0000000077 	 0.0000000002 
494.5000000000 	 -0.0000035228 	 1.0051675069 	 -0.0000000040 	 0.0000000002 
495.0000000000 	 -0.0000134341 	 1.0052553496 	 -0.0000000154 	 0.0000000003 
495.5000000000 	 -0.0000236773 	 1.0054364177 	 -0.0000000271 	 0.0000000002 
496.0000000000 	 -0.0000337542 	 1.0055480451 	 -0.0000000387 	 0.0000000001 
496.5000000000 	 -0.0000436889 	 1.0053500464 	 -0.0000000500 	 -0.0000000001 
497.0000000000 	 -0.0000533859 	 1.0053412320 	 -0.0000000611 	 -0.0000000000 
497.5000000000 	 -0.0000627749 	 1.0054786877 	 -0.0000000719 	 -0.0000000001 
498.0000000000 	 -0.0000718932 	 1.0051080684 	 -0.0000000823 	 -0.0000000000 
498.5000000000 	 -0.0000806789 	 1.0049035475 	 -0.0000000924 	 0.0000000001 
499.0000000000 	 -0.0000890981 	 1.0045558019 	 -0.0000001020 	 0.0000000000 
499.5000000000 	 -0.0000973332 	 1.0048166327 	 -0.0000001115 	 0.0000000000 
