## Date: 27.8.2019 -- Time: 14:18:21  
## Gamma_l=0.5000000000 - Gamma_m=0.0000000000 - Gamma_r=0.5000000000 
## phi_l=3.1415926536 - phi_m=0.0000000000 - phi_r=0.0000000000 
## init_000=0.00 - init_001=0.00 - init_010=0.00 - init_011=1.00 
## dt=0.500000 - t_end=600 - fb=20 - cutoff=0.000001000000 -- Nbin=2 
0.0000000000 	0.0000000000 	0.0000000000 	0.0000000000 	1.0000000000 	1.0000000000 	
0.5000000000 	0.0528304930 	0.1770183650 	0.1770183650 	0.5931327968 	1.0000000198 	
1.0000000000 	0.1655409253 	0.2413262959 	0.2413262959 	0.3518065146 	1.0000000316 	
1.5000000000 	0.2950641786 	0.2481339390 	0.2481339390 	0.2086679819 	1.0000000386 	
2.0000000000 	0.4201548106 	0.2280387042 	0.2280387042 	0.1237678237 	1.0000000427 	
2.5000000000 	0.5315223922 	0.1975334488 	0.1975334488 	0.0734107554 	1.0000000452 	
3.0000000000 	0.6262063895 	0.1651256652 	0.1651256652 	0.0435423267 	1.0000000466 	
3.5000000000 	0.7044146397 	0.1348795129 	0.1348795129 	0.0258263820 	1.0000000475 	
4.0000000000 	0.7677828612 	0.1084493563 	0.1084493563 	0.0153184742 	1.0000000480 	
4.5000000000 	0.8184460628 	0.0862340480 	0.0862340480 	0.0090858894 	1.0000000483 	
5.0000000000 	0.8585676679 	0.0680216208 	0.0680216208 	0.0053891390 	1.0000000485 	
5.5000000000 	0.8901217610 	0.0533409063 	0.0533409063 	0.0031964751 	1.0000000486 	
6.0000000000 	0.9148113239 	0.0416463953 	0.0416463953 	0.0018959342 	1.0000000487 	
6.5000000000 	0.9340562389 	0.0324096345 	0.0324096345 	0.0011245408 	1.0000000487 	
7.0000000000 	0.9490142832 	0.0251593817 	0.0251593817 	0.0006670020 	1.0000000487 	
7.5000000000 	0.9606152311 	0.0194945985 	0.0194945985 	0.0003956208 	1.0000000487 	
8.0000000000 	0.9695977539 	0.0150838196 	0.0150838196 	0.0002346557 	1.0000000488 	
8.5000000000 	0.9765441479 	0.0116583594 	0.0116583594 	0.0001391820 	1.0000000488 	
9.0000000000 	0.9819108219 	0.0090033367 	0.0090033367 	0.0000825534 	1.0000000488 	
9.5000000000 	0.9860539964 	0.0069485436 	0.0069485436 	0.0000489651 	1.0000000488 	
10.0000000000 	0.9892508127 	0.0053600966 	0.0053600966 	0.0000290428 	1.0000000488 	
10.5000000000 	0.9653659297 	0.0172760436 	0.0172760432 	0.0000820324 	1.0000000488 	
11.0000000000 	0.9140480193 	0.0422731890 	0.0422730322 	0.0014052033 	0.9999994438 	
11.5000000000 	0.8595591163 	0.0678965172 	0.0679006468 	0.0046266230 	0.9999829034 	
12.0000000000 	0.8133236024 	0.0888429364 	0.0888527699 	0.0089471730 	0.9999664817 	
12.5000000000 	0.7793606655 	0.1037131562 	0.1037271031 	0.0131448340 	0.9999457587 	
13.0000000000 	0.7579481357 	0.1128253883 	0.1128459644 	0.0162955350 	0.9999150233 	
13.5000000000 	0.7477202635 	0.1170733361 	0.1171003449 	0.0179923229 	0.9998862675 	
14.0000000000 	0.7467169734 	0.1174288266 	0.1174573123 	0.0182617011 	0.9998648134 	
14.5000000000 	0.7528925803 	0.1147681141 	0.1147955377 	0.0173856713 	0.9998419035 	
15.0000000000 	0.7643690483 	0.1098465477 	0.1098716225 	0.0157396851 	0.9998269036 	
15.5000000000 	0.7794918578 	0.1033082745 	0.1033299706 	0.0136823303 	0.9998124332 	
16.0000000000 	0.7968870208 	0.0956993354 	0.0957153155 	0.0115021497 	0.9998038214 	
16.5000000000 	0.8154297973 	0.0874776565 	0.0874884603 	0.0094015792 	0.9997974933 	
17.0000000000 	0.8342481376 	0.0790199233 	0.0790223490 	0.0075025376 	0.9997929474 	
17.5000000000 	0.8526855493 	0.0706249413 	0.0706110725 	0.0058641708 	0.9997857339 	
18.0000000000 	0.8702762217 	0.0625234134 	0.0624804865 	0.0045003292 	0.9997804508 	
18.5000000000 	0.8866921365 	0.0548734376 	0.0548110345 	0.0034001321 	0.9997767407 	
19.0000000000 	0.9017479771 	0.0477834254 	0.0477091021 	0.0025335653 	0.9997740699 	
19.5000000000 	0.9153576703 	0.0413148581 	0.0412348052 	0.0018646364 	0.9997719700 	
20.0000000000 	0.9275077144 	0.0354927292 	0.0354113768 	0.0013571117 	0.9997689322 	
20.5000000000 	0.9381963790 	0.0303473941 	0.0302613465 	0.0009633713 	0.9997684909 	
21.0000000000 	0.9465571472 	0.0263350968 	0.0262353094 	0.0006358187 	0.9997633721 	
21.5000000000 	0.9511740166 	0.0241581722 	0.0240435567 	0.0003481501 	0.9997238957 	
22.0000000000 	0.9512074377 	0.0242586323 	0.0241317918 	0.0001202543 	0.9997181162 	
22.5000000000 	0.9465848831 	0.0265995605 	0.0264823064 	0.0000038324 	0.9996705824 	
23.0000000000 	0.9380197402 	0.0308381471 	0.0307029118 	0.0000652488 	0.9996260479 	
23.5000000000 	0.9267250295 	0.0363334688 	0.0361989134 	0.0003486255 	0.9996060373 	
24.0000000000 	0.9139313097 	0.0424780728 	0.0423192900 	0.0008571136 	0.9995857860 	
24.5000000000 	0.9009218832 	0.0486171248 	0.0484689920 	0.0015484072 	0.9995564072 	
25.0000000000 	0.8886997280 	0.0543172777 	0.0541700695 	0.0023457694 	0.9995328446 	
25.5000000000 	0.8780590644 	0.0592144950 	0.0590804886 	0.0031573010 	0.9995113490 	
26.0000000000 	0.8695001592 	0.0630986394 	0.0629887899 	0.0038937053 	0.9994812938 	
26.5000000000 	0.8632938042 	0.0658743364 	0.0657887706 	0.0044873580 	0.9994442692 	
27.0000000000 	0.8595438489 	0.0675211370 	0.0674617239 	0.0048956260 	0.9994223358 	
27.5000000000 	0.8581549417 	0.0680824093 	0.0680506974 	0.0051023599 	0.9993904083 	
28.0000000000 	0.8589583084 	0.0676443899 	0.0676418775 	0.0051151675 	0.9993597433 	
28.5000000000 	0.8617016197 	0.0663214182 	0.0663488198 	0.0049592440 	0.9993311017 	
29.0000000000 	0.8661106372 	0.0642550850 	0.0642810260 	0.0046617752 	0.9993085233 	
29.5000000000 	0.8718565587 	0.0615716067 	0.0615993923 	0.0042705571 	0.9992981148 	
30.0000000000 	0.8786207530 	0.0584044111 	0.0584374578 	0.0038234264 	0.9992860482 	
30.5000000000 	0.8861417763 	0.0548727039 	0.0549129053 	0.0033506419 	0.9992780274 	
31.0000000000 	0.8941902192 	0.0510818738 	0.0511269349 	0.0028741007 	0.9992731286 	
31.5000000000 	0.9025006669 	0.0471502900 	0.0472076672 	0.0024091273 	0.9992677515 	
32.0000000000 	0.9107626989 	0.0432359927 	0.0432990235 	0.0019633129 	0.9992610280 	
32.5000000000 	0.9185904802 	0.0395387737 	0.0395722770 	0.0015467882 	0.9992483191 	
33.0000000000 	0.9255230339 	0.0362652898 	0.0362633417 	0.0011635360 	0.9992152015 	
33.5000000000 	0.9312790852 	0.0335769786 	0.0335273041 	0.0008197621 	0.9992031299 	
34.0000000000 	0.9354741939 	0.0316093364 	0.0315372433 	0.0005206701 	0.9991414437 	
34.5000000000 	0.9379920084 	0.0304455917 	0.0303742824 	0.0002787215 	0.9990906040 	
35.0000000000 	0.9387802293 	0.0301062422 	0.0300456881 	0.0001062178 	0.9990383774 	
35.5000000000 	0.9379260809 	0.0305440559 	0.0304963848 	0.0000137776 	0.9989802992 	
36.0000000000 	0.9356619638 	0.0316556047 	0.0316218318 	0.0000089188 	0.9989483191 	
36.5000000000 	0.9322542445 	0.0332962181 	0.0332796950 	0.0000923323 	0.9989224899 	
37.0000000000 	0.9280293965 	0.0352994737 	0.0353022076 	0.0002561521 	0.9988872299 	
37.5000000000 	0.9233834421 	0.0374578020 	0.0375185850 	0.0004871239 	0.9988469531 	
38.0000000000 	0.9185830957 	0.0396821258 	0.0397352375 	0.0007567779 	0.9987572369 	
38.5000000000 	0.9139982867 	0.0418147497 	0.0418522449 	0.0010452996 	0.9987105809 	
39.0000000000 	0.9098430400 	0.0437330497 	0.0437545299 	0.0013329926 	0.9986636122 	
39.5000000000 	0.9063301950 	0.0453407359 	0.0453488692 	0.0015994029 	0.9986192030 	
40.0000000000 	0.9036080747 	0.0465729460 	0.0465680139 	0.0018276063 	0.9985766408 	
40.5000000000 	0.9017745297 	0.0473837278 	0.0473671357 	0.0020052399 	0.9985306330 	
41.0000000000 	0.9008939169 	0.0477476979 	0.0477204315 	0.0021244676 	0.9984865138 	
41.5000000000 	0.9010029950 	0.0476525724 	0.0476098904 	0.0021816595 	0.9984471172 	
42.0000000000 	0.9020916838 	0.0470916020 	0.0470487757 	0.0021710442 	0.9984031057 	
42.5000000000 	0.9041297144 	0.0461037712 	0.0460522391 	0.0021025330 	0.9983882578 	
43.0000000000 	0.9069474457 	0.0447332428 	0.0446861080 	0.0019837467 	0.9983505432 	
43.5000000000 	0.9104517963 	0.0430468060 	0.0430166389 	0.0018247325 	0.9983399738 	
44.0000000000 	0.9144242825 	0.0411336066 	0.0411353218 	0.0016355641 	0.9983287751 	
44.5000000000 	0.9186758490 	0.0391067581 	0.0391021208 	0.0014205825 	0.9983053104 	
45.0000000000 	0.9229876932 	0.0370595447 	0.0370440454 	0.0011929275 	0.9982842108 	
45.5000000000 	0.9271522197 	0.0350951175 	0.0350579072 	0.0009577258 	0.9982629702 	
46.0000000000 	0.9309925696 	0.0332855393 	0.0332191602 	0.0007342297 	0.9982314989 	
46.5000000000 	0.9342775633 	0.0317198701 	0.0316307511 	0.0005295101 	0.9981576946 	
47.0000000000 	0.9369157852 	0.0304702382 	0.0303515150 	0.0003503661 	0.9980879045 	
47.5000000000 	0.9388557876 	0.0295644539 	0.0294202197 	0.0002029334 	0.9980433947 	
48.0000000000 	0.9400273134 	0.0290156056 	0.0288463375 	0.0000931608 	0.9979824172 	
48.5000000000 	0.9404090827 	0.0288195505 	0.0286444335 	0.0000252391 	0.9978983058 	
49.0000000000 	0.9401208337 	0.0289644020 	0.0287902756 	0.0000000034 	0.9978755148 	
49.5000000000 	0.9391938481 	0.0294014315 	0.0292336287 	0.0000183641 	0.9978472725 	
50.0000000000 	0.9377248314 	0.0300761314 	0.0298950360 	0.0000712945 	0.9977672933 	
50.5000000000 	0.9359460977 	0.0308888161 	0.0307463463 	0.0001574445 	0.9977387046 	
51.0000000000 	0.9339201120 	0.0318289241 	0.0316888134 	0.0002592139 	0.9976970635 	
51.5000000000 	0.9317768513 	0.0328333716 	0.0326808656 	0.0003757207 	0.9976668093 	
52.0000000000 	0.9296685039 	0.0338098367 	0.0336550914 	0.0004993608 	0.9976327927 	
52.5000000000 	0.9277441330 	0.0346818623 	0.0345428879 	0.0006217950 	0.9975906782 	
53.0000000000 	0.9261555048 	0.0353968941 	0.0352842983 	0.0007359151 	0.9975726123 	
53.5000000000 	0.9249621246 	0.0359115360 	0.0358320275 	0.0008345326 	0.9975402208 	
54.0000000000 	0.9242405868 	0.0361953829 	0.0361496144 	0.0009133950 	0.9974989791 	
54.5000000000 	0.9240389870 	0.0362429706 	0.0362168879 	0.0009686443 	0.9974674898 	
55.0000000000 	0.9243648482 	0.0360434208 	0.0360330446 	0.0009976466 	0.9974389603 	
55.5000000000 	0.9252305959 	0.0355975892 	0.0355978298 	0.0010001170 	0.9974261319 	
56.0000000000 	0.9265462667 	0.0349434445 	0.0349601288 	0.0009693398 	0.9974191799 	
56.5000000000 	0.9282839176 	0.0341058442 	0.0341086195 	0.0009129414 	0.9974113226 	
57.0000000000 	0.9302859433 	0.0331368589 	0.0331345182 	0.0008338097 	0.9973911301 	
57.5000000000 	0.9324881484 	0.0320771399 	0.0320729270 	0.0007395103 	0.9973777256 	
58.0000000000 	0.9347538936 	0.0309812867 	0.0309760028 	0.0006312551 	0.9973424382 	
58.5000000000 	0.9370173784 	0.0298897626 	0.0298893261 	0.0005198897 	0.9973163568 	
59.0000000000 	0.9391723507 	0.0288514694 	0.0288544224 	0.0004103407 	0.9972885831 	
59.5000000000 	0.9411221257 	0.0279102255 	0.0278952249 	0.0003066400 	0.9972342160 	
60.0000000000 	0.9427812520 	0.0270988264 	0.0270719765 	0.0002128415 	0.9971648963 	
60.5000000000 	0.9441247826 	0.0264451461 	0.0264028468 	0.0001327601 	0.9971055356 	
61.0000000000 	0.9450804588 	0.0259592610 	0.0259056874 	0.0000701306 	0.9970155378 	
61.5000000000 	0.9456749555 	0.0256485914 	0.0255931676 	0.0000271898 	0.9969439043 	
62.0000000000 	0.9458662770 	0.0255124272 	0.0254645449 	0.0000043940 	0.9968476432 	
62.5000000000 	0.9457366606 	0.0255232060 	0.0255065486 	0.0000000016 	0.9967664168 	
63.0000000000 	0.9453433984 	0.0256952642 	0.0256821395 	0.0000085037 	0.9967293058 	
63.5000000000 	0.9446937883 	0.0259893967 	0.0259780747 	0.0000321657 	0.9966934254 	
64.0000000000 	0.9438727564 	0.0263639827 	0.0263591412 	0.0000679962 	0.9966638765 	
64.5000000000 	0.9429231316 	0.0267984405 	0.0267904419 	0.0001126482 	0.9966246623 	
65.0000000000 	0.9419578285 	0.0272199421 	0.0272284703 	0.0001626080 	0.9965688490 	
65.5000000000 	0.9410832063 	0.0276065858 	0.0276351135 	0.0002142490 	0.9965391545 	
66.0000000000 	0.9403256189 	0.0279364074 	0.0279823538 	0.0002644812 	0.9965088614 	
66.5000000000 	0.9397384817 	0.0281869866 	0.0282438650 	0.0003100438 	0.9964793771 	
67.0000000000 	0.9393581088 	0.0283465769 	0.0283991689 	0.0003489411 	0.9964527956 	
67.5000000000 	0.9392224056 	0.0283901854 	0.0284350978 	0.0003792378 	0.9964269266 	
68.0000000000 	0.9393611520 	0.0282978218 	0.0283501935 	0.0003976417 	0.9964068091 	
68.5000000000 	0.9397520317 	0.0281030923 	0.0281327442 	0.0004028915 	0.9963907597 	
69.0000000000 	0.9403752434 	0.0278016846 	0.0278045967 	0.0003960304 	0.9963775551 	
69.5000000000 	0.9412274930 	0.0273992425 	0.0273555123 	0.0003784753 	0.9963607231 	
70.0000000000 	0.9422592216 	0.0269120658 	0.0268286903 	0.0003512396 	0.9963512173 	
70.5000000000 	0.9434367511 	0.0263453375 	0.0262477467 	0.0003138627 	0.9963436979 	
71.0000000000 	0.9446750736 	0.0257472566 	0.0256381655 	0.0002706920 	0.9963311877 	
71.5000000000 	0.9459358091 	0.0251375297 	0.0250223463 	0.0002254100 	0.9963210951 	
72.0000000000 	0.9471627939 	0.0245397944 	0.0244240517 	0.0001801098 	0.9963067498 	
72.5000000000 	0.9483043098 	0.0239804026 	0.0238644884 	0.0001355674 	0.9962847682 	
73.0000000000 	0.9493283080 	0.0234720584 	0.0233596725 	0.0000966274 	0.9962566663 	
73.5000000000 	0.9502333426 	0.0230311687 	0.0229269408 	0.0000627309 	0.9962541829 	
74.0000000000 	0.9509410611 	0.0226495121 	0.0225796005 	0.0000353738 	0.9962055475 	
74.5000000000 	0.9514835265 	0.0223441840 	0.0223235476 	0.0000155474 	0.9961668055 	
75.0000000000 	0.9518128304 	0.0221454289 	0.0221588426 	0.0000037538 	0.9961208556 	
75.5000000000 	0.9519474630 	0.0220429248 	0.0220793191 	0.0000000017 	0.9960697086 	
76.0000000000 	0.9518968802 	0.0220489364 	0.0220759743 	0.0000037297 	0.9960255206 	
76.5000000000 	0.9516874690 	0.0221384259 	0.0221347190 	0.0000142844 	0.9959748982 	
77.0000000000 	0.9513669210 	0.0222836111 	0.0222408203 	0.0000305038 	0.9959218562 	
77.5000000000 	0.9509807692 	0.0224588402 	0.0223778154 	0.0000510169 	0.9958684416 	
78.0000000000 	0.9505755482 	0.0226398528 	0.0225275350 	0.0000743410 	0.9958172770 	
78.5000000000 	0.9501963143 	0.0228013638 	0.0226733515 	0.0000989661 	0.9957699958 	
79.0000000000 	0.9498835458 	0.0229219400 	0.0228008679 	0.0001234423 	0.9957297961 	
79.5000000000 	0.9496531397 	0.0229967424 	0.0228972523 	0.0001465203 	0.9956936547 	
80.0000000000 	0.9495235397 	0.0230206203 	0.0229498081 	0.0001668146 	0.9956607827 	
80.5000000000 	0.9495292854 	0.0229855824 	0.0229351812 	0.0001826200 	0.9956326690 	
81.0000000000 	0.9496616288 	0.0228915389 	0.0228619899 	0.0001934159 	0.9956085735 	
81.5000000000 	0.9499003246 	0.0227525789 	0.0227332922 	0.0001985846 	0.9955847802 	
82.0000000000 	0.9502900559 	0.0225328059 	0.0225375863 	0.0001972855 	0.9955577335 	
82.5000000000 	0.9507911780 	0.0222641409 	0.0222961563 	0.0001888391 	0.9955403143 	
83.0000000000 	0.9513886717 	0.0219536431 	0.0220109330 	0.0001752675 	0.9955285153 	
83.5000000000 	0.9520568289 	0.0216155156 	0.0216911843 	0.0001573349 	0.9955208637 	
84.0000000000 	0.9527735922 	0.0212582456 	0.0213468597 	0.0001363901 	0.9955150876 	
84.5000000000 	0.9535165727 	0.0208901636 	0.0209883589 	0.0001140513 	0.9955091464 	
85.0000000000 	0.9542527787 	0.0205300090 	0.0206274890 	0.0000916924 	0.9955019691 	
85.5000000000 	0.9549547285 	0.0201908898 	0.0202767501 	0.0000692050 	0.9954915735 	
86.0000000000 	0.9556076011 	0.0198727025 	0.0199470137 	0.0000496831 	0.9954770004 	
86.5000000000 	0.9561827098 	0.0195883046 	0.0196541023 	0.0000328470 	0.9954579638 	
87.0000000000 	0.9566668749 	0.0193439051 	0.0194049005 	0.0000191792 	0.9954348598 	
87.5000000000 	0.9570571895 	0.0191351791 	0.0192058961 	0.0000090743 	0.9954073391 	
88.0000000000 	0.9573963516 	0.0189411670 	0.0190552204 	0.0000027257 	0.9953954647 	
88.5000000000 	0.9575804572 	0.0188246977 	0.0189518879 	0.0000000003 	0.9953570431 	
89.0000000000 	0.9577211204 	0.0187418392 	0.0188882394 	0.0000015089 	0.9953527079 	
89.5000000000 	0.9577197619 	0.0187125563 	0.0188599551 	0.0000058390 	0.9952981123 	
90.0000000000 	0.9577121932 	0.0187112178 	0.0188594628 	0.0000125753 	0.9952954491 	
90.5000000000 	0.9576100660 	0.0187369029 	0.0188748969 	0.0000211803 	0.9952430460 	
91.0000000000 	0.9575111873 	0.0187742738 	0.0188982113 	0.0000310541 	0.9952147266 	
91.5000000000 	0.9574128788 	0.0188169602 	0.0189255009 	0.0000416759 	0.9951970158 	
92.0000000000 	0.9573118986 	0.0188564854 	0.0189412453 	0.0000524908 	0.9951621200 	
92.5000000000 	0.9572536697 	0.0188802715 	0.0189393155 	0.0000628233 	0.9951360800 	
93.0000000000 	0.9572402375 	0.0188813536 	0.0189134766 	0.0000720495 	0.9951071172 	
93.5000000000 	0.9572886421 	0.0188541841 	0.0188600081 	0.0000796346 	0.9950824689 	
94.0000000000 	0.9574050963 	0.0187950801 	0.0187767421 	0.0000851642 	0.9950620827 	
94.5000000000 	0.9575919985 	0.0187025240 	0.0186628516 	0.0000883694 	0.9950457436 	
95.0000000000 	0.9578474449 	0.0185771137 	0.0185194382 	0.0000891133 	0.9950331101 	
95.5000000000 	0.9581727707 	0.0184139492 	0.0183496383 	0.0000873641 	0.9950237223 	
96.0000000000 	0.9585516744 	0.0182244139 	0.0181577151 	0.0000832477 	0.9950170511 	
96.5000000000 	0.9589717848 	0.0180148189 	0.0179490064 	0.0000768850 	0.9950124952 	
97.0000000000 	0.9594278995 	0.0177845685 	0.0177286896 	0.0000684088 	0.9950095664 	
97.5000000000 	0.9598987993 	0.0175493911 	0.0175003925 	0.0000586103 	0.9950071932 	
98.0000000000 	0.9603782959 	0.0173080188 	0.0172712093 	0.0000464594 	0.9950039835 	
98.5000000000 	0.9608408844 	0.0170785411 	0.0170439284 	0.0000363749 	0.9949997288 	
99.0000000000 	0.9612802665 	0.0168615069 	0.0168251156 	0.0000274213 	0.9949943103 	
99.5000000000 	0.9616812526 	0.0166641847 	0.0166220753 	0.0000194563 	0.9949869689 	
100.0000000000 	0.9620428570 	0.0164841222 	0.0164381028 	0.0000125917 	0.9949776737 	
100.5000000000 	0.9623554583 	0.0163277965 	0.0162758105 	0.0000071907 	0.9949662561 	
101.0000000000 	0.9626220326 	0.0161898432 	0.0161377016 	0.0000032780 	0.9949528554 	
101.5000000000 	0.9628343122 	0.0160778964 	0.0160245198 	0.0000000010 	0.9949367294 	
102.0000000000 	0.9629983001 	0.0159858172 	0.0159339785 	0.0000000013 	0.9949180971 	
102.5000000000 	0.9631212863 	0.0159101586 	0.0158667869 	0.0000000009 	0.9948982327 	
103.0000000000 	0.9632064429 	0.0158522106 	0.0158173456 	0.0000000007 	0.9948759998 	
103.5000000000 	0.9632618593 	0.0158083076 	0.0157810867 	0.0000012759 	0.9948525295 	
104.0000000000 	0.9632897795 	0.0157809185 	0.0157545153 	0.0000045209 	0.9948297342 	
104.5000000000 	0.9633103376 	0.0157574209 	0.0157321287 	0.0000090004 	0.9948088876 	
105.0000000000 	0.9633330900 	0.0157335289 	0.0157093218 	0.0000141188 	0.9947900595 	
105.5000000000 	0.9633678565 	0.0157048648 	0.0156812170 	0.0000193856 	0.9947733240 	
106.0000000000 	0.9634227867 	0.0156679500 	0.0156436036 	0.0000243973 	0.9947587376 	
106.5000000000 	0.9635039469 	0.0156198064 	0.0155937343 	0.0000288286 	0.9947463163 	
107.0000000000 	0.9636162800 	0.0155581912 	0.0155291327 	0.0000324212 	0.9947360251 	
107.5000000000 	0.9637704930 	0.0154739770 	0.0154483009 	0.0000349906 	0.9947277615 	
108.0000000000 	0.9639602431 	0.0153736291 	0.0153510741 	0.0000364195 	0.9947213658 	
108.5000000000 	0.9641838553 	0.0152576715 	0.0152383681 	0.0000367078 	0.9947166027 	
109.0000000000 	0.9644374948 	0.0151276525 	0.0151121090 	0.0000359283 	0.9947131847 	
109.5000000000 	0.9647159702 	0.0149856519 	0.0149749995 	0.0000341837 	0.9947108053 	
110.0000000000 	0.9650133094 	0.0148342391 	0.0148299968 	0.0000316088 	0.9947091542 	
110.5000000000 	0.9653244421 	0.0146748767 	0.0146802262 	0.0000283731 	0.9947079181 	
111.0000000000 	0.9656505147 	0.0145033496 	0.0145290773 	0.0000235354 	0.9947064770 	
111.5000000000 	0.9659742427 	0.0143368394 	0.0143749706 	0.0000185109 	0.9947045637 	
112.0000000000 	0.9662860637 	0.0141763090 	0.0142257382 	0.0000145286 	0.9947026396 	
112.5000000000 	0.9665820461 	0.0140227234 	0.0140846106 	0.0000112532 	0.9947006333 	
113.0000000000 	0.9668515812 	0.0138859498 	0.0139521361 	0.0000084857 	0.9946981528 	
113.5000000000 	0.9670967144 	0.0137622472 	0.0138299766 	0.0000059221 	0.9946948602 	
114.0000000000 	0.9673174913 	0.0136504084 	0.0137190818 	0.0000036397 	0.9946906212 	
114.5000000000 	0.9675124091 	0.0135508624 	0.0136203650 	0.0000018342 	0.9946854707 	
115.0000000000 	0.9676817878 	0.0134636247 	0.0135334541 	0.0000000001 	0.9946788666 	
115.5000000000 	0.9678259091 	0.0133867019 	0.0134561642 	0.0000000001 	0.9946687753 	
116.0000000000 	0.9679549579 	0.0133151847 	0.0133898478 	0.0000000003 	0.9946599906 	
116.5000000000 	0.9680694446 	0.0132491618 	0.0133315191 	0.0000000002 	0.9946501257 	
117.0000000000 	0.9681691951 	0.0131917670 	0.0132781918 	0.0000000002 	0.9946391541 	
117.5000000000 	0.9682525779 	0.0131464498 	0.0132280795 	0.0000000002 	0.9946271074 	
118.0000000000 	0.9683322548 	0.0131037683 	0.0131780296 	0.0000000002 	0.9946140529 	
118.5000000000 	0.9684128949 	0.0130613262 	0.0131258895 	0.0000000002 	0.9946001108 	
119.0000000000 	0.9684989648 	0.0130167302 	0.0130697551 	0.0000000002 	0.9945854503 	
119.5000000000 	0.9685937745 	0.0129683878 	0.0130081091 	0.0000000002 	0.9945702717 	
120.0000000000 	0.9686993867 	0.0129156085 	0.0129397985 	0.0000000002 	0.9945547939 	
120.5000000000 	0.9688238064 	0.0128500270 	0.0128654463 	0.0000000002 	0.9945392799 	
121.0000000000 	0.9689643037 	0.0127771074 	0.0127825370 	0.0000000002 	0.9945239484 	
121.5000000000 	0.9691222254 	0.0126972473 	0.0126895276 	0.0000000002 	0.9945090004 	
122.0000000000 	0.9692948263 	0.0126093556 	0.0125904312 	0.0000000001 	0.9944946133 	
122.5000000000 	0.9694917338 	0.0125044751 	0.0124846336 	0.0000000001 	0.9944808427 	
123.0000000000 	0.9696985944 	0.0123950521 	0.0123740525 	0.0000000002 	0.9944676992 	
123.5000000000 	0.9699116715 	0.0122827604 	0.0122608023 	0.0000000002 	0.9944552343 	
124.0000000000 	0.9701355171 	0.0121693103 	0.0121462372 	0.0000000001 	0.9944510647 	
124.5000000000 	0.9703617370 	0.0120568704 	0.0120324568 	0.0000000001 	0.9944510643 	
125.0000000000 	0.9705833803 	0.0119468622 	0.0119208215 	0.0000000001 	0.9944510641 	
125.5000000000 	0.9707976023 	0.0118407041 	0.0118127574 	0.0000000000 	0.9944510638 	
126.0000000000 	0.9710023203 	0.0117395980 	0.0117091454 	0.0000000000 	0.9944510637 	
126.5000000000 	0.9711962507 	0.0116444348 	0.0116103780 	0.0000000000 	0.9944510636 	
127.0000000000 	0.9713783198 	0.0115557868 	0.0115169568 	0.0000000000 	0.9944510635 	
127.5000000000 	0.9715472470 	0.0114738731 	0.0114299432 	0.0000000001 	0.9944510634 	
128.0000000000 	0.9717024723 	0.0113985387 	0.0113500523 	0.0000000001 	0.9944510633 	
128.5000000000 	0.9718447136 	0.0113292964 	0.0112770532 	0.0000000001 	0.9944510633 	
129.0000000000 	0.9719752385 	0.0112653909 	0.0112104337 	0.0000000001 	0.9944510632 	
129.5000000000 	0.9720957494 	0.0112058571 	0.0111494566 	0.0000000001 	0.9944510631 	
130.0000000000 	0.9722082002 	0.0111495816 	0.0110932812 	0.0000000001 	0.9944510631 	
130.5000000000 	0.9723149567 	0.0110953672 	0.0110407391 	0.0000000001 	0.9944510630 	
131.0000000000 	0.9724186845 	0.0110419655 	0.0109904129 	0.0000000001 	0.9944510629 	
131.5000000000 	0.9725220945 	0.0109881235 	0.0109408447 	0.0000000001 	0.9944510629 	
132.0000000000 	0.9726273631 	0.0109326949 	0.0108910047 	0.0000000001 	0.9944510628 	
132.5000000000 	0.9727370121 	0.0108747403 	0.0108393103 	0.0000000001 	0.9944510628 	
133.0000000000 	0.9728533555 	0.0108135726 	0.0107841346 	0.0000000001 	0.9944510627 	
133.5000000000 	0.9729772906 	0.0107487775 	0.0107249945 	0.0000000001 	0.9944510627 	
134.0000000000 	0.9731095995 	0.0106799906 	0.0106614725 	0.0000000001 	0.9944510627 	
134.5000000000 	0.9732500734 	0.0106073056 	0.0105936836 	0.0000000000 	0.9944510626 	
135.0000000000 	0.9733980884 	0.0105310050 	0.0105219691 	0.0000000000 	0.9944510626 	
135.5000000000 	0.9735526152 	0.0104515743 	0.0104468731 	0.0000000000 	0.9944510626 	
136.0000000000 	0.9737123053 	0.0103696558 	0.0103691015 	0.0000000000 	0.9944510626 	
136.5000000000 	0.9738756044 	0.0102859838 	0.0102894743 	0.0000000000 	0.9944510625 	
137.0000000000 	0.9740408576 	0.0102013311 	0.0102088739 	0.0000000000 	0.9944510625 	
137.5000000000 	0.9742063590 	0.0101165088 	0.0101281947 	0.0000000000 	0.9944510625 	
138.0000000000 	0.9743703959 	0.0100323722 	0.0100482944 	0.0000000000 	0.9944510625 	
138.5000000000 	0.9745313633 	0.0099497509 	0.0099699483 	0.0000000000 	0.9944510625 	
139.0000000000 	0.9746878738 	0.0098693769 	0.0098938117 	0.0000000000 	0.9944510624 	
139.5000000000 	0.9748388153 	0.0097918549 	0.0098203921 	0.0000000000 	0.9944510624 	
140.0000000000 	0.9749833871 	0.0097176440 	0.0097500313 	0.0000000000 	0.9944510624 	
140.5000000000 	0.9751211082 	0.0096470568 	0.0096828974 	0.0000000000 	0.9944510624 	
141.0000000000 	0.9752518304 	0.0095802460 	0.0096189859 	0.0000000000 	0.9944510624 	
141.5000000000 	0.9753757802 	0.0095171550 	0.0095581271 	0.0000000000 	0.9944510624 	
142.0000000000 	0.9754935200 	0.0094575409 	0.0095000014 	0.0000000000 	0.9944510623 	
142.5000000000 	0.9756058725 	0.0094010244 	0.0094441654 	0.0000000000 	0.9944510623 	
143.0000000000 	0.9757139132 	0.0093470618 	0.0093900873 	0.0000000000 	0.9944510623 	
143.5000000000 	0.9758188864 	0.0092949917 	0.0093371842 	0.0000000000 	0.9944510623 	
144.0000000000 	0.9759220930 	0.0092441169 	0.0092848523 	0.0000000000 	0.9944510623 	
144.5000000000 	0.9760248082 	0.0091937509 	0.0092325032 	0.0000000000 	0.9944510623 	
145.0000000000 	0.9761282008 	0.0091432635 	0.0091795980 	0.0000000000 	0.9944510623 	
145.5000000000 	0.9762332820 	0.0090921091 	0.0091256711 	0.0000000000 	0.9944510623 	
146.0000000000 	0.9763408571 	0.0090398511 	0.0090703540 	0.0000000000 	0.9944510623 	
146.5000000000 	0.9764514933 	0.0089861773 	0.0090133916 	0.0000000000 	0.9944510623 	
147.0000000000 	0.9765655062 	0.0089309074 	0.0089546486 	0.0000000000 	0.9944510623 	
147.5000000000 	0.9766829622 	0.0088739926 	0.0088941074 	0.0000000000 	0.9944510622 	
148.0000000000 	0.9768036911 	0.0088155079 	0.0088318632 	0.0000000000 	0.9944510622 	
148.5000000000 	0.9769273078 	0.0087556383 	0.0087681161 	0.0000000000 	0.9944510622 	
149.0000000000 	0.9770532450 	0.0086946597 	0.0087031575 	0.0000000000 	0.9944510622 	
149.5000000000 	0.9771807961 	0.0086329164 	0.0086373498 	0.0000000000 	0.9944510622 	
150.0000000000 	0.9773091620 	0.0085707956 	0.0085711046 	0.0000000000 	0.9944510622 	
150.5000000000 	0.9774374987 	0.0085087026 	0.0085048608 	0.0000000000 	0.9944510622 	
151.0000000000 	0.9775649617 	0.0084470354 	0.0084390650 	0.0000000000 	0.9944510622 	
151.5000000000 	0.9776907527 	0.0083861623 	0.0083741472 	0.0000000000 	0.9944510622 	
152.0000000000 	0.9778141662 	0.0083264020 	0.0083104941 	0.0000000000 	0.9944510622 	
152.5000000000 	0.9779346247 	0.0082680073 	0.0082484302 	0.0000000000 	0.9944510622 	
153.0000000000 	0.9780517043 	0.0082111543 	0.0081882036 	0.0000000000 	0.9944510622 	
153.5000000000 	0.9781651539 	0.0081559352 	0.0081299730 	0.0000000000 	0.9944510622 	
154.0000000000 	0.9782749037 	0.0081023584 	0.0080738001 	0.0000000000 	0.9944510622 	
154.5000000000 	0.9783810592 	0.0080503515 	0.0080196515 	0.0000000000 	0.9944510622 	
155.0000000000 	0.9784838853 	0.0079997702 	0.0079674067 	0.0000000000 	0.9944510621 	
155.5000000000 	0.9785837825 	0.0079504090 	0.0079168706 	0.0000000000 	0.9944510621 	
156.0000000000 	0.9786812563 	0.0079020159 	0.0078677899 	0.0000000000 	0.9944510621 	
156.5000000000 	0.9787768818 	0.0078543087 	0.0078198716 	0.0000000000 	0.9944510621 	
157.0000000000 	0.9788712664 	0.0078069930 	0.0077728027 	0.0000000000 	0.9944510621 	
157.5000000000 	0.9789650135 	0.0077597793 	0.0077262693 	0.0000000000 	0.9944510621 	
158.0000000000 	0.9790586889 	0.0077123986 	0.0076799746 	0.0000000000 	0.9944510621 	
158.5000000000 	0.9791527918 	0.0076646158 	0.0076336545 	0.0000000000 	0.9944510621 	
159.0000000000 	0.9792477314 	0.0076162409 	0.0075870898 	0.0000000000 	0.9944510621 	
159.5000000000 	0.9793438094 	0.0075671372 	0.0075401156 	0.0000000000 	0.9944510621 	
160.0000000000 	0.9794412096 	0.0075172262 	0.0074926263 	0.0000000000 	0.9944510621 	
160.5000000000 	0.9795399951 	0.0074664899 	0.0074445771 	0.0000000000 	0.9944510621 	
161.0000000000 	0.9796401107 	0.0074149697 	0.0073959817 	0.0000000000 	0.9944510621 	
161.5000000000 	0.9797413923 	0.0073627624 	0.0073469074 	0.0000000000 	0.9944510621 	
162.0000000000 	0.9798435816 	0.0073100141 	0.0072974664 	0.0000000000 	0.9944510621 	
162.5000000000 	0.9799463460 	0.0072569097 	0.0072478064 	0.0000000000 	0.9944510621 	
163.0000000000 	0.9800493008 	0.0072036627 	0.0071980986 	0.0000000000 	0.9944510621 	
163.5000000000 	0.9801520340 	0.0071505022 	0.0071485259 	0.0000000000 	0.9944510621 	
164.0000000000 	0.9802541311 	0.0070976605 	0.0070992705 	0.0000000000 	0.9944510621 	
164.5000000000 	0.9803551994 	0.0070453600 	0.0070505027 	0.0000000000 	0.9944510621 	
165.0000000000 	0.9804548895 	0.0069938013 	0.0070023713 	0.0000000000 	0.9944510621 	
165.5000000000 	0.9805529137 	0.0069431534 	0.0069549950 	0.0000000000 	0.9944510621 	
166.0000000000 	0.9806490594 	0.0068935461 	0.0069084566 	0.0000000000 	0.9944510621 	
166.5000000000 	0.9807431975 	0.0068450651 	0.0068627995 	0.0000000000 	0.9944510621 	
167.0000000000 	0.9808352855 	0.0067977499 	0.0068180267 	0.0000000000 	0.9944510621 	
167.5000000000 	0.9809253654 	0.0067515949 	0.0067741018 	0.0000000000 	0.9944510621 	
168.0000000000 	0.9810135565 	0.0067065521 	0.0067309534 	0.0000000000 	0.9944510621 	
168.5000000000 	0.9811000445 	0.0066625375 	0.0066884801 	0.0000000000 	0.9944510621 	
169.0000000000 	0.9811850675 	0.0066194376 	0.0066465570 	0.0000000000 	0.9944510621 	
169.5000000000 	0.9812688996 	0.0065771180 	0.0066050444 	0.0000000000 	0.9944510621 	
170.0000000000 	0.9813518343 	0.0065354327 	0.0065637950 	0.0000000000 	0.9944510621 	
170.5000000000 	0.9814341666 	0.0064942325 	0.0065226629 	0.0000000000 	0.9944510621 	
171.0000000000 	0.9815161771 	0.0064533739 	0.0064815110 	0.0000000000 	0.9944510621 	
171.5000000000 	0.9815981168 	0.0064127266 	0.0064402187 	0.0000000000 	0.9944510621 	
172.0000000000 	0.9816801951 	0.0063721795 	0.0063986874 	0.0000000000 	0.9944510621 	
172.5000000000 	0.9817625705 	0.0063316459 	0.0063568457 	0.0000000000 	0.9944510621 	
173.0000000000 	0.9818453440 	0.0062910659 	0.0063146521 	0.0000000000 	0.9944510621 	
173.5000000000 	0.9819285573 	0.0062504079 	0.0062720969 	0.0000000000 	0.9944510621 	
174.0000000000 	0.9820121930 	0.0062096681 	0.0062292010 	0.0000000000 	0.9944510621 	
174.5000000000 	0.9820961793 	0.0061688680 	0.0061860148 	0.0000000000 	0.9944510621 	
175.0000000000 	0.9821803970 	0.0061280512 	0.0061426138 	0.0000000000 	0.9944510621 	
175.5000000000 	0.9822646888 	0.0060872787 	0.0060990946 	0.0000000000 	0.9944510621 	
176.0000000000 	0.9823488705 	0.0060466235 	0.0060555680 	0.0000000000 	0.9944510621 	
176.5000000000 	0.9824327435 	0.0060061650 	0.0060121535 	0.0000000000 	0.9944510621 	
177.0000000000 	0.9825161067 	0.0059659830 	0.0059689723 	0.0000000000 	0.9944510621 	
177.5000000000 	0.9825987688 	0.0059261524 	0.0059261409 	0.0000000000 	0.9944510621 	
178.0000000000 	0.9826805585 	0.0058867380 	0.0058837655 	0.0000000000 	0.9944510620 	
178.5000000000 	0.9827613336 	0.0058477910 	0.0058419374 	0.0000000000 	0.9944510620 	
179.0000000000 	0.9828409873 	0.0058093459 	0.0058007288 	0.0000000000 	0.9944510620 	
179.5000000000 	0.9829194531 	0.0057714182 	0.0057601907 	0.0000000000 	0.9944510620 	
180.0000000000 	0.9829967061 	0.0057340045 	0.0057203515 	0.0000000000 	0.9944510620 	
180.5000000000 	0.9830727624 	0.0056970822 	0.0056812174 	0.0000000000 	0.9944510620 	
181.0000000000 	0.9831476762 	0.0056606119 	0.0056427739 	0.0000000000 	0.9944510620 	
181.5000000000 	0.9832215350 	0.0056245391 	0.0056049879 	0.0000000000 	0.9944510620 	
182.0000000000 	0.9832944528 	0.0055887982 	0.0055678111 	0.0000000000 	0.9944510620 	
182.5000000000 	0.9833665626 	0.0055533157 	0.0055311837 	0.0000000000 	0.9944510620 	
183.0000000000 	0.9834380082 	0.0055180148 	0.0054950391 	0.0000000000 	0.9944510620 	
183.5000000000 	0.9835089353 	0.0054828191 	0.0054593076 	0.0000000000 	0.9944510620 	
184.0000000000 	0.9835794839 	0.0054476575 	0.0054239207 	0.0000000000 	0.9944510620 	
184.5000000000 	0.9836497801 	0.0054124671 	0.0053888148 	0.0000000000 	0.9944510620 	
185.0000000000 	0.9837199306 	0.0053771968 	0.0053539347 	0.0000000000 	0.9944510620 	
185.5000000000 	0.9837900173 	0.0053418097 	0.0053192350 	0.0000000000 	0.9944510620 	
186.0000000000 	0.9838600944 	0.0053062847 	0.0052846829 	0.0000000000 	0.9944510620 	
186.5000000000 	0.9839301869 	0.0052706170 	0.0052502582 	0.0000000000 	0.9944510620 	
187.0000000000 	0.9840002909 	0.0052348180 	0.0052159532 	0.0000000000 	0.9944510620 	
187.5000000000 	0.9840703754 	0.0051989143 	0.0051817723 	0.0000000000 	0.9944510620 	
188.0000000000 	0.9841403862 	0.0051629459 	0.0051477299 	0.0000000000 	0.9944510620 	
188.5000000000 	0.9842102498 	0.0051269634 	0.0051138488 	0.0000000000 	0.9944510620 	
189.0000000000 	0.9842798791 	0.0050910254 	0.0050801575 	0.0000000000 	0.9944510620 	
189.5000000000 	0.9843491794 	0.0050551952 	0.0050466875 	0.0000000000 	0.9944510620 	
190.0000000000 	0.9844180539 	0.0050195376 	0.0050134705 	0.0000000000 	0.9944510620 	
190.5000000000 	0.9844864102 	0.0049841157 	0.0049805362 	0.0000000000 	0.9944510620 	
191.0000000000 	0.9845541646 	0.0049489880 	0.0049479094 	0.0000000000 	0.9944510620 	
191.5000000000 	0.9846212472 	0.0049142062 	0.0049156087 	0.0000000000 	0.9944510620 	
192.0000000000 	0.9846876051 	0.0048798128 	0.0048836442 	0.0000000000 	0.9944510620 	
192.5000000000 	0.9847532045 	0.0048458401 	0.0048520174 	0.0000000000 	0.9944510620 	
193.0000000000 	0.9848180320 	0.0048123097 	0.0048207204 	0.0000000000 	0.9944510620 	
193.5000000000 	0.9848820941 	0.0047792317 	0.0047897362 	0.0000000000 	0.9944510620 	
194.0000000000 	0.9849454164 	0.0047466061 	0.0047590395 	0.0000000000 	0.9944510620 	
194.5000000000 	0.9850080408 	0.0047144232 	0.0047285980 	0.0000000000 	0.9944510620 	
195.0000000000 	0.9850700227 	0.0046826653 	0.0046983740 	0.0000000000 	0.9944510620 	
195.5000000000 	0.9851314274 	0.0046513083 	0.0046683264 	0.0000000000 	0.9944510620 	
196.0000000000 	0.9851923255 	0.0046203238 	0.0046384127 	0.0000000000 	0.9944510620 	
196.5000000000 	0.9852527896 	0.0045896812 	0.0046085913 	0.0000000000 	0.9944510620 	
197.0000000000 	0.9853128893 	0.0045593493 	0.0045788234 	0.0000000000 	0.9944510620 	
197.5000000000 	0.9853726882 	0.0045292986 	0.0045490752 	0.0000000000 	0.9944510620 	
198.0000000000 	0.9854322406 	0.0044995023 	0.0045193191 	0.0000000000 	0.9944510620 	
198.5000000000 	0.9854915889 	0.0044699379 	0.0044895352 	0.0000000000 	0.9944510620 	
199.0000000000 	0.9855507621 	0.0044405879 	0.0044597120 	0.0000000000 	0.9944510620 	
199.5000000000 	0.9856097752 	0.0044114401 	0.0044298467 	0.0000000000 	0.9944510620 	
200.0000000000 	0.9856686289 	0.0043824879 	0.0043999451 	0.0000000000 	0.9944510620 	
200.5000000000 	0.9857273108 	0.0043537299 	0.0043700213 	0.0000000000 	0.9944510620 	
201.0000000000 	0.9857857968 	0.0043251690 	0.0043400963 	0.0000000000 	0.9944510620 	
201.5000000000 	0.9858440531 	0.0042968117 	0.0043101972 	0.0000000000 	0.9944510620 	
202.0000000000 	0.9859020392 	0.0042686670 	0.0042803558 	0.0000000000 	0.9944510620 	
202.5000000000 	0.9859597104 	0.0042407451 	0.0042506065 	0.0000000000 	0.9944510620 	
203.0000000000 	0.9860170206 	0.0042130561 	0.0042209853 	0.0000000000 	0.9944510620 	
203.5000000000 	0.9860739256 	0.0041856087 	0.0041915277 	0.0000000000 	0.9944510620 	
204.0000000000 	0.9861303850 	0.0041584095 	0.0041622675 	0.0000000000 	0.9944510620 	
204.5000000000 	0.9861863651 	0.0041314614 	0.0041332355 	0.0000000000 	0.9944510620 	
205.0000000000 	0.9862418401 	0.0041047637 	0.0041044582 	0.0000000000 	0.9944510620 	
205.5000000000 	0.9862967934 	0.0040783111 	0.0040759576 	0.0000000000 	0.9944510620 	
206.0000000000 	0.9863512185 	0.0040520937 	0.0040477499 	0.0000000000 	0.9944510620 	
206.5000000000 	0.9864051183 	0.0040260974 	0.0040198463 	0.0000000000 	0.9944510620 	
207.0000000000 	0.9864585055 	0.0040003041 	0.0039922524 	0.0000000000 	0.9944510620 	
207.5000000000 	0.9865114005 	0.0039746926 	0.0039649690 	0.0000000000 	0.9944510620 	
208.0000000000 	0.9865638306 	0.0039492390 	0.0039379924 	0.0000000000 	0.9944510620 	
208.5000000000 	0.9866158281 	0.0039239183 	0.0039113156 	0.0000000000 	0.9944510620 	
209.0000000000 	0.9866674282 	0.0038987050 	0.0038849288 	0.0000000000 	0.9944510620 	
209.5000000000 	0.9867186671 	0.0038735747 	0.0038588203 	0.0000000000 	0.9944510620 	
210.0000000000 	0.9867695798 	0.0038485045 	0.0038329778 	0.0000000000 	0.9944510620 	
210.5000000000 	0.9868201987 	0.0038234745 	0.0038073888 	0.0000000000 	0.9944510620 	
211.0000000000 	0.9868705516 	0.0037984686 	0.0037820418 	0.0000000000 	0.9944510620 	
211.5000000000 	0.9869206609 	0.0037734748 	0.0037569264 	0.0000000000 	0.9944510620 	
212.0000000000 	0.9869705424 	0.0037484856 	0.0037320340 	0.0000000000 	0.9944510620 	
212.5000000000 	0.9870202050 	0.0037234989 	0.0037073581 	0.0000000000 	0.9944510620 	
213.0000000000 	0.9870696509 	0.0036985168 	0.0036828943 	0.0000000000 	0.9944510620 	
213.5000000000 	0.9871188757 	0.0036735464 	0.0036586399 	0.0000000000 	0.9944510620 	
214.0000000000 	0.9871678691 	0.0036485988 	0.0036345941 	0.0000000000 	0.9944510620 	
214.5000000000 	0.9872166162 	0.0036236887 	0.0036107571 	0.0000000000 	0.9944510620 	
215.0000000000 	0.9872650985 	0.0035988334 	0.0035871301 	0.0000000000 	0.9944510620 	
215.5000000000 	0.9873132953 	0.0035740524 	0.0035637143 	0.0000000000 	0.9944510620 	
216.0000000000 	0.9873611852 	0.0035493662 	0.0035405106 	0.0000000000 	0.9944510620 	
216.5000000000 	0.9874087473 	0.0035247958 	0.0035175189 	0.0000000000 	0.9944510620 	
217.0000000000 	0.9874559627 	0.0035003615 	0.0034947378 	0.0000000000 	0.9944510620 	
217.5000000000 	0.9875028155 	0.0034760827 	0.0034721639 	0.0000000000 	0.9944510620 	
218.0000000000 	0.9875492934 	0.0034519769 	0.0034497918 	0.0000000000 	0.9944510620 	
218.5000000000 	0.9875953888 	0.0034280594 	0.0034276138 	0.0000000000 	0.9944510620 	
219.0000000000 	0.9876410989 	0.0034043432 	0.0034056200 	0.0000000000 	0.9944510620 	
219.5000000000 	0.9876864253 	0.0033808384 	0.0033837983 	0.0000000000 	0.9944510620 	
220.0000000000 	0.9877313746 	0.0033575527 	0.0033621347 	0.0000000000 	0.9944510620 	
220.5000000000 	0.9877759571 	0.0033344910 	0.0033406140 	0.0000000000 	0.9944510620 	
221.0000000000 	0.9878201865 	0.0033116560 	0.0033192195 	0.0000000000 	0.9944510620 	
221.5000000000 	0.9878640793 	0.0032890483 	0.0032979345 	0.0000000000 	0.9944510620 	
222.0000000000 	0.9879076531 	0.0032666669 	0.0032767420 	0.0000000000 	0.9944510620 	
222.5000000000 	0.9879509264 	0.0032445096 	0.0032556261 	0.0000000000 	0.9944510620 	
223.0000000000 	0.9879939171 	0.0032225732 	0.0032345718 	0.0000000000 	0.9944510620 	
223.5000000000 	0.9880366419 	0.0032008540 	0.0032135660 	0.0000000000 	0.9944510620 	
224.0000000000 	0.9880791155 	0.0031793485 	0.0031925980 	0.0000000000 	0.9944510620 	
224.5000000000 	0.9881213499 	0.0031580528 	0.0031716593 	0.0000000000 	0.9944510620 	
225.0000000000 	0.9881633539 	0.0031369638 	0.0031507443 	0.0000000000 	0.9944510620 	
225.5000000000 	0.9882051331 	0.0031160786 	0.0031298504 	0.0000000000 	0.9944510620 	
226.0000000000 	0.9882466896 	0.0030953948 	0.0031089777 	0.0000000000 	0.9944510620 	
226.5000000000 	0.9882880224 	0.0030749105 	0.0030881291 	0.0000000000 	0.9944510620 	
227.0000000000 	0.9883291277 	0.0030546241 	0.0030673102 	0.0000000000 	0.9944510620 	
227.5000000000 	0.9883699993 	0.0030345341 	0.0030465286 	0.0000000000 	0.9944510620 	
228.0000000000 	0.9884106290 	0.0030146390 	0.0030257941 	0.0000000000 	0.9944510620 	
228.5000000000 	0.9884510077 	0.0029949368 	0.0030051175 	0.0000000000 	0.9944510620 	
229.0000000000 	0.9884911257 	0.0029754252 	0.0029845111 	0.0000000000 	0.9944510620 	
229.5000000000 	0.9885309736 	0.0029561009 	0.0029639875 	0.0000000000 	0.9944510620 	
230.0000000000 	0.9885705428 	0.0029369597 	0.0029435596 	0.0000000000 	0.9944510620 	
230.5000000000 	0.9886098261 	0.0029179961 	0.0029232399 	0.0000000000 	0.9944510620 	
231.0000000000 	0.9886488181 	0.0028992035 	0.0029030404 	0.0000000000 	0.9944510620 	
231.5000000000 	0.9886875155 	0.0028805740 	0.0028829724 	0.0000000000 	0.9944510620 	
232.0000000000 	0.9887259174 	0.0028620986 	0.0028630460 	0.0000000000 	0.9944510620 	
232.5000000000 	0.9887640251 	0.0028437668 	0.0028432700 	0.0000000000 	0.9944510620 	
233.0000000000 	0.9888018422 	0.0028255676 	0.0028236522 	0.0000000000 	0.9944510620 	
233.5000000000 	0.9888393743 	0.0028074890 	0.0028041987 	0.0000000000 	0.9944510620 	
234.0000000000 	0.9888766285 	0.0027895188 	0.0027849148 	0.0000000000 	0.9944510620 	
234.5000000000 	0.9889136133 	0.0027716443 	0.0027658044 	0.0000000000 	0.9944510620 	
235.0000000000 	0.9889503381 	0.0027538536 	0.0027468704 	0.0000000000 	0.9944510620 	
235.5000000000 	0.9889868124 	0.0027361347 	0.0027281149 	0.0000000000 	0.9944510620 	
236.0000000000 	0.9890230457 	0.0027184771 	0.0027095393 	0.0000000000 	0.9944510620 	
236.5000000000 	0.9890590469 	0.0027008708 	0.0026911443 	0.0000000000 	0.9944510620 	
237.0000000000 	0.9890948239 	0.0026833078 	0.0026729303 	0.0000000000 	0.9944510620 	
237.5000000000 	0.9891303834 	0.0026657813 	0.0026548973 	0.0000000000 	0.9944510620 	
238.0000000000 	0.9891657306 	0.0026482864 	0.0026370451 	0.0000000000 	0.9944510620 	
238.5000000000 	0.9892008689 	0.0026308199 	0.0026193732 	0.0000000000 	0.9944510620 	
239.0000000000 	0.9892358003 	0.0026133805 	0.0026018812 	0.0000000000 	0.9944510620 	
239.5000000000 	0.9892705252 	0.0025959688 	0.0025845680 	0.0000000000 	0.9944510620 	
240.0000000000 	0.9893050424 	0.0025785870 	0.0025674326 	0.0000000000 	0.9944510620 	
240.5000000000 	0.9893393498 	0.0025612386 	0.0025504736 	0.0000000000 	0.9944510620 	
241.0000000000 	0.9893734441 	0.0025439289 	0.0025336890 	0.0000000000 	0.9944510620 	
241.5000000000 	0.9894073215 	0.0025266641 	0.0025170764 	0.0000000000 	0.9944510620 	
242.0000000000 	0.9894409780 	0.0025094513 	0.0025006327 	0.0000000000 	0.9944510620 	
242.5000000000 	0.9894744097 	0.0024922982 	0.0024843541 	0.0000000000 	0.9944510620 	
243.0000000000 	0.9895076129 	0.0024752132 	0.0024682360 	0.0000000000 	0.9944510620 	
243.5000000000 	0.9895405846 	0.0024582046 	0.0024522728 	0.0000000000 	0.9944510620 	
244.0000000000 	0.9895733228 	0.0024412808 	0.0024364584 	0.0000000000 	0.9944510620 	
244.5000000000 	0.9896058263 	0.0024244502 	0.0024207855 	0.0000000000 	0.9944510620 	
245.0000000000 	0.9896380952 	0.0024077205 	0.0024052463 	0.0000000000 	0.9944510620 	
245.5000000000 	0.9896701305 	0.0023910993 	0.0023898322 	0.0000000000 	0.9944510620 	
246.0000000000 	0.9897019345 	0.0023745934 	0.0023745341 	0.0000000000 	0.9944510620 	
246.5000000000 	0.9897335105 	0.0023582092 	0.0023593424 	0.0000000000 	0.9944510620 	
247.0000000000 	0.9897648623 	0.0023419523 	0.0023442474 	0.0000000000 	0.9944510620 	
247.5000000000 	0.9897959946 	0.0023258279 	0.0023292395 	0.0000000000 	0.9944510620 	
248.0000000000 	0.9898269126 	0.0023098404 	0.0023143090 	0.0000000000 	0.9944510620 	
248.5000000000 	0.9898576213 	0.0022939938 	0.0022994469 	0.0000000000 	0.9944510620 	
249.0000000000 	0.9898881262 	0.0022782913 	0.0022846445 	0.0000000000 	0.9944510620 	
249.5000000000 	0.9899184320 	0.0022627359 	0.0022698941 	0.0000000000 	0.9944510620 	
250.0000000000 	0.9899485433 	0.0022473300 	0.0022551887 	0.0000000000 	0.9944510620 	
250.5000000000 	0.9899784639 	0.0022320755 	0.0022405226 	0.0000000000 	0.9944510620 	
251.0000000000 	0.9900081970 	0.0022169740 	0.0022258911 	0.0000000000 	0.9944510620 	
251.5000000000 	0.9900377450 	0.0022020265 	0.0022112906 	0.0000000000 	0.9944510620 	
252.0000000000 	0.9900671094 	0.0021872337 	0.0021967189 	0.0000000000 	0.9944510620 	
252.5000000000 	0.9900962911 	0.0021725959 	0.0021821750 	0.0000000000 	0.9944510620 	
253.0000000000 	0.9901252902 	0.0021581127 	0.0021676591 	0.0000000000 	0.9944510620 	
253.5000000000 	0.9901541062 	0.0021437834 	0.0021531725 	0.0000000000 	0.9944510620 	
254.0000000000 	0.9901827381 	0.0021296065 	0.0021387175 	0.0000000000 	0.9944510620 	
254.5000000000 	0.9902111846 	0.0021155801 	0.0021242973 	0.0000000000 	0.9944510620 	
255.0000000000 	0.9902394443 	0.0021017016 	0.0021099161 	0.0000000000 	0.9944510620 	
255.5000000000 	0.9902675159 	0.0020879676 	0.0020955785 	0.0000000000 	0.9944510620 	
256.0000000000 	0.9902953980 	0.0020743742 	0.0020812898 	0.0000000000 	0.9944510620 	
256.5000000000 	0.9903230897 	0.0020609167 	0.0020670556 	0.0000000000 	0.9944510620 	
257.0000000000 	0.9903505905 	0.0020475896 	0.0020528819 	0.0000000000 	0.9944510620 	
257.5000000000 	0.9903779002 	0.0020343872 	0.0020387746 	0.0000000000 	0.9944510620 	
258.0000000000 	0.9904050193 	0.0020213028 	0.0020247399 	0.0000000000 	0.9944510620 	
258.5000000000 	0.9904319489 	0.0020083294 	0.0020107838 	0.0000000000 	0.9944510620 	
259.0000000000 	0.9904586903 	0.0019954595 	0.0019969122 	0.0000000000 	0.9944510620 	
259.5000000000 	0.9904852457 	0.0019826856 	0.0019831307 	0.0000000000 	0.9944510620 	
260.0000000000 	0.9905116174 	0.0019699998 	0.0019694448 	0.0000000000 	0.9944510620 	
260.5000000000 	0.9905378082 	0.0019573942 	0.0019558597 	0.0000000000 	0.9944510620 	
261.0000000000 	0.9905638209 	0.0019448611 	0.0019423801 	0.0000000000 	0.9944510620 	
261.5000000000 	0.9905896587 	0.0019323929 	0.0019290105 	0.0000000000 	0.9944510620 	
262.0000000000 	0.9906153244 	0.0019199826 	0.0019157550 	0.0000000000 	0.9944510620 	
262.5000000000 	0.9906408212 	0.0019076235 	0.0019026173 	0.0000000000 	0.9944510620 	
263.0000000000 	0.9906661515 	0.0018953097 	0.0018896008 	0.0000000000 	0.9944510620 	
263.5000000000 	0.9906913179 	0.0018830359 	0.0018767082 	0.0000000000 	0.9944510620 	
264.0000000000 	0.9907163223 	0.0018707975 	0.0018639422 	0.0000000000 	0.9944510620 	
264.5000000000 	0.9907411665 	0.0018585908 	0.0018513047 	0.0000000000 	0.9944510620 	
265.0000000000 	0.9907658518 	0.0018464131 	0.0018387972 	0.0000000000 	0.9944510620 	
265.5000000000 	0.9907903789 	0.0018342623 	0.0018264208 	0.0000000000 	0.9944510620 	
266.0000000000 	0.9908147485 	0.0018221375 	0.0018141760 	0.0000000000 	0.9944510620 	
266.5000000000 	0.9908389609 	0.0018100384 	0.0018020627 	0.0000000000 	0.9944510620 	
267.0000000000 	0.9908630160 	0.0017979656 	0.0017900804 	0.0000000000 	0.9944510620 	
267.5000000000 	0.9908869136 	0.0017859205 	0.0017782279 	0.0000000000 	0.9944510620 	
268.0000000000 	0.9909106537 	0.0017739051 	0.0017665032 	0.0000000000 	0.9944510620 	
268.5000000000 	0.9909342358 	0.0017619222 	0.0017549040 	0.0000000000 	0.9944510620 	
269.0000000000 	0.9909576599 	0.0017499748 	0.0017434273 	0.0000000000 	0.9944510620 	
269.5000000000 	0.9909809258 	0.0017380668 	0.0017320694 	0.0000000000 	0.9944510620 	
270.0000000000 	0.9910040338 	0.0017262022 	0.0017208261 	0.0000000000 	0.9944510620 	
270.5000000000 	0.9910269841 	0.0017143853 	0.0017096927 	0.0000000000 	0.9944510620 	
271.0000000000 	0.9910497775 	0.0017026206 	0.0016986639 	0.0000000000 	0.9944510620 	
271.5000000000 	0.9910724147 	0.0016909130 	0.0016877343 	0.0000000000 	0.9944510620 	
272.0000000000 	0.9910948970 	0.0016792673 	0.0016768978 	0.0000000000 	0.9944510620 	
272.5000000000 	0.9911172256 	0.0016676882 	0.0016661482 	0.0000000000 	0.9944510620 	
273.0000000000 	0.9911394022 	0.0016561805 	0.0016554793 	0.0000000000 	0.9944510620 	
273.5000000000 	0.9911614285 	0.0016447490 	0.0016448845 	0.0000000000 	0.9944510620 	
274.0000000000 	0.9911833063 	0.0016333982 	0.0016343576 	0.0000000000 	0.9944510620 	
274.5000000000 	0.9912050375 	0.0016221324 	0.0016238922 	0.0000000000 	0.9944510620 	
275.0000000000 	0.9912266239 	0.0016109557 	0.0016134824 	0.0000000000 	0.9944510620 	
275.5000000000 	0.9912480675 	0.0015998722 	0.0016031223 	0.0000000000 	0.9944510620 	
276.0000000000 	0.9912693698 	0.0015888854 	0.0015928068 	0.0000000000 	0.9944510620 	
276.5000000000 	0.9912905326 	0.0015779984 	0.0015825310 	0.0000000000 	0.9944510620 	
277.0000000000 	0.9913115571 	0.0015672143 	0.0015722906 	0.0000000000 	0.9944510620 	
277.5000000000 	0.9913324448 	0.0015565355 	0.0015620817 	0.0000000000 	0.9944510620 	
278.0000000000 	0.9913531965 	0.0015459641 	0.0015519015 	0.0000000000 	0.9944510620 	
278.5000000000 	0.9913738131 	0.0015355017 	0.0015417472 	0.0000000000 	0.9944510620 	
279.0000000000 	0.9913942953 	0.0015251494 	0.0015316173 	0.0000000000 	0.9944510620 	
279.5000000000 	0.9914146437 	0.0015149079 	0.0015215104 	0.0000000000 	0.9944510620 	
280.0000000000 	0.9914348586 	0.0015047772 	0.0015114262 	0.0000000000 	0.9944510620 	
280.5000000000 	0.9914549404 	0.0014947570 	0.0015013647 	0.0000000000 	0.9944510620 	
281.0000000000 	0.9914748892 	0.0014848461 	0.0014913267 	0.0000000000 	0.9944510620 	
281.5000000000 	0.9914947054 	0.0014750432 	0.0014813134 	0.0000000000 	0.9944510620 	
282.0000000000 	0.9915143893 	0.0014653462 	0.0014713266 	0.0000000000 	0.9944510620 	
282.5000000000 	0.9915339411 	0.0014557523 	0.0014613686 	0.0000000000 	0.9944510620 	
283.0000000000 	0.9915533614 	0.0014462586 	0.0014514420 	0.0000000000 	0.9944510620 	
283.5000000000 	0.9915726505 	0.0014368615 	0.0014415499 	0.0000000000 	0.9944510620 	
284.0000000000 	0.9915918093 	0.0014275571 	0.0014316956 	0.0000000000 	0.9944510620 	
284.5000000000 	0.9916108384 	0.0014183409 	0.0014218827 	0.0000000000 	0.9944510620 	
285.0000000000 	0.9916297388 	0.0014092083 	0.0014121150 	0.0000000000 	0.9944510620 	
285.5000000000 	0.9916485114 	0.0014001544 	0.0014023962 	0.0000000000 	0.9944510620 	
286.0000000000 	0.9916671574 	0.0013911741 	0.0013927306 	0.0000000000 	0.9944510620 	
286.5000000000 	0.9916856779 	0.0013822622 	0.0013831220 	0.0000000000 	0.9944510620 	
287.0000000000 	0.9917040741 	0.0013734134 	0.0013735745 	0.0000000000 	0.9944510620 	
287.5000000000 	0.9917223475 	0.0013646225 	0.0013640921 	0.0000000000 	0.9944510620 	
288.0000000000 	0.9917404991 	0.0013558844 	0.0013546786 	0.0000000000 	0.9944510620 	
288.5000000000 	0.9917585302 	0.0013471941 	0.0013453377 	0.0000000000 	0.9944510620 	
289.0000000000 	0.9917764420 	0.0013385471 	0.0013360729 	0.0000000000 	0.9944510620 	
289.5000000000 	0.9917942357 	0.0013299388 	0.0013268875 	0.0000000000 	0.9944510620 	
290.0000000000 	0.9918119121 	0.0013213653 	0.0013177845 	0.0000000000 	0.9944510620 	
290.5000000000 	0.9918294724 	0.0013128230 	0.0013087666 	0.0000000000 	0.9944510620 	
291.0000000000 	0.9918469174 	0.0013043086 	0.0012998360 	0.0000000000 	0.9944510620 	
291.5000000000 	0.9918642477 	0.0012958195 	0.0012909948 	0.0000000000 	0.9944510620 	
292.0000000000 	0.9918814640 	0.0012873535 	0.0012822445 	0.0000000000 	0.9944510620 	
292.5000000000 	0.9918985670 	0.0012789088 	0.0012735862 	0.0000000000 	0.9944510620 	
293.0000000000 	0.9919155572 	0.0012704842 	0.0012650206 	0.0000000000 	0.9944510620 	
293.5000000000 	0.9919324350 	0.0012620792 	0.0012565479 	0.0000000000 	0.9944510620 	
294.0000000000 	0.9919492008 	0.0012536934 	0.0012481678 	0.0000000000 	0.9944510620 	
294.5000000000 	0.9919658552 	0.0012453272 	0.0012398796 	0.0000000000 	0.9944510620 	
295.0000000000 	0.9919823986 	0.0012369814 	0.0012316820 	0.0000000000 	0.9944510620 	
295.5000000000 	0.9919988314 	0.0012286572 	0.0012235735 	0.0000000000 	0.9944510620 	
296.0000000000 	0.9920151541 	0.0012203561 	0.0012155518 	0.0000000000 	0.9944510620 	
296.5000000000 	0.9920313674 	0.0012120802 	0.0012076144 	0.0000000000 	0.9944510620 	
297.0000000000 	0.9920474717 	0.0012038317 	0.0011997585 	0.0000000000 	0.9944510620 	
297.5000000000 	0.9920634679 	0.0011956133 	0.0011919808 	0.0000000000 	0.9944510620 	
298.0000000000 	0.9920793566 	0.0011874278 	0.0011842777 	0.0000000000 	0.9944510620 	
298.5000000000 	0.9920951385 	0.0011792782 	0.0011766453 	0.0000000000 	0.9944510620 	
299.0000000000 	0.9921108146 	0.0011711677 	0.0011690797 	0.0000000000 	0.9944510620 	
299.5000000000 	0.9921263857 	0.0011630997 	0.0011615766 	0.0000000000 	0.9944510620 	
# end of calculation 2019_08_27_14_18_51 
# time difference 00_00_00_00_00_30 -- in Minutes 0 in Seconds 30 
