## Date: 27.8.2019 -- Time: 14:16:44  
## Gamma_l=0.5000000000 - Gamma_m=0.0000000000 - Gamma_r=0.5000000000 
## phi_l=3.1415926536 - phi_m=0.0000000000 - phi_r=0.0000000000 
## init_000=0.00 - init_001=0.00 - init_010=0.00 - init_011=1.00 
## dt=0.500000 - t_end=600 - fb=30 - cutoff=0.000001000000 -- Nbin=2 
0.0000000000 	0.0000000000 	0.0000000000 	0.0000000000 	1.0000000000 	1.0000000000 	
0.5000000000 	0.0528304930 	0.1770183650 	0.1770183650 	0.5931327968 	1.0000000198 	
1.0000000000 	0.1655409253 	0.2413262959 	0.2413262959 	0.3518065146 	1.0000000316 	
1.5000000000 	0.2950641786 	0.2481339390 	0.2481339390 	0.2086679819 	1.0000000386 	
2.0000000000 	0.4201548106 	0.2280387042 	0.2280387042 	0.1237678237 	1.0000000427 	
2.5000000000 	0.5315223922 	0.1975334488 	0.1975334488 	0.0734107554 	1.0000000452 	
3.0000000000 	0.6262063895 	0.1651256652 	0.1651256652 	0.0435423267 	1.0000000466 	
3.5000000000 	0.7044146397 	0.1348795129 	0.1348795129 	0.0258263820 	1.0000000475 	
4.0000000000 	0.7677828612 	0.1084493563 	0.1084493563 	0.0153184742 	1.0000000480 	
4.5000000000 	0.8184460628 	0.0862340480 	0.0862340480 	0.0090858894 	1.0000000483 	
5.0000000000 	0.8585676679 	0.0680216208 	0.0680216208 	0.0053891390 	1.0000000485 	
5.5000000000 	0.8901217610 	0.0533409063 	0.0533409063 	0.0031964751 	1.0000000486 	
6.0000000000 	0.9148113239 	0.0416463953 	0.0416463953 	0.0018959342 	1.0000000487 	
6.5000000000 	0.9340562389 	0.0324096345 	0.0324096345 	0.0011245408 	1.0000000487 	
7.0000000000 	0.9490142832 	0.0251593817 	0.0251593817 	0.0006670020 	1.0000000487 	
7.5000000000 	0.9606152311 	0.0194945985 	0.0194945985 	0.0003956208 	1.0000000487 	
8.0000000000 	0.9695977539 	0.0150838196 	0.0150838196 	0.0002346557 	1.0000000488 	
8.5000000000 	0.9765441479 	0.0116583594 	0.0116583594 	0.0001391820 	1.0000000488 	
9.0000000000 	0.9819108219 	0.0090033367 	0.0090033367 	0.0000825534 	1.0000000488 	
9.5000000000 	0.9860539964 	0.0069485436 	0.0069485436 	0.0000489651 	1.0000000488 	
10.0000000000 	0.9892508127 	0.0053600966 	0.0053600966 	0.0000290428 	1.0000000488 	
10.5000000000 	0.9917163711 	0.0041332257 	0.0041332257 	0.0000172262 	1.0000000488 	
11.0000000000 	0.9936173155 	0.0031862579 	0.0031862579 	0.0000102175 	1.0000000488 	
11.5000000000 	0.9950825707 	0.0024557089 	0.0024557089 	0.0000060603 	1.0000000488 	
12.0000000000 	0.9962117746 	0.0018923398 	0.0018923398 	0.0000035946 	1.0000000488 	
12.5000000000 	0.9970818687 	0.0014580240 	0.0014580240 	0.0000021321 	1.0000000488 	
13.0000000000 	0.9977522316 	0.0011232763 	0.0011232763 	0.0000012646 	1.0000000488 	
13.5000000000 	0.9982686660 	0.0008653164 	0.0008653164 	0.0000000000 	0.9999992987 	
14.0000000000 	0.9986637719 	0.0006653291 	0.0006655526 	0.0000000000 	0.9999946535 	
14.5000000000 	0.9989579986 	0.0005124038 	0.0005125700 	0.0000000000 	0.9999829725 	
15.0000000000 	0.9991846017 	0.0003946283 	0.0003947528 	0.0000000000 	0.9999739828 	
15.5000000000 	0.9731147064 	0.0133363972 	0.0133368401 	0.0001744399 	0.9999623838 	
16.0000000000 	0.9197921019 	0.0392510162 	0.0392504686 	0.0016554179 	0.9999490046 	
16.5000000000 	0.8636037754 	0.0656791145 	0.0656838523 	0.0049703575 	0.9999370997 	
17.0000000000 	0.8159873885 	0.0873058275 	0.0873094749 	0.0093171873 	0.9999198782 	
17.5000000000 	0.7809692989 	0.1027223130 	0.1027241472 	0.0134920793 	0.9999078384 	
18.0000000000 	0.7587976454 	0.1122555470 	0.1122500520 	0.0165944482 	0.9998976926 	
18.5000000000 	0.7480365526 	0.1168125744 	0.1168021862 	0.0182350884 	0.9998864017 	
19.0000000000 	0.7466774456 	0.1173812334 	0.1173680460 	0.0184515317 	0.9998782567 	
19.5000000000 	0.7526358996 	0.1148602260 	0.1148456841 	0.0175307774 	0.9998725872 	
20.0000000000 	0.7639878869 	0.1100254006 	0.1100065701 	0.0158476651 	0.9998675228 	
20.5000000000 	0.7790573313 	0.1035346471 	0.1035108787 	0.0137613475 	0.9998642046 	
21.0000000000 	0.7964390368 	0.0959452150 	0.0959182867 	0.0115596081 	0.9998621467 	
21.5000000000 	0.8149973178 	0.0877243284 	0.0876958312 	0.0094432533 	0.9998607308 	
22.0000000000 	0.8338453964 	0.0792548444 	0.0792260795 	0.0075334209 	0.9998597412 	
22.5000000000 	0.8523176285 	0.0708406522 	0.0708126118 	0.0058881445 	0.9998590369 	
23.0000000000 	0.8699385909 	0.0627128064 	0.0626861968 	0.0045209320 	0.9998585261 	
23.5000000000 	0.8863914122 	0.0550370902 	0.0550123743 	0.0034172717 	0.9998581483 	
24.0000000000 	0.9014872430 	0.0479228476 	0.0479002939 	0.0025474790 	0.9998578634 	
24.5000000000 	0.9151371995 	0.0414324864 	0.0414122192 	0.0018757395 	0.9998576446 	
25.0000000000 	0.9273276002 	0.0355909703 	0.0355730121 	0.0013658911 	0.9998574737 	
25.5000000000 	0.9380988972 	0.0303947089 	0.0303790155 	0.0009847167 	0.9998573383 	
26.0000000000 	0.9475346293 	0.0258131594 	0.0258061402 	0.0007033009 	0.9998572298 	
26.5000000000 	0.9557301630 	0.0218173589 	0.0218115267 	0.0004980933 	0.9998571419 	
27.0000000000 	0.9627929658 	0.0183595091 	0.0183544729 	0.0003501221 	0.9998570698 	
27.5000000000 	0.9688410646 	0.0153879897 	0.0153835397 	0.0002444164 	0.9998570103 	
28.0000000000 	0.9739909007 	0.0128502450 	0.0128462739 	0.0001695414 	0.9998569610 	
28.5000000000 	0.9783535265 	0.0106950236 	0.0106914566 	0.0001169132 	0.9998569200 	
29.0000000000 	0.9820322745 	0.0088738165 	0.0088706124 	0.0000801823 	0.9998568858 	
29.5000000000 	0.9851214066 	0.0073418028 	0.0073389353 	0.0000547125 	0.9998568572 	
30.0000000000 	0.9877055719 	0.0060583281 	0.0060557768 	0.0000371565 	0.9998568334 	
30.5000000000 	0.9897917763 	0.0050084747 	0.0050319436 	0.0000245606 	0.9998567552 	
31.0000000000 	0.9904471403 	0.0046649775 	0.0047307534 	0.0000116355 	0.9998545068 	
31.5000000000 	0.9881200714 	0.0058180713 	0.0058993645 	0.0000000000 	0.9998375072 	
32.0000000000 	0.9818698435 	0.0089305581 	0.0090086721 	0.0000185159 	0.9998275895 	
32.5000000000 	0.9716306608 	0.0140012314 	0.0140678777 	0.0001088547 	0.9998086246 	
33.0000000000 	0.9581078529 	0.0206426091 	0.0207008198 	0.0003273359 	0.9997786176 	
33.5000000000 	0.9424771171 	0.0282667821 	0.0283087598 	0.0007158717 	0.9997685308 	
34.0000000000 	0.9259952411 	0.0362177110 	0.0362451131 	0.0012816127 	0.9997396779 	
34.5000000000 	0.9098918816 	0.0439100068 	0.0439256366 	0.0019912300 	0.9997187551 	
35.0000000000 	0.8951507172 	0.0508817635 	0.0508893840 	0.0027789046 	0.9997007693 	
35.5000000000 	0.8824916363 	0.0568133795 	0.0568176244 	0.0035629123 	0.9996855526 	
36.0000000000 	0.8723640268 	0.0615196784 	0.0615250890 	0.0042636645 	0.9996724586 	
36.5000000000 	0.8649662397 	0.0649275450 	0.0649381213 	0.0048178817 	0.9996497876 	
37.0000000000 	0.8603294506 	0.0670496817 	0.0670670042 	0.0051863263 	0.9996324629 	
37.5000000000 	0.8583238807 	0.0679592970 	0.0679840633 	0.0053553040 	0.9996225450 	
38.0000000000 	0.8587051000 	0.0677690633 	0.0678019026 	0.0053334894 	0.9996095553 	
38.5000000000 	0.8611781845 	0.0666171638 	0.0666555899 	0.0051461275 	0.9995970658 	
39.0000000000 	0.8654138876 	0.0646524434 	0.0646923495 	0.0048281223 	0.9995868027 	
39.5000000000 	0.8710694664 	0.0620262526 	0.0620652203 	0.0044180622 	0.9995790015 	
40.0000000000 	0.8778100126 	0.0588860191 	0.0589236431 	0.0039534121 	0.9995730869 	
40.5000000000 	0.8853343556 	0.0553711355 	0.0553968333 	0.0034663237 	0.9995686482 	
41.0000000000 	0.8933508489 	0.0516072388 	0.0516228957 	0.0029842605 	0.9995652440 	
41.5000000000 	0.9016155262 	0.0477064067 	0.0477137906 	0.0025268262 	0.9995625498 	
42.0000000000 	0.9099208698 	0.0437655320 	0.0437668078 	0.0021071765 	0.9995603861 	
42.5000000000 	0.9180961990 	0.0398662950 	0.0398633006 	0.0017328332 	0.9995586278 	
43.0000000000 	0.9260063048 	0.0360745622 	0.0360692200 	0.0014066110 	0.9995566980 	
43.5000000000 	0.9335506517 	0.0324417165 	0.0324349474 	0.0011282757 	0.9995555913 	
44.0000000000 	0.9406545909 	0.0290060695 	0.0289989470 	0.0008950877 	0.9995546951 	
44.5000000000 	0.9472700429 	0.0257939374 	0.0257871332 	0.0007028494 	0.9995539630 	
45.0000000000 	0.9533703481 	0.0228212372 	0.0228151265 	0.0005466487 	0.9995533604 	
45.5000000000 	0.9589514710 	0.0200932343 	0.0200868317 	0.0004213191 	0.9995528561 	
46.0000000000 	0.9640155917 	0.0176144688 	0.0176006190 	0.0003217202 	0.9995523997 	
46.5000000000 	0.9685938503 	0.0153418891 	0.0153769575 	0.0002389803 	0.9995516771 	
47.0000000000 	0.9725019757 	0.0133947632 	0.0134800436 	0.0001721892 	0.9995489717 	
47.5000000000 	0.9755388554 	0.0118725390 	0.0120124313 	0.0001161052 	0.9995399310 	
48.0000000000 	0.9774428836 	0.0109061628 	0.0110972177 	0.0000685038 	0.9995147679 	
48.5000000000 	0.9779599902 	0.0106243841 	0.0108484956 	0.0000301413 	0.9994630112 	
49.0000000000 	0.9769705053 	0.0111163907 	0.0113480730 	0.0000053373 	0.9994403063 	
49.5000000000 	0.9743993574 	0.0123915353 	0.0126454241 	0.0000017521 	0.9994380690 	
50.0000000000 	0.9702487763 	0.0144388150 	0.0146881002 	0.0000292875 	0.9994049789 	
50.5000000000 	0.9647543157 	0.0171518948 	0.0173808750 	0.0000980027 	0.9993850883 	
51.0000000000 	0.9581732639 	0.0203862828 	0.0205841442 	0.0002156006 	0.9993592915 	
51.5000000000 	0.9508437225 	0.0239701154 	0.0241319563 	0.0003851559 	0.9993309500 	
52.0000000000 	0.9431339595 	0.0277212763 	0.0278471074 	0.0006038609 	0.9993062042 	
52.5000000000 	0.9354004806 	0.0314632775 	0.0315561364 	0.0008626804 	0.9992825749 	
53.0000000000 	0.9279750536 	0.0350366248 	0.0351016436 	0.0011473956 	0.9992607176 	
53.5000000000 	0.9211424217 	0.0383080662 	0.0383501133 	0.0014403476 	0.9992409487 	
54.0000000000 	0.9151323169 	0.0411719491 	0.0411964682 	0.0017226265 	0.9992233607 	
54.5000000000 	0.9101137471 	0.0435526239 	0.0435651110 	0.0019764144 	0.9992078964 	
55.0000000000 	0.9061956089 	0.0454031474 	0.0454087792 	0.0021868780 	0.9991944135 	
55.5000000000 	0.9034315458 	0.0467018679 	0.0467059027 	0.0023434084 	0.9991827248 	
56.0000000000 	0.9018259779 	0.0474493932 	0.0474570433 	0.0024402088 	0.9991726232 	
56.5000000000 	0.9013414889 	0.0476652099 	0.0476809472 	0.0024762499 	0.9991638960 	
57.0000000000 	0.9019036266 	0.0473831967 	0.0474107242 	0.0024546490 	0.9991521966 	
57.5000000000 	0.9034256899 	0.0466479384 	0.0466900609 	0.0023817639 	0.9991454531 	
58.0000000000 	0.9057916041 	0.0455114355 	0.0455703559 	0.0022661429 	0.9991395383 	
58.5000000000 	0.9088767225 	0.0440295204 	0.0441071970 	0.0021174921 	0.9991309321 	
59.0000000000 	0.9125635601 	0.0422633568 	0.0423543777 	0.0019459008 	0.9991271954 	
59.5000000000 	0.9167312180 	0.0402707162 	0.0403615112 	0.0017603644 	0.9991238098 	
60.0000000000 	0.9212446231 	0.0381063503 	0.0381989399 	0.0015696917 	0.9991196050 	
60.5000000000 	0.9260228557 	0.0358231904 	0.0358888908 	0.0013797959 	0.9991147328 	
61.0000000000 	0.9309372656 	0.0334641958 	0.0335129600 	0.0011975452 	0.9991119667 	
61.5000000000 	0.9359067810 	0.0310699972 	0.0311063931 	0.0010264542 	0.9991096254 	
62.0000000000 	0.9408580741 	0.0286816104 	0.0286991248 	0.0008687811 	0.9991075903 	
62.5000000000 	0.9457149273 	0.0263359924 	0.0263292068 	0.0007255808 	0.9991057074 	
63.0000000000 	0.9504149078 	0.0240741852 	0.0240198098 	0.0005946812 	0.9991035840 	
63.5000000000 	0.9548666778 	0.0219062685 	0.0218484585 	0.0004772751 	0.9990986799 	
64.0000000000 	0.9589678291 	0.0199020813 	0.0198489892 	0.0003736694 	0.9990925689 	
64.5000000000 	0.9625947410 	0.0181243106 	0.0180780769 	0.0002827049 	0.9990798334 	
65.0000000000 	0.9656304154 	0.0166261285 	0.0165951784 	0.0002034811 	0.9990552035 	
65.5000000000 	0.9679480866 	0.0154707251 	0.0154575907 	0.0001356768 	0.9990120793 	
66.0000000000 	0.9694560973 	0.0147024885 	0.0147081209 	0.0000797424 	0.9989464491 	
66.5000000000 	0.9701868088 	0.0143353539 	0.0143850522 	0.0000369806 	0.9989441955 	
67.0000000000 	0.9699310976 	0.0144499214 	0.0145000659 	0.0000095427 	0.9988906276 	
67.5000000000 	0.9688038376 	0.0149694812 	0.0150527677 	0.0000000019 	0.9988260884 	
68.0000000000 	0.9668802511 	0.0159108787 	0.0160063301 	0.0000108093 	0.9988082691 	
68.5000000000 	0.9641985887 	0.0172314564 	0.0173165835 	0.0000445575 	0.9987911862 	
69.0000000000 	0.9608858336 	0.0188609613 	0.0189217211 	0.0001024087 	0.9987709248 	
69.5000000000 	0.9570868548 	0.0207226392 	0.0207534336 	0.0001841396 	0.9987470673 	
70.0000000000 	0.9529611796 	0.0227350699 	0.0227361912 	0.0002878796 	0.9987203202 	
70.5000000000 	0.9486859174 	0.0248163302 	0.0247913682 	0.0004100801 	0.9987036960 	
71.0000000000 	0.9443949034 	0.0268900720 	0.0268453748 	0.0005457415 	0.9986760917 	
71.5000000000 	0.9402683500 	0.0288706351 	0.0288251063 	0.0006886569 	0.9986527483 	
72.0000000000 	0.9363976657 	0.0307249921 	0.0306702878 	0.0008321511 	0.9986250966 	
72.5000000000 	0.9329261556 	0.0323879416 	0.0323242016 	0.0009692927 	0.9986075915 	
73.0000000000 	0.9299433331 	0.0338062629 	0.0337470689 	0.0010938566 	0.9985905214 	
73.5000000000 	0.9275011347 	0.0349646688 	0.0349066091 	0.0012003541 	0.9985727667 	
74.0000000000 	0.9256581877 	0.0358353711 	0.0357814541 	0.0012842316 	0.9985592446 	
74.5000000000 	0.9244319908 	0.0364078108 	0.0363640760 	0.0013435238 	0.9985474014 	
75.0000000000 	0.9238268241 	0.0366806048 	0.0366525654 	0.0013770728 	0.9985370672 	
75.5000000000 	0.9238299561 	0.0366593911 	0.0366536722 	0.0013850424 	0.9985280618 	
76.0000000000 	0.9244143008 	0.0363565341 	0.0363805507 	0.0013688249 	0.9985202104 	
76.5000000000 	0.9255404206 	0.0357910432 	0.0358510656 	0.0013308168 	0.9985133463 	
77.0000000000 	0.9271618583 	0.0349841921 	0.0350872486 	0.0012740143 	0.9985073133 	
77.5000000000 	0.9292269318 	0.0339594788 	0.0341138034 	0.0012017511 	0.9985019652 	
78.0000000000 	0.9316714569 	0.0327456695 	0.0329560153 	0.0011175236 	0.9984906654 	
78.5000000000 	0.9344504296 	0.0313712910 	0.0316379273 	0.0010245458 	0.9984841937 	
79.0000000000 	0.9374892767 	0.0298796193 	0.0301845249 	0.0009262140 	0.9984796348 	
79.5000000000 	0.9407504140 	0.0283062424 	0.0285945309 	0.0008245958 	0.9984757830 	
80.0000000000 	0.9441132835 	0.0266876436 	0.0269483211 	0.0007229472 	0.9984721955 	
80.5000000000 	0.9474852218 	0.0250824218 	0.0252787680 	0.0006215832 	0.9984679948 	
81.0000000000 	0.9508057654 	0.0234958115 	0.0236356260 	0.0005244298 	0.9984616328 	
81.5000000000 	0.9539946106 	0.0219687097 	0.0220542508 	0.0004327059 	0.9984502770 	
82.0000000000 	0.9570136462 	0.0204823738 	0.0205865131 	0.0003463456 	0.9984288787 	
82.5000000000 	0.9597430394 	0.0191348659 	0.0192580692 	0.0002666773 	0.9984026517 	
83.0000000000 	0.9620962304 	0.0179658687 	0.0181041610 	0.0001968852 	0.9983631454 	
83.5000000000 	0.9639992609 	0.0170134729 	0.0171589602 	0.0001361330 	0.9983078271 	
84.0000000000 	0.9654770579 	0.0162786047 	0.0164496628 	0.0000853026 	0.9982906281 	
84.5000000000 	0.9663868721 	0.0158097432 	0.0159994623 	0.0000453757 	0.9982414533 	
85.0000000000 	0.9667265536 	0.0156116296 	0.0158163312 	0.0000174184 	0.9981719328 	
85.5000000000 	0.9664907419 	0.0156931848 	0.0158978473 	0.0000024305 	0.9980842045 	
86.0000000000 	0.9657457727 	0.0160123122 	0.0162371631 	0.0000011977 	0.9979964457 	
86.5000000000 	0.9645313404 	0.0166110227 	0.0168057551 	0.0000141756 	0.9979622939 	
87.0000000000 	0.9628761004 	0.0174251522 	0.0175790655 	0.0000413303 	0.9979216483 	
87.5000000000 	0.9608645694 	0.0184128689 	0.0185251283 	0.0000820846 	0.9978846512 	
88.0000000000 	0.9585733877 	0.0195331964 	0.0196062185 	0.0001352728 	0.9978480754 	
88.5000000000 	0.9560867004 	0.0207435011 	0.0207814455 	0.0001991104 	0.9978107574 	
89.0000000000 	0.9534928516 	0.0220006943 	0.0220093882 	0.0002712602 	0.9977741943 	
89.5000000000 	0.9508743322 	0.0232619489 	0.0232488165 	0.0003489343 	0.9977340319 	
90.0000000000 	0.9483195853 	0.0244898034 	0.0244604716 	0.0004290788 	0.9976989391 	
90.5000000000 	0.9459030729 	0.0256490417 	0.0256082001 	0.0005085451 	0.9976688598 	
91.0000000000 	0.9436889749 	0.0267086807 	0.0266596483 	0.0005842877 	0.9976415916 	
91.5000000000 	0.9417297820 	0.0276420736 	0.0275872089 	0.0006535205 	0.9976125850 	
92.0000000000 	0.9400741120 	0.0284350689 	0.0283678393 	0.0007139722 	0.9975909924 	
92.5000000000 	0.9387704638 	0.0290562949 	0.0289815567 	0.0007638360 	0.9975721514 	
93.0000000000 	0.9378441906 	0.0294953702 	0.0294146276 	0.0008022001 	0.9975563885 	
93.5000000000 	0.9373045031 	0.0297474521 	0.0296625825 	0.0008279114 	0.9975424490 	
94.0000000000 	0.9371553600 	0.0298094782 	0.0297248993 	0.0008404694 	0.9975302068 	
94.5000000000 	0.9373964873 	0.0296821774 	0.0296011043 	0.0008399164 	0.9975196854 	
95.0000000000 	0.9380149333 	0.0293717069 	0.0292970258 	0.0008270186 	0.9975106846 	
95.5000000000 	0.9389871161 	0.0288886043 	0.0288243560 	0.0008028485 	0.9975029249 	
96.0000000000 	0.9402808960 	0.0282474328 	0.0281991403 	0.0007687260 	0.9974961951 	
96.5000000000 	0.9418952008 	0.0274704278 	0.0273972483 	0.0007247289 	0.9974876057 	
97.0000000000 	0.9437506858 	0.0265735306 	0.0264842403 	0.0006735779 	0.9974820346 	
97.5000000000 	0.9458041495 	0.0255805422 	0.0254759597 	0.0006164955 	0.9974771468 	
98.0000000000 	0.9480178045 	0.0245138693 	0.0243872984 	0.0005531600 	0.9974721322 	
98.5000000000 	0.9502957256 	0.0234181707 	0.0232644339 	0.0004875742 	0.9974659044 	
99.0000000000 	0.9525803798 	0.0223211505 	0.0221330688 	0.0004192230 	0.9974538222 	
99.5000000000 	0.9548302596 	0.0212396827 	0.0210189801 	0.0003519295 	0.9974408518 	
100.0000000000 	0.9569781999 	0.0202028418 	0.0199525974 	0.0002878629 	0.9974215020 	
100.5000000000 	0.9589687239 	0.0192350641 	0.0189615140 	0.0002280094 	0.9973933114 	
101.0000000000 	0.9607945502 	0.0183096453 	0.0180770436 	0.0001733780 	0.9973546171 	
101.5000000000 	0.9623639842 	0.0175017374 	0.0173108362 	0.0001248579 	0.9973014157 	
102.0000000000 	0.9637229768 	0.0168108132 	0.0166813252 	0.0000833029 	0.9972984180 	
102.5000000000 	0.9646608649 	0.0162847815 	0.0162130920 	0.0000494824 	0.9972082208 	
103.0000000000 	0.9652682879 	0.0159365324 	0.0159128690 	0.0000240638 	0.9971417532 	
103.5000000000 	0.9655008249 	0.0157705894 	0.0157832626 	0.0000075760 	0.9970622529 	
104.0000000000 	0.9653705979 	0.0157788585 	0.0158215275 	0.0000000002 	0.9969709841 	
104.5000000000 	0.9649275527 	0.0159205454 	0.0160179712 	0.0000041086 	0.9968701779 	
105.0000000000 	0.9641949514 	0.0162556773 	0.0163664065 	0.0000164877 	0.9968335229 	
105.5000000000 	0.9631731288 	0.0167407648 	0.0168469491 	0.0000369963 	0.9967978389 	
106.0000000000 	0.9619153612 	0.0173492167 	0.0174382033 	0.0000651129 	0.9967678942 	
106.5000000000 	0.9604663520 	0.0180532044 	0.0181194113 	0.0000999730 	0.9967389408 	
107.0000000000 	0.9588769239 	0.0188247373 	0.0188669289 	0.0001404236 	0.9967090137 	
107.5000000000 	0.9572026635 	0.0196357388 	0.0196559617 	0.0001850823 	0.9966794464 	
108.0000000000 	0.9554988064 	0.0204589095 	0.0204608707 	0.0002324020 	0.9966509887 	
108.5000000000 	0.9538163313 	0.0212689305 	0.0212571414 	0.0002807607 	0.9966231639 	
109.0000000000 	0.9522091182 	0.0220411801 	0.0220205065 	0.0003285146 	0.9965993194 	
109.5000000000 	0.9507200679 	0.0227541195 	0.0227292009 	0.0003740830 	0.9965774713 	
110.0000000000 	0.9493894893 	0.0233884097 	0.0233637570 	0.0004160256 	0.9965576817 	
110.5000000000 	0.9482471193 	0.0239271916 	0.0239077589 	0.0004530742 	0.9965351440 	
111.0000000000 	0.9473257913 	0.0243562762 	0.0243483057 	0.0004842165 	0.9965145897 	
111.5000000000 	0.9466545813 	0.0246619147 	0.0246754958 	0.0005086400 	0.9965006318 	
112.0000000000 	0.9462378637 	0.0248413234 	0.0248789328 	0.0005257887 	0.9964839085 	
112.5000000000 	0.9461014737 	0.0248843784 	0.0249521621 	0.0005354088 	0.9964734230 	
113.0000000000 	0.9462413120 	0.0247932455 	0.0248931654 	0.0005375982 	0.9964653211 	
113.5000000000 	0.9466476493 	0.0245732219 	0.0247042160 	0.0005325230 	0.9964576103 	
114.0000000000 	0.9472938547 	0.0242371039 	0.0243989824 	0.0005207773 	0.9964507182 	
114.5000000000 	0.9481684303 	0.0237889470 	0.0239846924 	0.0005020866 	0.9964441563 	
115.0000000000 	0.9492681325 	0.0232329146 	0.0234608890 	0.0004760123 	0.9964379484 	
115.5000000000 	0.9505732266 	0.0225992510 	0.0228153930 	0.0004422875 	0.9964301581 	
116.0000000000 	0.9520053074 	0.0219048349 	0.0221112747 	0.0004039496 	0.9964253665 	
116.5000000000 	0.9535234589 	0.0211704252 	0.0213622793 	0.0003626966 	0.9964188600 	
117.0000000000 	0.9550891230 	0.0204141059 	0.0205859675 	0.0003172890 	0.9964064855 	
117.5000000000 	0.9566622786 	0.0196613427 	0.0197991685 	0.0002715458 	0.9963943356 	
118.0000000000 	0.9582064765 	0.0189206040 	0.0190229690 	0.0002267746 	0.9963768241 	
118.5000000000 	0.9596817799 	0.0182084033 	0.0182782256 	0.0001840677 	0.9963524765 	
119.0000000000 	0.9610374439 	0.0175530474 	0.0175855688 	0.0001432704 	0.9963193304 	
119.5000000000 	0.9622891229 	0.0169171841 	0.0169635589 	0.0001072692 	0.9962771350 	
120.0000000000 	0.9634019840 	0.0163417125 	0.0164172491 	0.0000756139 	0.9962365595 	
120.5000000000 	0.9643044789 	0.0158679908 	0.0159626385 	0.0000489073 	0.9961840155 	
121.0000000000 	0.9649836857 	0.0155007531 	0.0156128862 	0.0000276708 	0.9961249958 	
121.5000000000 	0.9654155856 	0.0152560627 	0.0153759068 	0.0000123048 	0.9960598599 	
122.0000000000 	0.9656005944 	0.0151292323 	0.0152544039 	0.0000030554 	0.9959872860 	
122.5000000000 	0.9655667999 	0.0150949471 	0.0152464536 	0.0000000047 	0.9959082053 	
123.0000000000 	0.9652945235 	0.0151802012 	0.0153467461 	0.0000030310 	0.9958245018 	
123.5000000000 	0.9647876393 	0.0153859888 	0.0155509378 	0.0000118939 	0.9957364598 	
124.0000000000 	0.9640847480 	0.0156927834 	0.0158467675 	0.0000261528 	0.9956504516 	
124.5000000000 	0.9632136232 	0.0160847649 	0.0162210401 	0.0000452209 	0.9955646491 	
125.0000000000 	0.9622101659 	0.0165447190 	0.0166587500 	0.0000683867 	0.9954820216 	
125.5000000000 	0.9611116237 	0.0170545277 	0.0171436169 	0.0000948383 	0.9954046067 	
126.0000000000 	0.9599548279 	0.0175959106 	0.0176585964 	0.0001236925 	0.9953330275 	
126.5000000000 	0.9587763272 	0.0181507451 	0.0181862607 	0.0001540217 	0.9952673546 	
127.0000000000 	0.9576108328 	0.0187014660 	0.0187095093 	0.0001848894 	0.9952066975 	
127.5000000000 	0.9564939311 	0.0192310559 	0.0192120698 	0.0002153737 	0.9951524304 	
128.0000000000 	0.9554563863 	0.0197234961 	0.0196789916 	0.0002445976 	0.9951034717 	
128.5000000000 	0.9545250488 	0.0201643207 	0.0200975190 	0.0002717625 	0.9950586510 	
129.0000000000 	0.9537220897 	0.0205413915 	0.0204572470 	0.0002961756 	0.9950169038 	
129.5000000000 	0.9530662098 	0.0208457458 	0.0207485119 	0.0003172504 	0.9949777178 	
130.0000000000 	0.9525795503 	0.0210716125 	0.0209609513 	0.0003344809 	0.9949465949 	
130.5000000000 	0.9522694692 	0.0212155773 	0.0210878790 	0.0003474090 	0.9949203345 	
131.0000000000 	0.9521320003 	0.0212827174 	0.0211278818 	0.0003557389 	0.9948983384 	
131.5000000000 	0.9521478483 	0.0212914938 	0.0210813096 	0.0003594218 	0.9948800735 	
132.0000000000 	0.9522923303 	0.0212631551 	0.0209512367 	0.0003583739 	0.9948650961 	
132.5000000000 	0.9527816577 	0.0209853139 	0.0207293722 	0.0003500460 	0.9948463898 	
133.0000000000 	0.9534563624 	0.0206358131 	0.0204056806 	0.0003361228 	0.9948339789 	
133.5000000000 	0.9542709782 	0.0202160740 	0.0200197758 	0.0003173051 	0.9948241330 	
134.0000000000 	0.9551926499 	0.0197436278 	0.0195857154 	0.0002939993 	0.9948159926 	
134.5000000000 	0.9562040932 	0.0192289091 	0.0191086491 	0.0002670449 	0.9948086964 	
135.0000000000 	0.9572785551 	0.0186873561 	0.0185976263 	0.0002374772 	0.9948010148 	
135.5000000000 	0.9583895031 	0.0181309018 	0.0180644609 	0.0002066467 	0.9947915125 	
136.0000000000 	0.9595074284 	0.0175734767 	0.0175225093 	0.0001755513 	0.9947789657 	
136.5000000000 	0.9606054654 	0.0170254953 	0.0169858708 	0.0001451288 	0.9947619604 	
137.0000000000 	0.9616483068 	0.0165055004 	0.0164694308 	0.0001162382 	0.9947394763 	
137.5000000000 	0.9626156357 	0.0160211979 	0.0159842435 	0.0000888438 	0.9947099210 	
138.0000000000 	0.9634866226 	0.0155800325 	0.0155415019 	0.0000651110 	0.9946732679 	
138.5000000000 	0.9642380136 	0.0151929304 	0.0151551348 	0.0000446750 	0.9946307539 	
139.0000000000 	0.9649512510 	0.0148165882 	0.0148316870 	0.0000278645 	0.9946273907 	
139.5000000000 	0.9653927776 	0.0145467516 	0.0145854469 	0.0000149188 	0.9945398949 	
140.0000000000 	0.9657908030 	0.0143259320 	0.0144130880 	0.0000059736 	0.9945357965 	
140.5000000000 	0.9658854196 	0.0142211186 	0.0143217462 	0.0000010766 	0.9944293609 	
141.0000000000 	0.9659436402 	0.0141726139 	0.0143080154 	0.0000000105 	0.9944242800 	
141.5000000000 	0.9657351150 	0.0142197952 	0.0143695515 	0.0000021318 	0.9943265935 	
142.0000000000 	0.9654135937 	0.0143418551 	0.0145024144 	0.0000081936 	0.9942660567 	
142.5000000000 	0.9649551187 	0.0145331966 	0.0146986797 	0.0000177126 	0.9942047075 	
143.0000000000 	0.9643833576 	0.0147819245 	0.0149497950 	0.0000302427 	0.9941453199 	
143.5000000000 	0.9637227478 	0.0150757394 	0.0152452771 	0.0000452186 	0.9940889829 	
144.0000000000 	0.9629812619 	0.0154162116 	0.0155738697 	0.0000620864 	0.9940334296 	
144.5000000000 	0.9621830227 	0.0157906349 	0.0159241727 	0.0000803705 	0.9939782009 	
145.0000000000 	0.9613609533 	0.0161814851 	0.0162847359 	0.0000995058 	0.9939266802 	
145.5000000000 	0.9605440389 	0.0165720727 	0.0166442874 	0.0001189261 	0.9938793250 	
146.0000000000 	0.9597569566 	0.0169476182 	0.0169927218 	0.0001380800 	0.9938353765 	
146.5000000000 	0.9590209954 	0.0172948536 	0.0173217244 	0.0001564579 	0.9937940312 	
147.0000000000 	0.9583519920 	0.0176028772 	0.0176261671 	0.0001736114 	0.9937546477 	
147.5000000000 	0.9577817542 	0.0178624116 	0.0178896292 	0.0001890764 	0.9937228715 	
148.0000000000 	0.9573321547 	0.0180652359 	0.0180957122 	0.0002023009 	0.9936954037 	
148.5000000000 	0.9570123606 	0.0182058462 	0.0182408358 	0.0002128929 	0.9936719354 	
149.0000000000 	0.9568265714 	0.0182829701 	0.0183220338 	0.0002205737 	0.9936521490 	
149.5000000000 	0.9567737543 	0.0182980565 	0.0183387154 	0.0002251546 	0.9936356809 	
150.0000000000 	0.9568485554 	0.0182554668 	0.0182915795 	0.0002265326 	0.9936221343 	
150.5000000000 	0.9570401707 	0.0181636821 	0.0181825427 	0.0002246857 	0.9936110812 	
151.0000000000 	0.9573315441 	0.0180358472 	0.0180150413 	0.0002196461 	0.9936020787 	
151.5000000000 	0.9578081027 	0.0177916153 	0.0177803787 	0.0002109314 	0.9935910280 	
152.0000000000 	0.9583803564 	0.0175029519 	0.0175014452 	0.0001991727 	0.9935839261 	
152.5000000000 	0.9590303129 	0.0171769760 	0.0171861492 	0.0001846747 	0.9935781128 	
153.0000000000 	0.9597419954 	0.0168205664 	0.0168428740 	0.0001674584 	0.9935728942 	
153.5000000000 	0.9604996133 	0.0164416716 	0.0164770585 	0.0001487042 	0.9935670475 	
154.0000000000 	0.9612918858 	0.0160437334 	0.0160948907 	0.0001290183 	0.9935595282 	
154.5000000000 	0.9620969278 	0.0156379252 	0.0157052255 	0.0001093100 	0.9935493885 	
155.0000000000 	0.9628827603 	0.0152447180 	0.0153183109 	0.0000900744 	0.9935358636 	
155.5000000000 	0.9636319880 	0.0148711111 	0.0149441116 	0.0000703292 	0.9935175399 	
156.0000000000 	0.9643276005 	0.0145239231 	0.0145901957 	0.0000535372 	0.9934952565 	
156.5000000000 	0.9649533833 	0.0142086422 	0.0142671745 	0.0000390904 	0.9934682904 	
157.0000000000 	0.9654922234 	0.0139336996 	0.0139834134 	0.0000266300 	0.9934359663 	
157.5000000000 	0.9659336686 	0.0137030425 	0.0137451561 	0.0000163839 	0.9933982511 	
158.0000000000 	0.9662730394 	0.0135193614 	0.0135565827 	0.0000085473 	0.9933575307 	
158.5000000000 	0.9665741742 	0.0133468135 	0.0134188593 	0.0000032327 	0.9933430797 	
159.0000000000 	0.9666913071 	0.0132574295 	0.0133380310 	0.0000000019 	0.9932867694 	
159.5000000000 	0.9667652587 	0.0132044230 	0.0133099361 	0.0000000021 	0.9932796199 	
160.0000000000 	0.9666278577 	0.0132262301 	0.0133378997 	0.0000013850 	0.9931933726 	
160.5000000000 	0.9664731414 	0.0132933695 	0.0134177426 	0.0000053102 	0.9931895637 	
161.0000000000 	0.9661280872 	0.0134231377 	0.0135442957 	0.0000114150 	0.9931069357 	
161.5000000000 	0.9657924431 	0.0135800031 	0.0137113842 	0.0000193424 	0.9931031728 	
162.0000000000 	0.9652923645 	0.0137928896 	0.0139105630 	0.0000287993 	0.9930246164 	
162.5000000000 	0.9647775394 	0.0140346055 	0.0141340564 	0.0000394496 	0.9929856510 	
163.0000000000 	0.9642324630 	0.0142966102 	0.0143732181 	0.0000509395 	0.9929532308 	
163.5000000000 	0.9637002869 	0.0145657823 	0.0146178290 	0.0000629040 	0.9929468022 	
164.0000000000 	0.9631078905 	0.0148391115 	0.0148606058 	0.0000749719 	0.9928825797 	
164.5000000000 	0.9625586101 	0.0151021478 	0.0150938117 	0.0000867816 	0.9928413511 	
165.0000000000 	0.9620519266 	0.0153459656 	0.0153096981 	0.0000979939 	0.9928055841 	
165.5000000000 	0.9615999818 	0.0155631892 	0.0155026559 	0.0001083001 	0.9927741269 	
166.0000000000 	0.9612135995 	0.0157472043 	0.0156685473 	0.0001174343 	0.9927467855 	
166.5000000000 	0.9609066354 	0.0158922306 	0.0157993082 	0.0001251417 	0.9927233159 	
167.0000000000 	0.9606910262 	0.0159937051 	0.0158875652 	0.0001311693 	0.9927034657 	
167.5000000000 	0.9605705451 	0.0160494054 	0.0159316629 	0.0001353460 	0.9926869594 	
168.0000000000 	0.9605466201 	0.0160583210 	0.0159309871 	0.0001375529 	0.9926734812 	
168.5000000000 	0.9606184327 	0.0160206319 	0.0158858732 	0.0001377386 	0.9926626764 	
169.0000000000 	0.9607833420 	0.0159376022 	0.0157972986 	0.0001359166 	0.9926541595 	
169.5000000000 	0.9610364832 	0.0158118077 	0.0156670671 	0.0001321617 	0.9926475197 	
170.0000000000 	0.9613749931 	0.0156417748 	0.0154989328 	0.0001266024 	0.9926423031 	
170.5000000000 	0.9617889380 	0.0154311887 	0.0152985567 	0.0001193926 	0.9926380760 	
171.0000000000 	0.9622602017 	0.0151920074 	0.0150713855 	0.0001107630 	0.9926343576 	
171.5000000000 	0.9627767627 	0.0149292026 	0.0148237087 	0.0001009732 	0.9926306472 	
172.0000000000 	0.9633296751 	0.0146447886 	0.0145617037 	0.0000902585 	0.9926264260 	
172.5000000000 	0.9638997849 	0.0143509304 	0.0142918651 	0.0000786171 	0.9926211974 	
173.0000000000 	0.9644709535 	0.0140572005 	0.0140191090 	0.0000669540 	0.9926142170 	
173.5000000000 	0.9650438590 	0.0137605310 	0.0137460724 	0.0000533282 	0.9926037905 	
174.0000000000 	0.9655889571 	0.0134800663 	0.0134811239 	0.0000419326 	0.9925920798 	
174.5000000000 	0.9660925438 	0.0132218878 	0.0132311215 	0.0000323048 	0.9925778578 	
175.0000000000 	0.9665469381 	0.0129876902 	0.0130018613 	0.0000239139 	0.9925604036 	
175.5000000000 	0.9669451853 	0.0127787717 	0.0127989251 	0.0000166036 	0.9925394857 	
176.0000000000 	0.9672764239 	0.0126006764 	0.0126276727 	0.0000104834 	0.9925152564 	
176.5000000000 	0.9675377884 	0.0124540334 	0.0124905129 	0.0000056841 	0.9924880187 	
177.0000000000 	0.9677308238 	0.0123346647 	0.0123898324 	0.0000023070 	0.9924576278 	
177.5000000000 	0.9678439550 	0.0122530452 	0.0123273876 	0.0000000021 	0.9924243899 	
178.0000000000 	0.9678700693 	0.0122174654 	0.0123021140 	0.0000000025 	0.9923896511 	
178.5000000000 	0.9678166647 	0.0122201666 	0.0123138264 	0.0000000026 	0.9923506603 	
179.0000000000 	0.9676874140 	0.0122658018 	0.0123612323 	0.0000010734 	0.9923155216 	
179.5000000000 	0.9674976650 	0.0123445996 	0.0124421319 	0.0000039978 	0.9922883943 	
180.0000000000 	0.9672313378 	0.0124575582 	0.0125519189 	0.0000083995 	0.9922492144 	
180.5000000000 	0.9669183096 	0.0125943704 	0.0126850224 	0.0000139526 	0.9922116550 	
181.0000000000 	0.9665696057 	0.0127502610 	0.0128357666 	0.0000203635 	0.9921759968 	
181.5000000000 	0.9661941743 	0.0129222715 	0.0129987237 	0.0000273601 	0.9921425296 	
182.0000000000 	0.9658090590 	0.0131005665 	0.0131671924 	0.0000346849 	0.9921115027 	
182.5000000000 	0.9654274156 	0.0132785302 	0.0133350334 	0.0000420915 	0.9920830707 	
183.0000000000 	0.9650616974 	0.0134499052 	0.0134963994 	0.0000493469 	0.9920573488 	
183.5000000000 	0.9647233862 	0.0136089412 	0.0136458296 	0.0000562335 	0.9920343905 	
184.0000000000 	0.9644226358 	0.0137505659 	0.0137784356 	0.0000625526 	0.9920141899 	
184.5000000000 	0.9641684207 	0.0138702043 	0.0138899345 	0.0000681274 	0.9919966869 	
185.0000000000 	0.9639684414 	0.0139640957 	0.0139764293 	0.0000728060 	0.9919817724 	
185.5000000000 	0.9638290264 	0.0140293470 	0.0140344585 	0.0000764631 	0.9919692950 	
186.0000000000 	0.9637541051 	0.0140640286 	0.0140619240 	0.0000790075 	0.9919590652 	
186.5000000000 	0.9637454159 	0.0140670341 	0.0140580252 	0.0000803839 	0.9919508590 	
187.0000000000 	0.9638089054 	0.0140327015 	0.0140222393 	0.0000805648 	0.9919444110 	
187.5000000000 	0.9639373469 	0.0139675411 	0.0139550124 	0.0000795562 	0.9919394566 	
188.0000000000 	0.9641273378 	0.0138728480 	0.0138581072 	0.0000774037 	0.9919356968 	
188.5000000000 	0.9643747550 	0.0137501745 	0.0137337223 	0.0000741701 	0.9919328219 	
189.0000000000 	0.9646734563 	0.0136021771 	0.0135848915 	0.0000699802 	0.9919305051 	
189.5000000000 	0.9650142685 	0.0134329915 	0.0134161278 	0.0000650050 	0.9919283927 	
190.0000000000 	0.9653894777 	0.0132449975 	0.0132322670 	0.0000594042 	0.9919261465 	
190.5000000000 	0.9657922056 	0.0130404553 	0.0130374336 	0.0000533337 	0.9919234281 	
191.0000000000 	0.9662105301 	0.0128263900 	0.0128360457 	0.0000469561 	0.9919199219 	
191.5000000000 	0.9666328800 	0.0126096147 	0.0126323945 	0.0000404399 	0.9919153291 	
192.0000000000 	0.9670645895 	0.0123793759 	0.0124319341 	0.0000331438 	0.9919090434 	
192.5000000000 	0.9674721380 	0.0121696542 	0.0122332799 	0.0000261345 	0.9919012066 	
193.0000000000 	0.9678467412 	0.0119790560 	0.0120465099 	0.0000203246 	0.9918926317 	
193.5000000000 	0.9681794899 	0.0118110371 	0.0118764155 	0.0000154350 	0.9918823775 	
194.0000000000 	0.9684702208 	0.0116646363 	0.0117239833 	0.0000111831 	0.9918700235 	
194.5000000000 	0.9687143215 	0.0115398422 	0.0115939003 	0.0000074347 	0.9918554987 	
195.0000000000 	0.9689077389 	0.0114387922 	0.0114881785 	0.0000043548 	0.9918390644 	
195.5000000000 	0.9690492884 	0.0113606213 	0.0114089089 	0.0000020553 	0.9918208739 	
196.0000000000 	0.9691399746 	0.0113040352 	0.0113565283 	0.0000000024 	0.9918005405 	
196.5000000000 	0.9691830352 	0.0112645468 	0.0113305355 	0.0000000016 	0.9917781192 	
197.0000000000 	0.9691713384 	0.0112527239 	0.0113304968 	0.0000000012 	0.9917545604 	
197.5000000000 	0.9691013539 	0.0112733025 	0.0113545653 	0.0000000010 	0.9917292227 	
198.0000000000 	0.9689840107 	0.0113176375 	0.0114002170 	0.0000000008 	0.9917018660 	
198.5000000000 	0.9688195996 	0.0113878983 	0.0114647751 	0.0000010306 	0.9916733037 	
199.0000000000 	0.9686209263 	0.0114757902 	0.0115452175 	0.0000036465 	0.9916455805 	
199.5000000000 	0.9683937329 	0.0115809028 	0.0116381569 	0.0000073001 	0.9916200927 	
200.0000000000 	0.9681503995 	0.0116953006 	0.0117394013 	0.0000115960 	0.9915966973 	
200.5000000000 	0.9678989004 	0.0118151445 	0.0118450082 	0.0000162373 	0.9915752904 	
201.0000000000 	0.9676476912 	0.0119361465 	0.0119510043 	0.0000209921 	0.9915558342 	
201.5000000000 	0.9674053015 	0.0120538245 	0.0120535089 	0.0000256727 	0.9915383076 	
202.0000000000 	0.9671807080 	0.0121628730 	0.0121489906 	0.0000301217 	0.9915226933 	
202.5000000000 	0.9669821982 	0.0122594917 	0.0122330574 	0.0000342082 	0.9915089556 	
203.0000000000 	0.9668159267 	0.0123404535 	0.0123028220 	0.0000378239 	0.9914970261 	
203.5000000000 	0.9666871417 	0.0124030046 	0.0123557992 	0.0000408804 	0.9914868258 	
204.0000000000 	0.9666000315 	0.0124449465 	0.0123899658 	0.0000433088 	0.9914782527 	
204.5000000000 	0.9665526485 	0.0124700357 	0.0124034276 	0.0000450637 	0.9914711755 	
205.0000000000 	0.9665510186 	0.0124724699 	0.0123958482 	0.0000461158 	0.9914654525 	
205.5000000000 	0.9666011337 	0.0124468470 	0.0123664880 	0.0000464529 	0.9914609217 	
206.0000000000 	0.9666967954 	0.0123991917 	0.0123153381 	0.0000460843 	0.9914574096 	
206.5000000000 	0.9668360939 	0.0123303390 	0.0122432545 	0.0000450385 	0.9914547258 	
207.0000000000 	0.9670171123 	0.0122413339 	0.0121508733 	0.0000433531 	0.9914526726 	
207.5000000000 	0.9672359717 	0.0121337661 	0.0120402138 	0.0000410903 	0.9914510419 	
208.0000000000 	0.9674857852 	0.0120102479 	0.0119152319 	0.0000383439 	0.9914496089 	
208.5000000000 	0.9677605628 	0.0118723264 	0.0117800506 	0.0000352129 	0.9914481527 	
209.0000000000 	0.9680555332 	0.0117211542 	0.0116379837 	0.0000317881 	0.9914464592 	
209.5000000000 	0.9683616448 	0.0115622416 	0.0114922862 	0.0000281590 	0.9914443316 	
210.0000000000 	0.9686702251 	0.0114008935 	0.0113460481 	0.0000244197 	0.9914415863 	
210.5000000000 	0.9689838573 	0.0112307479 	0.0112030184 	0.0000199849 	0.9914376085 	
211.0000000000 	0.9692860725 	0.0110706598 	0.0110603321 	0.0000156695 	0.9914327338 	
211.5000000000 	0.9695743244 	0.0109151993 	0.0109263332 	0.0000121921 	0.9914280490 	
212.0000000000 	0.9698309283 	0.0107802195 	0.0108021650 	0.0000093233 	0.9914226362 	
212.5000000000 	0.9700523642 	0.0106662922 	0.0106906806 	0.0000069215 	0.9914162586 	
213.0000000000 	0.9702355804 	0.0105735325 	0.0105947052 	0.0000049056 	0.9914087236 	
213.5000000000 	0.9703825482 	0.0104988055 	0.0105153492 	0.0000031487 	0.9913998515 	
214.0000000000 	0.9704937440 	0.0104408144 	0.0104535138 	0.0000017020 	0.9913897741 	
214.5000000000 	0.9705694957 	0.0103981682 	0.0104103586 	0.0000000008 	0.9913780233 	
215.0000000000 	0.9706107140 	0.0103679358 	0.0103849761 	0.0000000004 	0.9913636263 	
215.5000000000 	0.9706290165 	0.0103417866 	0.0103786713 	0.0000000006 	0.9913494749 	
216.0000000000 	0.9706056800 	0.0103397683 	0.0103887483 	0.0000000007 	0.9913341973 	
216.5000000000 	0.9705493007 	0.0103545100 	0.0104138732 	0.0000000008 	0.9913176847 	
217.0000000000 	0.9704577901 	0.0103895111 	0.0104525243 	0.0000000008 	0.9912998263 	
217.5000000000 	0.9703411761 	0.0104371121 	0.0105022622 	0.0000000008 	0.9912805511 	
218.0000000000 	0.9702006381 	0.0104983912 	0.0105607838 	0.0000000007 	0.9912598138 	
218.5000000000 	0.9700462628 	0.0105664079 	0.0106249365 	0.0000000007 	0.9912376078 	
219.0000000000 	0.9698834649 	0.0106386648 	0.0106918202 	0.0000010639 	0.9912150138 	
219.5000000000 	0.9697163281 	0.0107142182 	0.0107600144 	0.0000035394 	0.9911941001 	
220.0000000000 	0.9695557799 	0.0107878201 	0.0108265122 	0.0000066738 	0.9911767860 	
220.5000000000 	0.9694070232 	0.0108567694 	0.0108884827 	0.0000100016 	0.9911622770 	
221.0000000000 	0.9692751172 	0.0109184690 	0.0109432157 	0.0000132348 	0.9911500367 	
221.5000000000 	0.9691642435 	0.0109705743 	0.0109886830 	0.0000161961 	0.9911396969 	
222.0000000000 	0.9690782204 	0.0110109366 	0.0110230562 	0.0000187774 	0.9911309906 	
222.5000000000 	0.9690202267 	0.0110377520 	0.0110448160 	0.0000209153 	0.9911237100 	
223.0000000000 	0.9689926124 	0.0110496899 	0.0110528022 	0.0000225762 	0.9911176807 	
223.5000000000 	0.9689967580 	0.0110460240 	0.0110462160 	0.0000237481 	0.9911127461 	
224.0000000000 	0.9690333139 	0.0110266352 	0.0110243746 	0.0000244347 	0.9911087584 	
224.5000000000 	0.9691022439 	0.0109916812 	0.0109869983 	0.0000246514 	0.9911055748 	
225.0000000000 	0.9692071104 	0.0109370844 	0.0109344352 	0.0000244227 	0.9911030527 	
225.5000000000 	0.9693411015 	0.0108689961 	0.0108671774 	0.0000237807 	0.9911010556 	
226.0000000000 	0.9695018610 	0.0107883970 	0.0107864147 	0.0000227693 	0.9910994420 	
226.5000000000 	0.9696855615 	0.0106968814 	0.0106941678 	0.0000214478 	0.9910980586 	
227.0000000000 	0.9698882619 	0.0105954826 	0.0105931384 	0.0000198774 	0.9910967603 	
227.5000000000 	0.9701063301 	0.0104845691 	0.0104863967 	0.0000181133 	0.9910954092 	
228.0000000000 	0.9703319666 	0.0103685642 	0.0103771409 	0.0000162087 	0.9910938803 	
228.5000000000 	0.9705678007 	0.0102412762 	0.0102691145 	0.0000133049 	0.9910914963 	
229.0000000000 	0.9708008781 	0.0101195062 	0.0101578377 	0.0000101757 	0.9910883977 	
229.5000000000 	0.9710230886 	0.0100032974 	0.0100515478 	0.0000078393 	0.9910857731 	
230.0000000000 	0.9712309308 	0.0098946811 	0.0099517056 	0.0000060396 	0.9910833570 	
230.5000000000 	0.9714220693 	0.0097954890 	0.0098587269 	0.0000046130 	0.9910808981 	
231.0000000000 	0.9715940773 	0.0097071638 	0.0097735222 	0.0000034561 	0.9910782194 	
231.5000000000 	0.9717440685 	0.0096308386 	0.0096977841 	0.0000025050 	0.9910751962 	
232.0000000000 	0.9718733962 	0.0095635611 	0.0096330585 	0.0000017225 	0.9910717383 	
232.5000000000 	0.9719715875 	0.0095148896 	0.0095802256 	0.0000010894 	0.9910677921 	
233.0000000000 	0.9720391866 	0.0094834669 	0.0095400802 	0.0000000029 	0.9910627365 	
233.5000000000 	0.9720758438 	0.0094649649 	0.0095115095 	0.0000000030 	0.9910523211 	
234.0000000000 	0.9720881421 	0.0094599026 	0.0094969873 	0.0000000032 	0.9910450352 	
234.5000000000 	0.9720777309 	0.0094652694 	0.0094941435 	0.0000000038 	0.9910371477 	
235.0000000000 	0.9720490390 	0.0094770806 	0.0095024597 	0.0000000044 	0.9910285837 	
235.5000000000 	0.9720193258 	0.0094791990 	0.0095206918 	0.0000000025 	0.9910192191 	
236.0000000000 	0.9719649138 	0.0094977979 	0.0095463405 	0.0000000014 	0.9910090536 	
236.5000000000 	0.9718905232 	0.0095294646 	0.0095780927 	0.0000000008 	0.9909980813 	
237.0000000000 	0.9718049309 	0.0095672949 	0.0096140718 	0.0000000005 	0.9909862981 	
237.5000000000 	0.9717115356 	0.0096097665 	0.0096524251 	0.0000000003 	0.9909737275 	
238.0000000000 	0.9716119340 	0.0096567151 	0.0096917769 	0.0000000002 	0.9909604261 	
238.5000000000 	0.9715129981 	0.0097036260 	0.0097298297 	0.0000000001 	0.9909464539 	
239.0000000000 	0.9714181750 	0.0097488565 	0.0097648553 	0.0000000001 	0.9909318868 	
239.5000000000 	0.9713320845 	0.0097890373 	0.0097957055 	0.0000000001 	0.9909168273 	
240.0000000000 	0.9712587777 	0.0098225335 	0.0098200580 	0.0000000000 	0.9909013693 	
240.5000000000 	0.9712012925 	0.0098480005 	0.0098363287 	0.0000000000 	0.9908856217 	
241.0000000000 	0.9711616537 	0.0098644309 	0.0098436136 	0.0000000001 	0.9908696984 	
241.5000000000 	0.9711412315 	0.0098712811 	0.0098412004 	0.0000000001 	0.9908537130 	
242.0000000000 	0.9711403957 	0.0098687369 	0.0098286416 	0.0000000001 	0.9908377743 	
242.5000000000 	0.9711676493 	0.0098482953 	0.0098060785 	0.0000000001 	0.9908220232 	
243.0000000000 	0.9712148080 	0.0098189622 	0.0097727546 	0.0000000002 	0.9908065249 	
243.5000000000 	0.9712894718 	0.0097734855 	0.0097284429 	0.0000000003 	0.9907914005 	
244.0000000000 	0.9713832096 	0.0097197381 	0.0096737568 	0.0000000004 	0.9907767050 	
244.5000000000 	0.9714935747 	0.0096587299 	0.0096101399 	0.0000000008 	0.9907624452 	
245.0000000000 	0.9716156485 	0.0095937536 	0.0095391517 	0.0000000009 	0.9907485548 	
245.5000000000 	0.9717609847 	0.0095113531 	0.0094627104 	0.0000000015 	0.9907350496 	
246.0000000000 	0.9719234391 	0.0094255902 	0.0093814476 	0.0000000012 	0.9907304781 	
246.5000000000 	0.9720927275 	0.0093389388 	0.0092988098 	0.0000000011 	0.9907304772 	
247.0000000000 	0.9722624275 	0.0092525281 	0.0092155197 	0.0000000010 	0.9907304763 	
247.5000000000 	0.9724292757 	0.0091678302 	0.0091333687 	0.0000000010 	0.9907304756 	
248.0000000000 	0.9725896301 	0.0090862948 	0.0090545491 	0.0000000009 	0.9907304749 	
248.5000000000 	0.9727402568 	0.0090093074 	0.0089809092 	0.0000000009 	0.9907304744 	
249.0000000000 	0.9728786122 	0.0089380948 	0.0089137661 	0.0000000009 	0.9907304740 	
249.5000000000 	0.9730028836 	0.0088736816 	0.0088539076 	0.0000000009 	0.9907304736 	
250.0000000000 	0.9731118245 	0.0088169229 	0.0088017250 	0.0000000009 	0.9907304733 	
250.5000000000 	0.9732057765 	0.0087684699 	0.0087562258 	0.0000000008 	0.9907304730 	
251.0000000000 	0.9732847483 	0.0087287332 	0.0087169905 	0.0000000008 	0.9907304727 	
251.5000000000 	0.9733473548 	0.0086978795 	0.0086852375 	0.0000000007 	0.9907304725 	
252.0000000000 	0.9733931596 	0.0086758313 	0.0086614808 	0.0000000006 	0.9907304723 	
252.5000000000 	0.9734225540 	0.0086622754 	0.0086456422 	0.0000000005 	0.9907304721 	
253.0000000000 	0.9734360536 	0.0086566769 	0.0086377409 	0.0000000005 	0.9907304719 	
253.5000000000 	0.9734346587 	0.0086582999 	0.0086375127 	0.0000000004 	0.9907304717 	
254.0000000000 	0.9734200222 	0.0086662357 	0.0086442133 	0.0000000003 	0.9907304715 	
254.5000000000 	0.9733940336 	0.0086794306 	0.0086570069 	0.0000000003 	0.9907304714 	
255.0000000000 	0.9733589869 	0.0086967012 	0.0086747828 	0.0000000002 	0.9907304712 	
255.5000000000 	0.9733175119 	0.0087167563 	0.0086962027 	0.0000000002 	0.9907304710 	
256.0000000000 	0.9732723074 	0.0087382565 	0.0087199067 	0.0000000001 	0.9907304708 	
256.5000000000 	0.9732260345 	0.0087598713 	0.0087445647 	0.0000000001 	0.9907304706 	
257.0000000000 	0.9731812080 	0.0087803091 	0.0087689531 	0.0000000001 	0.9907304703 	
257.5000000000 	0.9731406202 	0.0087983384 	0.0087915114 	0.0000000001 	0.9907304701 	
258.0000000000 	0.9731068980 	0.0088127994 	0.0088107723 	0.0000000000 	0.9907304698 	
258.5000000000 	0.9730824958 	0.0088226165 	0.0088253572 	0.0000000000 	0.9907304695 	
259.0000000000 	0.9730695745 	0.0088268395 	0.0088340551 	0.0000000000 	0.9907304692 	
259.5000000000 	0.9730693513 	0.0088247300 	0.0088363876 	0.0000000000 	0.9907304690 	
260.0000000000 	0.9730824812 	0.0088158029 	0.0088321845 	0.0000000001 	0.9907304687 	
260.5000000000 	0.9731102336 	0.0087996436 	0.0088205913 	0.0000000001 	0.9907304685 	
261.0000000000 	0.9731535729 	0.0087762348 	0.0088006604 	0.0000000001 	0.9907304683 	
261.5000000000 	0.9732118601 	0.0087457994 	0.0087728083 	0.0000000002 	0.9907304680 	
262.0000000000 	0.9732840812 	0.0087087501 	0.0087376363 	0.0000000002 	0.9907304678 	
262.5000000000 	0.9733688973 	0.0086656808 	0.0086958893 	0.0000000002 	0.9907304676 	
263.0000000000 	0.9734646501 	0.0086173787 	0.0086484383 	0.0000000003 	0.9907304674 	
263.5000000000 	0.9735693899 	0.0085648146 	0.0085962624 	0.0000000003 	0.9907304672 	
264.0000000000 	0.9736809567 	0.0085090858 	0.0085404242 	0.0000000003 	0.9907304671 	
264.5000000000 	0.9737970921 	0.0084513361 	0.0084820383 	0.0000000004 	0.9907304669 	
265.0000000000 	0.9739155315 	0.0083926922 	0.0084222426 	0.0000000004 	0.9907304668 	
265.5000000000 	0.9740341170 	0.0083341765 	0.0083621727 	0.0000000004 	0.9907304666 	
266.0000000000 	0.9741508773 	0.0082766558 	0.0083029330 	0.0000000005 	0.9907304665 	
266.5000000000 	0.9742639556 	0.0082209417 	0.0082455686 	0.0000000005 	0.9907304664 	
267.0000000000 	0.9743715821 	0.0081678446 	0.0081910392 	0.0000000005 	0.9907304663 	
267.5000000000 	0.9744721571 	0.0081181134 	0.0081401952 	0.0000000005 	0.9907304662 	
268.0000000000 	0.9745642839 	0.0080724230 	0.0080937588 	0.0000000005 	0.9907304661 	
268.5000000000 	0.9746467812 	0.0080313771 	0.0080523074 	0.0000000005 	0.9907304661 	
269.0000000000 	0.9747187387 	0.0079954641 	0.0080162628 	0.0000000005 	0.9907304660 	
269.5000000000 	0.9747795448 	0.0079650365 	0.0079858842 	0.0000000004 	0.9907304660 	
270.0000000000 	0.9748288934 	0.0079403069 	0.0079612652 	0.0000000004 	0.9907304659 	
270.5000000000 	0.9748668133 	0.0079213180 	0.0079423341 	0.0000000004 	0.9907304659 	
271.0000000000 	0.9748936726 	0.0079079341 	0.0079288588 	0.0000000004 	0.9907304658 	
271.5000000000 	0.9749101514 	0.0078998562 	0.0079204579 	0.0000000003 	0.9907304658 	
272.0000000000 	0.9749172040 	0.0078966447 	0.0079166167 	0.0000000003 	0.9907304657 	
272.5000000000 	0.9749160281 	0.0078977319 	0.0079167054 	0.0000000002 	0.9907304656 	
273.0000000000 	0.9749080412 	0.0079024270 	0.0079199972 	0.0000000002 	0.9907304656 	
273.5000000000 	0.9748948542 	0.0079099230 	0.0079256881 	0.0000000002 	0.9907304655 	
274.0000000000 	0.9748782310 	0.0079193166 	0.0079329177 	0.0000000001 	0.9907304654 	
274.5000000000 	0.9748600004 	0.0079296697 	0.0079407950 	0.0000000001 	0.9907304653 	
275.0000000000 	0.9748419642 	0.0079400712 	0.0079484297 	0.0000000001 	0.9907304652 	
275.5000000000 	0.9748258870 	0.0079496274 	0.0079549506 	0.0000000000 	0.9907304651 	
276.0000000000 	0.9748134993 	0.0079574281 	0.0079595375 	0.0000000000 	0.9907304649 	
276.5000000000 	0.9748063962 	0.0079626125 	0.0079614560 	0.0000000000 	0.9907304648 	
277.0000000000 	0.9748059419 	0.0079644492 	0.0079600735 	0.0000000000 	0.9907304646 	
277.5000000000 	0.9748132443 	0.0079623476 	0.0079548726 	0.0000000000 	0.9907304645 	
278.0000000000 	0.9748291321 	0.0079558669 	0.0079454654 	0.0000000000 	0.9907304643 	
278.5000000000 	0.9748541393 	0.0079447189 	0.0079316059 	0.0000000000 	0.9907304641 	
279.0000000000 	0.9748884963 	0.0079287693 	0.0079131983 	0.0000000000 	0.9907304640 	
279.5000000000 	0.9749321339 	0.0079080336 	0.0078902962 	0.0000000001 	0.9907304638 	
280.0000000000 	0.9749847001 	0.0078826697 	0.0078630937 	0.0000000001 	0.9907304636 	
280.5000000000 	0.9750455877 	0.0078529672 	0.0078319084 	0.0000000001 	0.9907304635 	
281.0000000000 	0.9751139711 	0.0078193340 	0.0077971581 	0.0000000001 	0.9907304633 	
281.5000000000 	0.9751888449 	0.0077822807 	0.0077593374 	0.0000000001 	0.9907304631 	
282.0000000000 	0.9752690587 	0.0077424017 	0.0077190024 	0.0000000002 	0.9907304630 	
282.5000000000 	0.9753533494 	0.0077003564 	0.0076767569 	0.0000000002 	0.9907304629 	
283.0000000000 	0.9754403764 	0.0076568472 	0.0076332389 	0.0000000002 	0.9907304627 	
283.5000000000 	0.9755287556 	0.0076125990 	0.0075891078 	0.0000000002 	0.9907304626 	
284.0000000000 	0.9756170931 	0.0075683375 	0.0075450316 	0.0000000003 	0.9907304625 	
284.5000000000 	0.9757040224 	0.0075247689 	0.0075016709 	0.0000000003 	0.9907304624 	
285.0000000000 	0.9757882388 	0.0074825600 	0.0074596633 	0.0000000003 	0.9907304623 	
285.5000000000 	0.9758685340 	0.0074423211 	0.0074196069 	0.0000000003 	0.9907304622 	
286.0000000000 	0.9759438299 	0.0074045898 	0.0073820422 	0.0000000003 	0.9907304621 	
286.5000000000 	0.9760132094 	0.0073698177 	0.0073474347 	0.0000000003 	0.9907304621 	
287.0000000000 	0.9760759398 	0.0073383600 	0.0073161619 	0.0000000003 	0.9907304620 	
287.5000000000 	0.9761314894 	0.0073104679 	0.0072885044 	0.0000000003 	0.9907304619 	
288.0000000000 	0.9761795378 	0.0072862839 	0.0072646399 	0.0000000003 	0.9907304619 	
288.5000000000 	0.9762199823 	0.0072658410 	0.0072446383 	0.0000000002 	0.9907304618 	
289.0000000000 	0.9762529406 	0.0072490633 	0.0072284576 	0.0000000002 	0.9907304618 	
289.5000000000 	0.9762787466 	0.0072357703 	0.0072159446 	0.0000000002 	0.9907304618 	
290.0000000000 	0.9762979349 	0.0072256845 	0.0072068421 	0.0000000002 	0.9907304617 	
290.5000000000 	0.9763112206 	0.0072184405 	0.0072008003 	0.0000000002 	0.9907304617 	
291.0000000000 	0.9763194774 	0.0072135977 	0.0071973864 	0.0000000001 	0.9907304616 	
291.5000000000 	0.9763237113 	0.0072106550 	0.0071960952 	0.0000000001 	0.9907304616 	
292.0000000000 	0.9763250271 	0.0072090681 	0.0071963662 	0.0000000001 	0.9907304615 	
292.5000000000 	0.9763245915 	0.0072082666 	0.0071976034 	0.0000000001 	0.9907304615 	
293.0000000000 	0.9763235944 	0.0072076709 	0.0071991961 	0.0000000001 	0.9907304614 	
293.5000000000 	0.9763232120 	0.0072067106 	0.0072005387 	0.0000000000 	0.9907304614 	
294.0000000000 	0.9763245699 	0.0072048415 	0.0072010499 	0.0000000000 	0.9907304613 	
294.5000000000 	0.9763287094 	0.0072015623 	0.0072001895 	0.0000000000 	0.9907304613 	
295.0000000000 	0.9763365574 	0.0071964296 	0.0071974742 	0.0000000000 	0.9907304612 	
295.5000000000 	0.9763489009 	0.0071890701 	0.0071924901 	0.0000000000 	0.9907304611 	
296.0000000000 	0.9763663683 	0.0071791897 	0.0071849030 	0.0000000000 	0.9907304611 	
296.5000000000 	0.9763894160 	0.0071665789 	0.0071744660 	0.0000000000 	0.9907304610 	
297.0000000000 	0.9764183221 	0.0071511149 	0.0071610239 	0.0000000000 	0.9907304609 	
297.5000000000 	0.9764531851 	0.0071327605 	0.0071445152 	0.0000000000 	0.9907304609 	
298.0000000000 	0.9764939280 	0.0071115621 	0.0071249707 	0.0000000000 	0.9907304608 	
298.5000000000 	0.9765403058 	0.0070876448 	0.0071025101 	0.0000000000 	0.9907304607 	
299.0000000000 	0.9765919173 	0.0070612074 	0.0070773358 	0.0000000001 	0.9907304607 	
299.5000000000 	0.9766482205 	0.0070325157 	0.0070497244 	0.0000000001 	0.9907304606 	
# end of calculation 2019_08_27_14_17_28 
# time difference 00_00_00_00_01_-16 -- in Minutes 1 in Seconds 44 
