## Date: 27.8.2019 -- Time: 14:18:57  
## Gamma_l=0.5000000000 - Gamma_m=0.0000000000 - Gamma_r=0.5000000000 
## phi_l=3.1415926536 - phi_m=0.0000000000 - phi_r=0.0000000000 
## init_000=0.00 - init_001=0.00 - init_010=0.00 - init_011=1.00 
## dt=0.500000 - t_end=600 - fb=15 - cutoff=0.000001000000 -- Nbin=2 
0.0000000000  	 1.0000000000 	 1.0000000000 	 0.0000000000 	 0.0000000000 	 1.00 
0.5000000000  	 0.7701511618 	 0.7701511618 	 0.1149244290 	 0.1149244290 	 1.00 
1.0000000000  	 0.5931328105 	 0.5931328105 	 0.0885091816 	 0.0885091816 	 1.00 
1.5000000000  	 0.4568019209 	 0.4568019209 	 0.0681654482 	 0.0681654482 	 1.00 
2.0000000000  	 0.3518065279 	 0.3518065279 	 0.0524976986 	 0.0524976986 	 1.00 
2.5000000000  	 0.2709442042 	 0.2709442042 	 0.0404311631 	 0.0404311631 	 1.00 
3.0000000000  	 0.2086679919 	 0.2086679919 	 0.0311381069 	 0.0311381069 	 1.00 
3.5000000000  	 0.1607058949 	 0.1607058949 	 0.0239810489 	 0.0239810489 	 1.00 
4.0000000000  	 0.1237678305 	 0.1237678305 	 0.0184690325 	 0.0184690325 	 1.00 
4.5000000000  	 0.0953199375 	 0.0953199375 	 0.0142239467 	 0.0142239467 	 1.00 
5.0000000000  	 0.0734107598 	 0.0734107598 	 0.0109545889 	 0.0109545889 	 1.00 
5.5000000000  	 0.0565373814 	 0.0565373814 	 0.0084366893 	 0.0084366893 	 1.00 
6.0000000000  	 0.0435423295 	 0.0435423295 	 0.0064975260 	 0.0064975260 	 1.00 
6.5000000000  	 0.0335341753 	 0.0335341753 	 0.0050040771 	 0.0050040771 	 1.00 
7.0000000000  	 0.0258263838 	 0.0258263838 	 0.0038538958 	 0.0038538958 	 1.00 
7.5000000000  	 0.0198902192 	 0.0198902192 	 0.0029680823 	 0.0029680823 	 1.00 
8.0000000000  	 0.0285260988 	 0.0285260993 	 0.1035721120 	 0.1035721135 	 1.00 
8.5000000000  	 0.0517252607 	 0.0517252611 	 0.0603340723 	 0.0603341505 	 1.00 
9.0000000000  	 0.0779680988 	 0.0779700329 	 0.0336089392 	 0.0336076576 	 1.00 
9.5000000000  	 0.1012146752 	 0.1012164014 	 0.0176442509 	 0.0176418450 	 1.00 
10.0000000000  	 0.1187909159 	 0.1187896218 	 0.0085486449 	 0.0085450048 	 1.00 
10.5000000000  	 0.1300044457 	 0.1300000170 	 0.0037220640 	 0.0037162688 	 1.00 
11.0000000000  	 0.1352441785 	 0.1352323383 	 0.0014556463 	 0.0014530913 	 1.00 
11.5000000000  	 0.1354206645 	 0.1353946426 	 0.0006509612 	 0.0006499525 	 1.00 
12.0000000000  	 0.1316185967 	 0.1315809980 	 0.0006195962 	 0.0006207393 	 1.00 
12.5000000000  	 0.1249145761 	 0.1248731658 	 0.0009378809 	 0.0009359178 	 1.00 
13.0000000000  	 0.1162696098 	 0.1162236491 	 0.0013577379 	 0.0013649465 	 1.00 
13.5000000000  	 0.1064804412 	 0.1064466956 	 0.0017620962 	 0.0017616869 	 1.00 
14.0000000000  	 0.0961928609 	 0.0961720529 	 0.0020782655 	 0.0020670767 	 1.00 
14.5000000000  	 0.0858863580 	 0.0858835319 	 0.0022898692 	 0.0022851149 	 1.00 
15.0000000000  	 0.0759031905 	 0.0759229984 	 0.0024010943 	 0.0023904293 	 1.00 
15.5000000000  	 0.0664144240 	 0.0664633678 	 0.0029323325 	 0.0029145843 	 1.00 
16.0000000000  	 0.0579566069 	 0.0580026236 	 0.0053496794 	 0.0053427521 	 1.00 
16.5000000000  	 0.0513190987 	 0.0513769008 	 0.0078508542 	 0.0078422670 	 1.00 
17.0000000000  	 0.0470985811 	 0.0471571142 	 0.0094282049 	 0.0094312491 	 1.00 
17.5000000000  	 0.0454436222 	 0.0455209471 	 0.0099291915 	 0.0099367193 	 1.00 
18.0000000000  	 0.0461539828 	 0.0462438306 	 0.0095406685 	 0.0095301480 	 1.00 
18.5000000000  	 0.0487432698 	 0.0488430750 	 0.0085229758 	 0.0085071428 	 1.00 
19.0000000000  	 0.0525908114 	 0.0526862017 	 0.0071939505 	 0.0071805735 	 1.00 
19.5000000000  	 0.0570695859 	 0.0571595325 	 0.0057723279 	 0.0057698081 	 1.00 
20.0000000000  	 0.0616005207 	 0.0616854184 	 0.0044279615 	 0.0044427631 	 1.00 
20.5000000000  	 0.0656782995 	 0.0657621492 	 0.0033142390 	 0.0033268414 	 1.00 
21.0000000000  	 0.0690298407 	 0.0691060713 	 0.0023567987 	 0.0023634214 	 1.00 
21.5000000000  	 0.0714366416 	 0.0714996751 	 0.0016250087 	 0.0016285319 	 1.00 
22.0000000000  	 0.0727865611 	 0.0728321063 	 0.0011011400 	 0.0011006046 	 1.00 
22.5000000000  	 0.0730497597 	 0.0730852595 	 0.0007498153 	 0.0007520072 	 1.00 
23.0000000000  	 0.0722430185 	 0.0722717196 	 0.0005897563 	 0.0005848317 	 1.00 
23.5000000000  	 0.0704085505 	 0.0704255780 	 0.0006227919 	 0.0006190723 	 1.00 
24.0000000000  	 0.0676447475 	 0.0676483942 	 0.0008658757 	 0.0008561136 	 1.00 
24.5000000000  	 0.0641819810 	 0.0641660004 	 0.0012699484 	 0.0012641266 	 1.00 
25.0000000000  	 0.0602688972 	 0.0602463794 	 0.0018110262 	 0.0018082148 	 1.00 
25.5000000000  	 0.0562134469 	 0.0561963680 	 0.0024118322 	 0.0024032370 	 1.00 
26.0000000000  	 0.0523282255 	 0.0523204851 	 0.0029800946 	 0.0029741193 	 1.00 
26.5000000000  	 0.0488817864 	 0.0488699369 	 0.0034472178 	 0.0034482460 	 1.00 
27.0000000000  	 0.0460663457 	 0.0460430468 	 0.0037713658 	 0.0037841514 	 1.00 
27.5000000000  	 0.0439861100 	 0.0439628139 	 0.0039417961 	 0.0039423637 	 1.00 
28.0000000000  	 0.0426738542 	 0.0426534792 	 0.0039478640 	 0.0039481797 	 1.00 
28.5000000000  	 0.0420970295 	 0.0420905220 	 0.0038164419 	 0.0038061518 	 1.00 
29.0000000000  	 0.0421788998 	 0.0421787769 	 0.0035648046 	 0.0035619020 	 1.00 
29.5000000000  	 0.0428118710 	 0.0428193595 	 0.0032151807 	 0.0032118285 	 1.00 
30.0000000000  	 0.0438029280 	 0.0438453649 	 0.0028487666 	 0.0028274847 	 1.00 
30.5000000000  	 0.0450274978 	 0.0450693638 	 0.0024355203 	 0.0024239113 	 1.00 
31.0000000000  	 0.0463047704 	 0.0463666885 	 0.0020399291 	 0.0020399644 	 1.00 
31.5000000000  	 0.0474567498 	 0.0475285472 	 0.0017015907 	 0.0016923509 	 1.00 
32.0000000000  	 0.0483462537 	 0.0484135440 	 0.0014287385 	 0.0014201544 	 1.00 
32.5000000000  	 0.0488626154 	 0.0489172754 	 0.0012314023 	 0.0012274494 	 1.00 
33.0000000000  	 0.0489309863 	 0.0489856264 	 0.0011174871 	 0.0011152025 	 1.00 
33.5000000000  	 0.0485322538 	 0.0485965698 	 0.0010926355 	 0.0010817825 	 1.00 
34.0000000000  	 0.0477070990 	 0.0477757430 	 0.0011289420 	 0.0011232228 	 1.00 
34.5000000000  	 0.0465160666 	 0.0465812392 	 0.0012224019 	 0.0012136509 	 1.00 
35.0000000000  	 0.0450260752 	 0.0450937252 	 0.0013733061 	 0.0013583589 	 1.00 
35.5000000000  	 0.0433516312 	 0.0434277082 	 0.0015369840 	 0.0015246377 	 1.00 
36.0000000000  	 0.0416099548 	 0.0416869056 	 0.0017120189 	 0.0017009354 	 1.00 
36.5000000000  	 0.0399257127 	 0.0399875766 	 0.0018573294 	 0.0018648725 	 1.00 
37.0000000000  	 0.0383603482 	 0.0384199658 	 0.0019847456 	 0.0019919201 	 1.00 
37.5000000000  	 0.0370191000 	 0.0370579316 	 0.0020671895 	 0.0020801968 	 1.00 
38.0000000000  	 0.0359196190 	 0.0359657533 	 0.0021147857 	 0.0021150064 	 1.00 
38.5000000000  	 0.0351180424 	 0.0351602974 	 0.0021064661 	 0.0021132503 	 1.00 
39.0000000000  	 0.0346106364 	 0.0346512388 	 0.0020598300 	 0.0020570609 	 1.00 
39.5000000000  	 0.0343741020 	 0.0344050187 	 0.0019746863 	 0.0019668531 	 1.00 
40.0000000000  	 0.0343647922 	 0.0343783983 	 0.0018582432 	 0.0018419596 	 1.00 
40.5000000000  	 0.0345153778 	 0.0345257691 	 0.0017246438 	 0.0017281025 	 1.00 
41.0000000000  	 0.0347218858 	 0.0347564716 	 0.0015883235 	 0.0015939336 	 1.00 
41.5000000000  	 0.0349589041 	 0.0349898390 	 0.0014673711 	 0.0014526843 	 1.00 
42.0000000000  	 0.0351642030 	 0.0351792790 	 0.0013464067 	 0.0013243710 	 1.00 
42.5000000000  	 0.0352936894 	 0.0352838767 	 0.0012419779 	 0.0012356695 	 1.00 
43.0000000000  	 0.0352759380 	 0.0352679872 	 0.0011613844 	 0.0011502040 	 1.00 
43.5000000000  	 0.0351125910 	 0.0350978411 	 0.0011080954 	 0.0011103134 	 1.00 
44.0000000000  	 0.0347787467 	 0.0347625392 	 0.0010762499 	 0.0010758025 	 1.00 
44.5000000000  	 0.0342947636 	 0.0342757867 	 0.0010824358 	 0.0010747383 	 1.00 
45.0000000000  	 0.0336770628 	 0.0336558065 	 0.0010982256 	 0.0010880777 	 1.00 
45.5000000000  	 0.0329259353 	 0.0329313169 	 0.0011263091 	 0.0011257524 	 1.00 
46.0000000000  	 0.0321150719 	 0.0321243437 	 0.0011710921 	 0.0011709450 	 1.00 
46.5000000000  	 0.0312857136 	 0.0312982300 	 0.0012179722 	 0.0012265300 	 1.00 
47.0000000000  	 0.0304738522 	 0.0304909902 	 0.0012612904 	 0.0012799218 	 1.00 
47.5000000000  	 0.0297126971 	 0.0297358505 	 0.0012958755 	 0.0013178415 	 1.00 
48.0000000000  	 0.0290283753 	 0.0290624436 	 0.0013194335 	 0.0013377084 	 1.00 
48.5000000000  	 0.0284375993 	 0.0284807539 	 0.0013301479 	 0.0013356008 	 1.00 
49.0000000000  	 0.0279420850 	 0.0279970487 	 0.0013277128 	 0.0013296420 	 1.00 
49.5000000000  	 0.0275595809 	 0.0275876977 	 0.0013138439 	 0.0013182485 	 1.00 
50.0000000000  	 0.0272694690 	 0.0272835410 	 0.0012746490 	 0.0012979805 	 1.00 
50.5000000000  	 0.0270590253 	 0.0270592286 	 0.0012296560 	 0.0012686976 	 1.00 
51.0000000000  	 0.0269098447 	 0.0268677843 	 0.0011815677 	 0.0012235852 	 1.00 
51.5000000000  	 0.0267969856 	 0.0267398486 	 0.0011312640 	 0.0011518026 	 1.00 
52.0000000000  	 0.0267004907 	 0.0266495416 	 0.0010777240 	 0.0010919918 	 1.00 
52.5000000000  	 0.0265986800 	 0.0265393534 	 0.0010297620 	 0.0010372957 	 1.00 
53.0000000000  	 0.0264725580 	 0.0264192052 	 0.0009766110 	 0.0009929767 	 1.00 
53.5000000000  	 0.0263095020 	 0.0262819611 	 0.0009409835 	 0.0009564356 	 1.00 
54.0000000000  	 0.0260908371 	 0.0261044128 	 0.0009112542 	 0.0009250795 	 1.00 
54.5000000000  	 0.0258140101 	 0.0258442409 	 0.0008967030 	 0.0009049151 	 1.00 
55.0000000000  	 0.0254877054 	 0.0255032715 	 0.0008855602 	 0.0008903000 	 1.00 
55.5000000000  	 0.0251228286 	 0.0251093151 	 0.0008806852 	 0.0008820915 	 1.00 
56.0000000000  	 0.0247146028 	 0.0247036310 	 0.0008887211 	 0.0008879638 	 1.00 
56.5000000000  	 0.0242876489 	 0.0242756695 	 0.0008974132 	 0.0008953579 	 1.00 
57.0000000000  	 0.0238518092 	 0.0238374392 	 0.0009080172 	 0.0009051032 	 1.00 
57.5000000000  	 0.0234178209 	 0.0234046237 	 0.0009189226 	 0.0009161292 	 1.00 
58.0000000000  	 0.0229967008 	 0.0229888169 	 0.0009288254 	 0.0009245373 	 1.00 
58.5000000000  	 0.0225968735 	 0.0225991521 	 0.0009347125 	 0.0009289770 	 1.00 
59.0000000000  	 0.0222268384 	 0.0222418299 	 0.0009344067 	 0.0009285959 	 1.00 
59.5000000000  	 0.0218962014 	 0.0219167838 	 0.0009281051 	 0.0009173838 	 1.00 
60.0000000000  	 0.0216039949 	 0.0216244821 	 0.0009165204 	 0.0009105470 	 1.00 
60.5000000000  	 0.0213472712 	 0.0213602439 	 0.0009026736 	 0.0008978241 	 1.00 
61.0000000000  	 0.0211252899 	 0.0211383247 	 0.0008813645 	 0.0008766950 	 1.00 
61.5000000000  	 0.0209310332 	 0.0209444857 	 0.0008564444 	 0.0008591464 	 1.00 
62.0000000000  	 0.0207569544 	 0.0207701026 	 0.0008359395 	 0.0008368896 	 1.00 
62.5000000000  	 0.0205881716 	 0.0206020670 	 0.0008097126 	 0.0008106334 	 1.00 
63.0000000000  	 0.0204202784 	 0.0204392618 	 0.0007812190 	 0.0007811239 	 1.00 
63.5000000000  	 0.0202445973 	 0.0202694924 	 0.0007643321 	 0.0007578881 	 1.00 
64.0000000000  	 0.0200561287 	 0.0200853760 	 0.0007400467 	 0.0007397441 	 1.00 
64.5000000000  	 0.0198516190 	 0.0198836737 	 0.0007255551 	 0.0007248599 	 1.00 
65.0000000000  	 0.0196296980 	 0.0196626166 	 0.0007142611 	 0.0007133973 	 1.00 
65.5000000000  	 0.0193908062 	 0.0194223241 	 0.0007062315 	 0.0007053853 	 1.00 
66.0000000000  	 0.0191356689 	 0.0191665732 	 0.0007010565 	 0.0007044717 	 1.00 
66.5000000000  	 0.0188705713 	 0.0188967983 	 0.0006983110 	 0.0006981092 	 1.00 
67.0000000000  	 0.0185992778 	 0.0186170046 	 0.0006977873 	 0.0006986629 	 1.00 
67.5000000000  	 0.0183257766 	 0.0183244454 	 0.0006967009 	 0.0006996142 	 1.00 
68.0000000000  	 0.0180514189 	 0.0180429250 	 0.0006973497 	 0.0006972426 	 1.00 
68.5000000000  	 0.0177842423 	 0.0177673280 	 0.0006951395 	 0.0006960764 	 1.00 
69.0000000000  	 0.0175247072 	 0.0175035065 	 0.0006924742 	 0.0006968421 	 1.00 
69.5000000000  	 0.0172791403 	 0.0172565236 	 0.0006891599 	 0.0006882852 	 1.00 
70.0000000000  	 0.0170477347 	 0.0170202027 	 0.0006832949 	 0.0006852635 	 1.00 
70.5000000000  	 0.0168303557 	 0.0168024805 	 0.0006753388 	 0.0006786389 	 1.00 
71.0000000000  	 0.0166279899 	 0.0165991874 	 0.0006659277 	 0.0006682495 	 1.00 
71.5000000000  	 0.0164403757 	 0.0164108353 	 0.0006542832 	 0.0006561336 	 1.00 
72.0000000000  	 0.0162632455 	 0.0162336044 	 0.0006427837 	 0.0006441487 	 1.00 
72.5000000000  	 0.0160933131 	 0.0160542144 	 0.0006309446 	 0.0006315264 	 1.00 
73.0000000000  	 0.0159278756 	 0.0158790946 	 0.0006190234 	 0.0006201444 	 1.00 
73.5000000000  	 0.0157653365 	 0.0157178084 	 0.0006066037 	 0.0006054020 	 1.00 
74.0000000000  	 0.0156018936 	 0.0155592258 	 0.0005948719 	 0.0005943261 	 1.00 
74.5000000000  	 0.0154352831 	 0.0154009412 	 0.0005839287 	 0.0005842221 	 1.00 
75.0000000000  	 0.0152634325 	 0.0152407589 	 0.0005740123 	 0.0005747528 	 1.00 
75.5000000000  	 0.0150860643 	 0.0150668111 	 0.0005655687 	 0.0005655878 	 1.00 
76.0000000000  	 0.0149031495 	 0.0148873489 	 0.0005584718 	 0.0005586195 	 1.00 
76.5000000000  	 0.0147151019 	 0.0147029864 	 0.0005527214 	 0.0005527210 	 1.00 
77.0000000000  	 0.0145235080 	 0.0145147661 	 0.0005479376 	 0.0005477891 	 1.00 
77.5000000000  	 0.0143298493 	 0.0143242262 	 0.0005436982 	 0.0005435913 	 1.00 
78.0000000000  	 0.0141358288 	 0.0141269664 	 0.0005401100 	 0.0005388699 	 1.00 
78.5000000000  	 0.0139410056 	 0.0139343798 	 0.0005363164 	 0.0005336162 	 1.00 
79.0000000000  	 0.0137506586 	 0.0137458225 	 0.0005327046 	 0.0005296760 	 1.00 
79.5000000000  	 0.0135659619 	 0.0135622146 	 0.0005286853 	 0.0005261308 	 1.00 
80.0000000000  	 0.0133867168 	 0.0133881181 	 0.0005238031 	 0.0005233840 	 1.00 
80.5000000000  	 0.0132129210 	 0.0132207261 	 0.0005182587 	 0.0005180403 	 1.00 
81.0000000000  	 0.0130452853 	 0.0130596799 	 0.0005123187 	 0.0005120787 	 1.00 
81.5000000000  	 0.0128846984 	 0.0129047713 	 0.0005060081 	 0.0005055623 	 1.00 
82.0000000000  	 0.0127306163 	 0.0127551030 	 0.0004993594 	 0.0004985627 	 1.00 
82.5000000000  	 0.0125823393 	 0.0126096700 	 0.0004920208 	 0.0004907541 	 1.00 
83.0000000000  	 0.0124400591 	 0.0124617723 	 0.0004848756 	 0.0004824823 	 1.00 
83.5000000000  	 0.0123009747 	 0.0123206105 	 0.0004773930 	 0.0004736616 	 1.00 
84.0000000000  	 0.0121632312 	 0.0121817550 	 0.0004700727 	 0.0004672429 	 1.00 
84.5000000000  	 0.0120259069 	 0.0120442503 	 0.0004629807 	 0.0004610520 	 1.00 
85.0000000000  	 0.0118881917 	 0.0119085827 	 0.0004561933 	 0.0004553849 	 1.00 
85.5000000000  	 0.0117493481 	 0.0117756583 	 0.0004495875 	 0.0004500707 	 1.00 
86.0000000000  	 0.0116095413 	 0.0116347366 	 0.0004433948 	 0.0004417054 	 1.00 
86.5000000000  	 0.0114689672 	 0.0114923188 	 0.0004376275 	 0.0004363915 	 1.00 
87.0000000000  	 0.0113277708 	 0.0113487745 	 0.0004323367 	 0.0004315524 	 1.00 
87.5000000000  	 0.0111864492 	 0.0112046675 	 0.0004275985 	 0.0004270651 	 1.00 
88.0000000000  	 0.0110457650 	 0.0110605640 	 0.0004223356 	 0.0004225857 	 1.00 
88.5000000000  	 0.0109067497 	 0.0109174165 	 0.0004183030 	 0.0004184752 	 1.00 
89.0000000000  	 0.0107694399 	 0.0107758261 	 0.0004142805 	 0.0004144070 	 1.00 
89.5000000000  	 0.0106344113 	 0.0106364666 	 0.0004101943 	 0.0004103380 	 1.00 
90.0000000000  	 0.0105021272 	 0.0104999139 	 0.0004059585 	 0.0004061925 	 1.00 
90.5000000000  	 0.0103724798 	 0.0103666195 	 0.0004013531 	 0.0004019196 	 1.00 
91.0000000000  	 0.0102455405 	 0.0102368247 	 0.0003964494 	 0.0003974580 	 1.00 
91.5000000000  	 0.0101216968 	 0.0101105739 	 0.0003914994 	 0.0003927944 	 1.00 
92.0000000000  	 0.0100008388 	 0.0099877462 	 0.0003865521 	 0.0003879584 	 1.00 
92.5000000000  	 0.0098828430 	 0.0098680853 	 0.0003816614 	 0.0003829927 	 1.00 
93.0000000000  	 0.0097676255 	 0.0097511460 	 0.0003769441 	 0.0003778695 	 1.00 
93.5000000000  	 0.0096546995 	 0.0096364851 	 0.0003720475 	 0.0003727144 	 1.00 
94.0000000000  	 0.0095432468 	 0.0095236680 	 0.0003669388 	 0.0003675864 	 1.00 
94.5000000000  	 0.0094328226 	 0.0094122854 	 0.0003619242 	 0.0003625440 	 1.00 
95.0000000000  	 0.0093230419 	 0.0093019662 	 0.0003570558 	 0.0003576453 	 1.00 
95.5000000000  	 0.0092135101 	 0.0091924241 	 0.0003523353 	 0.0003529118 	 1.00 
96.0000000000  	 0.0091040503 	 0.0090834711 	 0.0003478169 	 0.0003483695 	 1.00 
96.5000000000  	 0.0089945994 	 0.0089749998 	 0.0003435151 	 0.0003440462 	 1.00 
97.0000000000  	 0.0088851967 	 0.0088670071 	 0.0003394181 	 0.0003399245 	 1.00 
97.5000000000  	 0.0087759725 	 0.0087595804 	 0.0003355057 	 0.0003359763 	 1.00 
98.0000000000  	 0.0086671309 	 0.0086528667 	 0.0003317492 	 0.0003321506 	 1.00 
98.5000000000  	 0.0085589273 	 0.0085470455 	 0.0003281126 	 0.0003283909 	 1.00 
99.0000000000  	 0.0084516419 	 0.0084423246 	 0.0003245549 	 0.0003246721 	 1.00 
99.5000000000  	 0.0083455517 	 0.0083389119 	 0.0003210374 	 0.0003209850 	 1.00 
100.0000000000  	 0.0082409075 	 0.0082369841 	 0.0003175273 	 0.0003173203 	 1.00 
100.5000000000  	 0.0081379149 	 0.0081366809 	 0.0003139941 	 0.0003136803 	 1.00 
101.0000000000  	 0.0080367195 	 0.0080381043 	 0.0003104163 	 0.0003100510 	 1.00 
101.5000000000  	 0.0079374020 	 0.0079413023 	 0.0003067867 	 0.0003063918 	 1.00 
102.0000000000  	 0.0078399791 	 0.0078462552 	 0.0003031075 	 0.0003026847 	 1.00 
102.5000000000  	 0.0077444078 	 0.0077528844 	 0.0002993892 	 0.0002989406 	 1.00 
103.0000000000  	 0.0076505953 	 0.0076610608 	 0.0002956476 	 0.0002951730 	 1.00 
103.5000000000  	 0.0075584125 	 0.0075706181 	 0.0002919023 	 0.0002914008 	 1.00 
104.0000000000  	 0.0074677071 	 0.0074813729 	 0.0002881757 	 0.0002876483 	 1.00 
104.5000000000  	 0.0073783178 	 0.0073931405 	 0.0002844901 	 0.0002839394 	 1.00 
105.0000000000  	 0.0072900904 	 0.0073057497 	 0.0002808649 	 0.0002802953 	 1.00 
105.5000000000  	 0.0072028910 	 0.0072190547 	 0.0002773140 	 0.0002767327 	 1.00 
106.0000000000  	 0.0071166158 	 0.0071329451 	 0.0002738443 	 0.0002732636 	 1.00 
106.5000000000  	 0.0070311963 	 0.0070473509 	 0.0002704572 	 0.0002698942 	 1.00 
107.0000000000  	 0.0069465986 	 0.0069622449 	 0.0002671518 	 0.0002666247 	 1.00 
107.5000000000  	 0.0068628197 	 0.0068776401 	 0.0002639249 	 0.0002634501 	 1.00 
108.0000000000  	 0.0067798806 	 0.0067935850 	 0.0002607717 	 0.0002603611 	 1.00 
108.5000000000  	 0.0066978204 	 0.0067101554 	 0.0002576861 	 0.0002573449 	 1.00 
109.0000000000  	 0.0066166919 	 0.0066274456 	 0.0002546583 	 0.0002543869 	 1.00 
109.5000000000  	 0.0065365555 	 0.0065455579 	 0.0002516753 	 0.0002514723 	 1.00 
110.0000000000  	 0.0064574704 	 0.0064645931 	 0.0002487237 	 0.0002485877 	 1.00 
110.5000000000  	 0.0063794867 	 0.0063846420 	 0.0002457921 	 0.0002457217 	 1.00 
111.0000000000  	 0.0063026381 	 0.0063057786 	 0.0002428719 	 0.0002428656 	 1.00 
111.5000000000  	 0.0062269382 	 0.0062280557 	 0.0002399574 	 0.0002400140 	 1.00 
112.0000000000  	 0.0061523777 	 0.0061515022 	 0.0002370468 	 0.0002371647 	 1.00 
112.5000000000  	 0.0060789256 	 0.0060761234 	 0.0002341413 	 0.0002343188 	 1.00 
113.0000000000  	 0.0060065311 	 0.0060019028 	 0.0002312454 	 0.0002314796 	 1.00 
113.5000000000  	 0.0059351281 	 0.0059288067 	 0.0002283651 	 0.0002286524 	 1.00 
114.0000000000  	 0.0058646405 	 0.0058567891 	 0.0002255081 	 0.0002258433 	 1.00 
114.5000000000  	 0.0057949879 	 0.0057857973 	 0.0002226824 	 0.0002230587 	 1.00 
115.0000000000  	 0.0057260920 	 0.0057157773 	 0.0002198957 	 0.0002203049 	 1.00 
115.5000000000  	 0.0056578813 	 0.0056466772 	 0.0002171546 	 0.0002175873 	 1.00 
116.0000000000  	 0.0055902963 	 0.0055784514 	 0.0002144643 	 0.0002149106 	 1.00 
116.5000000000  	 0.0055232922 	 0.0055110621 	 0.0002118277 	 0.0002122780 	 1.00 
117.0000000000  	 0.0054568406 	 0.0054444817 	 0.0002092462 	 0.0002096911 	 1.00 
117.5000000000  	 0.0053909301 	 0.0053786935 	 0.0002067186 	 0.0002071498 	 1.00 
118.0000000000  	 0.0053255647 	 0.0053136914 	 0.0002042426 	 0.0002046523 	 1.00 
118.5000000000  	 0.0052607620 	 0.0052494779 	 0.0002018141 	 0.0002021953 	 1.00 
119.0000000000  	 0.0051965496 	 0.0051860624 	 0.0001994281 	 0.0001997748 	 1.00 
119.5000000000  	 0.0051329617 	 0.0051234574 	 0.0001970794 	 0.0001973861 	 1.00 
120.0000000000  	 0.0050700357 	 0.0050616758 	 0.0001947626 	 0.0001950245 	 1.00 
120.5000000000  	 0.0050078081 	 0.0050007279 	 0.0001924726 	 0.0001926860 	 1.00 
121.0000000000  	 0.0049463119 	 0.0049406186 	 0.0001902054 	 0.0001903672 	 1.00 
121.5000000000  	 0.0048855740 	 0.0048813456 	 0.0001879577 	 0.0001880657 	 1.00 
122.0000000000  	 0.0048256143 	 0.0048228986 	 0.0001857273 	 0.0001857803 	 1.00 
122.5000000000  	 0.0047664443 	 0.0047652586 	 0.0001835131 	 0.0001835109 	 1.00 
123.0000000000  	 0.0047080679 	 0.0047083989 	 0.0001813150 	 0.0001812587 	 1.00 
123.5000000000  	 0.0046504819 	 0.0046522864 	 0.0001791339 	 0.0001790254 	 1.00 
124.0000000000  	 0.0045936770 	 0.0045968831 	 0.0001769711 	 0.0001768136 	 1.00 
124.5000000000  	 0.0045376391 	 0.0045421487 	 0.0001748284 	 0.0001746261 	 1.00 
125.0000000000  	 0.0044823514 	 0.0044880426 	 0.0001727080 	 0.0001724658 	 1.00 
125.5000000000  	 0.0044277960 	 0.0044345263 	 0.0001706116 	 0.0001703352 	 1.00 
126.0000000000  	 0.0043739554 	 0.0043815652 	 0.0001685411 	 0.0001682368 	 1.00 
126.5000000000  	 0.0043208138 	 0.0043291305 	 0.0001664975 	 0.0001661719 	 1.00 
127.0000000000  	 0.0042683581 	 0.0042771995 	 0.0001644816 	 0.0001641415 	 1.00 
127.5000000000  	 0.0042165784 	 0.0042257570 	 0.0001624934 	 0.0001621457 	 1.00 
128.0000000000  	 0.0041654679 	 0.0041747944 	 0.0001605323 	 0.0001601840 	 1.00 
128.5000000000  	 0.0041150225 	 0.0041243097 	 0.0001585973 	 0.0001582551 	 1.00 
129.0000000000  	 0.0040652403 	 0.0040743064 	 0.0001566870 	 0.0001563573 	 1.00 
129.5000000000  	 0.0040161200 	 0.0040247923 	 0.0001547997 	 0.0001544887 	 1.00 
130.0000000000  	 0.0039676607 	 0.0039757782 	 0.0001529339 	 0.0001526471 	 1.00 
130.5000000000  	 0.0039198600 	 0.0039272765 	 0.0001510877 	 0.0001508304 	 1.00 
131.0000000000  	 0.0038727136 	 0.0038793001 	 0.0001492600 	 0.0001490364 	 1.00 
131.5000000000  	 0.0038262141 	 0.0038318611 	 0.0001474496 	 0.0001472634 	 1.00 
132.0000000000  	 0.0037803510 	 0.0037849701 	 0.0001456560 	 0.0001455100 	 1.00 
132.5000000000  	 0.0037351103 	 0.0037386355 	 0.0001438788 	 0.0001437751 	 1.00 
133.0000000000  	 0.0036904746 	 0.0036928632 	 0.0001421184 	 0.0001420581 	 1.00 
133.5000000000  	 0.0036464237 	 0.0036476565 	 0.0001403752 	 0.0001403586 	 1.00 
134.0000000000  	 0.0036029350 	 0.0036030161 	 0.0001386501 	 0.0001386765 	 1.00 
134.5000000000  	 0.0035599848 	 0.0035589409 	 0.0001369442 	 0.0001370121 	 1.00 
135.0000000000  	 0.0035175488 	 0.0035154281 	 0.0001352586 	 0.0001353657 	 1.00 
135.5000000000  	 0.0034756032 	 0.0034724740 	 0.0001335944 	 0.0001337377 	 1.00 
136.0000000000  	 0.0034341254 	 0.0034300742 	 0.0001319525 	 0.0001321284 	 1.00 
136.5000000000  	 0.0033930953 	 0.0033882243 	 0.0001303338 	 0.0001305381 	 1.00 
137.0000000000  	 0.0033524950 	 0.0033469203 	 0.0001287388 	 0.0001289668 	 1.00 
137.5000000000  	 0.0033123101 	 0.0033061585 	 0.0001271678 	 0.0001274144 	 1.00 
138.0000000000  	 0.0032725293 	 0.0032659358 	 0.0001256207 	 0.0001258807 	 1.00 
138.5000000000  	 0.0032331443 	 0.0032262494 	 0.0001240972 	 0.0001243652 	 1.00 
139.0000000000  	 0.0031941502 	 0.0031870969 	 0.0001225967 	 0.0001228673 	 1.00 
139.5000000000  	 0.0031555446 	 0.0031484755 	 0.0001211186 	 0.0001213863 	 1.00 
140.0000000000  	 0.0031173274 	 0.0031103820 	 0.0001196618 	 0.0001199216 	 1.00 
140.5000000000  	 0.0030795004 	 0.0030728123 	 0.0001182256 	 0.0001184724 	 1.00 
141.0000000000  	 0.0030420665 	 0.0030357610 	 0.0001168089 	 0.0001170382 	 1.00 
141.5000000000  	 0.0030050293 	 0.0029992213 	 0.0001154109 	 0.0001156185 	 1.00 
142.0000000000  	 0.0029683929 	 0.0029631846 	 0.0001140306 	 0.0001142130 	 1.00 
142.5000000000  	 0.0029321613 	 0.0029276406 	 0.0001126673 	 0.0001128215 	 1.00 
143.0000000000  	 0.0028963381 	 0.0028925772 	 0.0001113204 	 0.0001114440 	 1.00 
143.5000000000  	 0.0028609264 	 0.0028579809 	 0.0001099895 	 0.0001100807 	 1.00 
144.0000000000  	 0.0028259289 	 0.0028238369 	 0.0001086741 	 0.0001087319 	 1.00 
144.5000000000  	 0.0027913475 	 0.0027901295 	 0.0001073740 	 0.0001073980 	 1.00 
145.0000000000  	 0.0027571838 	 0.0027568424 	 0.0001060890 	 0.0001060796 	 1.00 
145.5000000000  	 0.0027234388 	 0.0027239595 	 0.0001048189 	 0.0001047770 	 1.00 
146.0000000000  	 0.0026901132 	 0.0026914649 	 0.0001035635 	 0.0001034907 	 1.00 
146.5000000000  	 0.0026572074 	 0.0026593434 	 0.0001023228 	 0.0001022213 	 1.00 
147.0000000000  	 0.0026247217 	 0.0026275809 	 0.0001010965 	 0.0001009689 	 1.00 
147.5000000000  	 0.0025926561 	 0.0025961649 	 0.0000998843 	 0.0000997338 	 1.00 
148.0000000000  	 0.0025610107 	 0.0025650842 	 0.0000986860 	 0.0000985161 	 1.00 
148.5000000000  	 0.0025297849 	 0.0025343294 	 0.0000975013 	 0.0000973158 	 1.00 
149.0000000000  	 0.0024989780 	 0.0025038929 	 0.0000963298 	 0.0000961327 	 1.00 
149.5000000000  	 0.0024685889 	 0.0024737684 	 0.0000951712 	 0.0000949666 	 1.00 
150.0000000000  	 0.0024386156 	 0.0024439515 	 0.0000940249 	 0.0000938171 	 1.00 
150.5000000000  	 0.0024090556 	 0.0024144390 	 0.0000928908 	 0.0000926839 	 1.00 
151.0000000000  	 0.0023799050 	 0.0023852290 	 0.0000917683 	 0.0000915665 	 1.00 
151.5000000000  	 0.0023511594 	 0.0023563207 	 0.0000906574 	 0.0000904644 	 1.00 
152.0000000000  	 0.0023228129 	 0.0023277139 	 0.0000895578 	 0.0000893772 	 1.00 
152.5000000000  	 0.0022948587 	 0.0022994091 	 0.0000884693 	 0.0000883045 	 1.00 
153.0000000000  	 0.0022672886 	 0.0022714076 	 0.0000873920 	 0.0000872457 	 1.00 
153.5000000000  	 0.0022400937 	 0.0022437106 	 0.0000863258 	 0.0000862006 	 1.00 
154.0000000000  	 0.0022132640 	 0.0022163198 	 0.0000852709 	 0.0000851688 	 1.00 
154.5000000000  	 0.0021867889 	 0.0021892369 	 0.0000842275 	 0.0000841498 	 1.00 
155.0000000000  	 0.0021606571 	 0.0021624640 	 0.0000831958 	 0.0000831435 	 1.00 
155.5000000000  	 0.0021348572 	 0.0021360028 	 0.0000821759 	 0.0000821495 	 1.00 
156.0000000000  	 0.0021093776 	 0.0021098553 	 0.0000811682 	 0.0000811676 	 1.00 
156.5000000000  	 0.0020842069 	 0.0020840234 	 0.0000801729 	 0.0000801974 	 1.00 
157.0000000000  	 0.0020593340 	 0.0020585088 	 0.0000791901 	 0.0000792387 	 1.00 
157.5000000000  	 0.0020347484 	 0.0020333133 	 0.0000782200 	 0.0000782911 	 1.00 
158.0000000000  	 0.0020104404 	 0.0020084383 	 0.0000772628 	 0.0000773545 	 1.00 
158.5000000000  	 0.0019864009 	 0.0019838849 	 0.0000763185 	 0.0000764286 	 1.00 
159.0000000000  	 0.0019626221 	 0.0019596539 	 0.0000753871 	 0.0000755129 	 1.00 
159.5000000000  	 0.0019390967 	 0.0019357457 	 0.0000744686 	 0.0000746072 	 1.00 
160.0000000000  	 0.0019158187 	 0.0019121600 	 0.0000735629 	 0.0000737113 	 1.00 
160.5000000000  	 0.0018927830 	 0.0018888960 	 0.0000726698 	 0.0000728248 	 1.00 
161.0000000000  	 0.0018699855 	 0.0018659521 	 0.0000717891 	 0.0000719476 	 1.00 
161.5000000000  	 0.0018474228 	 0.0018433260 	 0.0000709207 	 0.0000710794 	 1.00 
162.0000000000  	 0.0018250926 	 0.0018210145 	 0.0000700642 	 0.0000702201 	 1.00 
162.5000000000  	 0.0018029932 	 0.0017990135 	 0.0000692196 	 0.0000693695 	 1.00 
163.0000000000  	 0.0017811236 	 0.0017773183 	 0.0000683864 	 0.0000685276 	 1.00 
163.5000000000  	 0.0017594833 	 0.0017559231 	 0.0000675644 	 0.0000676943 	 1.00 
164.0000000000  	 0.0017380726 	 0.0017348215 	 0.0000667535 	 0.0000668698 	 1.00 
164.5000000000  	 0.0017168920 	 0.0017140067 	 0.0000659532 	 0.0000660540 	 1.00 
165.0000000000  	 0.0016959425 	 0.0016934708 	 0.0000651633 	 0.0000652470 	 1.00 
165.5000000000  	 0.0016752255 	 0.0016732061 	 0.0000643836 	 0.0000644489 	 1.00 
166.0000000000  	 0.0016547424 	 0.0016532042 	 0.0000636139 	 0.0000636598 	 1.00 
166.5000000000  	 0.0016344950 	 0.0016334567 	 0.0000628537 	 0.0000628800 	 1.00 
167.0000000000  	 0.0016144851 	 0.0016139552 	 0.0000621029 	 0.0000621095 	 1.00 
167.5000000000  	 0.0015947147 	 0.0015946913 	 0.0000613612 	 0.0000613484 	 1.00 
168.0000000000  	 0.0015751856 	 0.0015756569 	 0.0000606283 	 0.0000605968 	 1.00 
168.5000000000  	 0.0015558995 	 0.0015568444 	 0.0000599040 	 0.0000598549 	 1.00 
169.0000000000  	 0.0015368578 	 0.0015382464 	 0.0000591879 	 0.0000591226 	 1.00 
169.5000000000  	 0.0015180620 	 0.0015198562 	 0.0000584799 	 0.0000584000 	 1.00 
170.0000000000  	 0.0014995127 	 0.0015016676 	 0.0000577796 	 0.0000576872 	 1.00 
170.5000000000  	 0.0014812106 	 0.0014836749 	 0.0000570869 	 0.0000569840 	 1.00 
171.0000000000  	 0.0014631553 	 0.0014658733 	 0.0000564016 	 0.0000562904 	 1.00 
171.5000000000  	 0.0014453465 	 0.0014482584 	 0.0000557234 	 0.0000556064 	 1.00 
172.0000000000  	 0.0014277828 	 0.0014308268 	 0.0000550522 	 0.0000549319 	 1.00 
172.5000000000  	 0.0014104624 	 0.0014135753 	 0.0000543879 	 0.0000542666 	 1.00 
173.0000000000  	 0.0013933827 	 0.0013965017 	 0.0000537304 	 0.0000536106 	 1.00 
173.5000000000  	 0.0013765408 	 0.0013796043 	 0.0000530796 	 0.0000529636 	 1.00 
174.0000000000  	 0.0013599328 	 0.0013628820 	 0.0000524355 	 0.0000523255 	 1.00 
174.5000000000  	 0.0013435545 	 0.0013463340 	 0.0000517981 	 0.0000516961 	 1.00 
175.0000000000  	 0.0013274010 	 0.0013299602 	 0.0000511674 	 0.0000510752 	 1.00 
175.5000000000  	 0.0013114672 	 0.0013137610 	 0.0000505433 	 0.0000504626 	 1.00 
176.0000000000  	 0.0012957473 	 0.0012977370 	 0.0000499261 	 0.0000498581 	 1.00 
176.5000000000  	 0.0012802354 	 0.0012818891 	 0.0000493158 	 0.0000492615 	 1.00 
177.0000000000  	 0.0012649255 	 0.0012662188 	 0.0000487123 	 0.0000486726 	 1.00 
177.5000000000  	 0.0012498112 	 0.0012507272 	 0.0000481159 	 0.0000480911 	 1.00 
178.0000000000  	 0.0012348863 	 0.0012354161 	 0.0000475265 	 0.0000475168 	 1.00 
178.5000000000  	 0.0012201445 	 0.0012202871 	 0.0000469443 	 0.0000469495 	 1.00 
179.0000000000  	 0.0012055798 	 0.0012053415 	 0.0000463693 	 0.0000463889 	 1.00 
179.5000000000  	 0.0011911863 	 0.0011905811 	 0.0000458016 	 0.0000458349 	 1.00 
180.0000000000  	 0.0011769585 	 0.0011760070 	 0.0000452412 	 0.0000452872 	 1.00 
180.5000000000  	 0.0011628910 	 0.0011616203 	 0.0000446882 	 0.0000447457 	 1.00 
181.0000000000  	 0.0011489790 	 0.0011474217 	 0.0000441425 	 0.0000442101 	 1.00 
181.5000000000  	 0.0011352180 	 0.0011334118 	 0.0000436041 	 0.0000436802 	 1.00 
182.0000000000  	 0.0011216042 	 0.0011195905 	 0.0000430730 	 0.0000431560 	 1.00 
182.5000000000  	 0.0011081339 	 0.0011059574 	 0.0000425493 	 0.0000426372 	 1.00 
183.0000000000  	 0.0010948042 	 0.0010925116 	 0.0000420327 	 0.0000421238 	 1.00 
183.5000000000  	 0.0010816126 	 0.0010792518 	 0.0000415233 	 0.0000416157 	 1.00 
184.0000000000  	 0.0010685570 	 0.0010661761 	 0.0000410209 	 0.0000411128 	 1.00 
184.5000000000  	 0.0010556359 	 0.0010532822 	 0.0000405255 	 0.0000406150 	 1.00 
185.0000000000  	 0.0010428483 	 0.0010405675 	 0.0000400369 	 0.0000401224 	 1.00 
185.5000000000  	 0.0010301935 	 0.0010280287 	 0.0000395550 	 0.0000396349 	 1.00 
186.0000000000  	 0.0010176712 	 0.0010156623 	 0.0000390797 	 0.0000391525 	 1.00 
186.5000000000  	 0.0010052816 	 0.0010034643 	 0.0000386108 	 0.0000386752 	 1.00 
187.0000000000  	 0.0009930251 	 0.0009914306 	 0.0000381482 	 0.0000382032 	 1.00 
187.5000000000  	 0.0009809025 	 0.0009795568 	 0.0000376916 	 0.0000377363 	 1.00 
188.0000000000  	 0.0009689147 	 0.0009678384 	 0.0000372409 	 0.0000372748 	 1.00 
188.5000000000  	 0.0009570628 	 0.0009562705 	 0.0000367960 	 0.0000368185 	 1.00 
189.0000000000  	 0.0009453480 	 0.0009448486 	 0.0000363566 	 0.0000363677 	 1.00 
189.5000000000  	 0.0009337717 	 0.0009335678 	 0.0000359226 	 0.0000359222 	 1.00 
190.0000000000  	 0.0009223350 	 0.0009224236 	 0.0000354937 	 0.0000354823 	 1.00 
190.5000000000  	 0.0009110390 	 0.0009114114 	 0.0000350699 	 0.0000350478 	 1.00 
191.0000000000  	 0.0008998850 	 0.0009005269 	 0.0000346510 	 0.0000346189 	 1.00 
191.5000000000  	 0.0008888737 	 0.0008897661 	 0.0000342367 	 0.0000341956 	 1.00 
192.0000000000  	 0.0008780058 	 0.0008791251 	 0.0000338270 	 0.0000337778 	 1.00 
192.5000000000  	 0.0008672817 	 0.0008686004 	 0.0000334217 	 0.0000333657 	 1.00 
193.0000000000  	 0.0008567014 	 0.0008581888 	 0.0000330208 	 0.0000329591 	 1.00 
193.5000000000  	 0.0008462647 	 0.0008478874 	 0.0000326240 	 0.0000325580 	 1.00 
194.0000000000  	 0.0008359711 	 0.0008376940 	 0.0000322313 	 0.0000321625 	 1.00 
194.5000000000  	 0.0008258196 	 0.0008276063 	 0.0000318427 	 0.0000317724 	 1.00 
195.0000000000  	 0.0008158089 	 0.0008176227 	 0.0000314581 	 0.0000313878 	 1.00 
195.5000000000  	 0.0008059372 	 0.0008077418 	 0.0000310774 	 0.0000310085 	 1.00 
196.0000000000  	 0.0007962028 	 0.0007979628 	 0.0000307007 	 0.0000306344 	 1.00 
196.5000000000  	 0.0007866031 	 0.0007882851 	 0.0000303279 	 0.0000302655 	 1.00 
197.0000000000  	 0.0007771356 	 0.0007787083 	 0.0000299589 	 0.0000299017 	 1.00 
197.5000000000  	 0.0007677975 	 0.0007692325 	 0.0000295940 	 0.0000295427 	 1.00 
198.0000000000  	 0.0007585855 	 0.0007598581 	 0.0000292329 	 0.0000291886 	 1.00 
198.5000000000  	 0.0007494966 	 0.0007505854 	 0.0000288759 	 0.0000288392 	 1.00 
199.0000000000  	 0.0007405271 	 0.0007414152 	 0.0000285228 	 0.0000284943 	 1.00 
199.5000000000  	 0.0007316736 	 0.0007323483 	 0.0000281738 	 0.0000281538 	 1.00 
200.0000000000  	 0.0007229324 	 0.0007233856 	 0.0000278288 	 0.0000278176 	 1.00 
200.5000000000  	 0.0007143001 	 0.0007145282 	 0.0000274880 	 0.0000274855 	 1.00 
201.0000000000  	 0.0007057730 	 0.0007057769 	 0.0000271513 	 0.0000271574 	 1.00 
201.5000000000  	 0.0006973477 	 0.0006971327 	 0.0000268189 	 0.0000268332 	 1.00 
202.0000000000  	 0.0006890209 	 0.0006885965 	 0.0000264906 	 0.0000265127 	 1.00 
202.5000000000  	 0.0006807893 	 0.0006801689 	 0.0000261666 	 0.0000261958 	 1.00 
203.0000000000  	 0.0006726499 	 0.0006718505 	 0.0000258468 	 0.0000258824 	 1.00 
203.5000000000  	 0.0006646001 	 0.0006636416 	 0.0000255312 	 0.0000255724 	 1.00 
204.0000000000  	 0.0006566372 	 0.0006555424 	 0.0000252200 	 0.0000252657 	 1.00 
204.5000000000  	 0.0006487591 	 0.0006475527 	 0.0000249129 	 0.0000249623 	 1.00 
205.0000000000  	 0.0006409637 	 0.0006396722 	 0.0000246101 	 0.0000246620 	 1.00 
205.5000000000  	 0.0006332494 	 0.0006319003 	 0.0000243115 	 0.0000243648 	 1.00 
206.0000000000  	 0.0006256148 	 0.0006242359 	 0.0000240170 	 0.0000240707 	 1.00 
206.5000000000  	 0.0006180588 	 0.0006166781 	 0.0000237266 	 0.0000237795 	 1.00 
207.0000000000  	 0.0006105805 	 0.0006092252 	 0.0000234402 	 0.0000234914 	 1.00 
207.5000000000  	 0.0006031795 	 0.0006018756 	 0.0000231578 	 0.0000232063 	 1.00 
208.0000000000  	 0.0005958555 	 0.0005946275 	 0.0000228792 	 0.0000229242 	 1.00 
208.5000000000  	 0.0005886084 	 0.0005874786 	 0.0000226044 	 0.0000226451 	 1.00 
209.0000000000  	 0.0005814385 	 0.0005804267 	 0.0000223334 	 0.0000223689 	 1.00 
209.5000000000  	 0.0005743459 	 0.0005734693 	 0.0000220659 	 0.0000220958 	 1.00 
210.0000000000  	 0.0005673313 	 0.0005666039 	 0.0000218020 	 0.0000218257 	 1.00 
210.5000000000  	 0.0005603953 	 0.0005598277 	 0.0000215414 	 0.0000215587 	 1.00 
211.0000000000  	 0.0005535384 	 0.0005531381 	 0.0000212841 	 0.0000212948 	 1.00 
211.5000000000  	 0.0005467616 	 0.0005465323 	 0.0000210300 	 0.0000210341 	 1.00 
212.0000000000  	 0.0005400654 	 0.0005400076 	 0.0000207789 	 0.0000207764 	 1.00 
212.5000000000  	 0.0005334507 	 0.0005335614 	 0.0000205309 	 0.0000205220 	 1.00 
213.0000000000  	 0.0005269180 	 0.0005271910 	 0.0000202857 	 0.0000202707 	 1.00 
213.5000000000  	 0.0005204680 	 0.0005208940 	 0.0000200433 	 0.0000200227 	 1.00 
214.0000000000  	 0.0005141011 	 0.0005146680 	 0.0000198036 	 0.0000197779 	 1.00 
214.5000000000  	 0.0005078177 	 0.0005085109 	 0.0000195665 	 0.0000195364 	 1.00 
215.0000000000  	 0.0005016177 	 0.0005024207 	 0.0000193319 	 0.0000192981 	 1.00 
215.5000000000  	 0.0004955014 	 0.0004963956 	 0.0000190998 	 0.0000190630 	 1.00 
216.0000000000  	 0.0004894683 	 0.0004904340 	 0.0000188702 	 0.0000188312 	 1.00 
216.5000000000  	 0.0004835182 	 0.0004845346 	 0.0000186429 	 0.0000186026 	 1.00 
217.0000000000  	 0.0004776503 	 0.0004786962 	 0.0000184180 	 0.0000183771 	 1.00 
217.5000000000  	 0.0004718638 	 0.0004729180 	 0.0000181954 	 0.0000181547 	 1.00 
218.0000000000  	 0.0004661577 	 0.0004671992 	 0.0000179751 	 0.0000179355 	 1.00 
218.5000000000  	 0.0004605308 	 0.0004615394 	 0.0000177570 	 0.0000177193 	 1.00 
219.0000000000  	 0.0004549817 	 0.0004559383 	 0.0000175413 	 0.0000175060 	 1.00 
219.5000000000  	 0.0004495088 	 0.0004503958 	 0.0000173278 	 0.0000172957 	 1.00 
220.0000000000  	 0.0004441104 	 0.0004449121 	 0.0000171166 	 0.0000170882 	 1.00 
220.5000000000  	 0.0004387846 	 0.0004394873 	 0.0000169077 	 0.0000168835 	 1.00 
221.0000000000  	 0.0004335295 	 0.0004341217 	 0.0000167011 	 0.0000166814 	 1.00 
221.5000000000  	 0.0004283432 	 0.0004288159 	 0.0000164968 	 0.0000164820 	 1.00 
222.0000000000  	 0.0004232235 	 0.0004235702 	 0.0000162949 	 0.0000162851 	 1.00 
222.5000000000  	 0.0004181684 	 0.0004183854 	 0.0000160954 	 0.0000160907 	 1.00 
223.0000000000  	 0.0004131758 	 0.0004132619 	 0.0000158983 	 0.0000158986 	 1.00 
223.5000000000  	 0.0004082436 	 0.0004082002 	 0.0000157036 	 0.0000157088 	 1.00 
224.0000000000  	 0.0004033698 	 0.0004032010 	 0.0000155113 	 0.0000155212 	 1.00 
224.5000000000  	 0.0003985526 	 0.0003982647 	 0.0000153215 	 0.0000153358 	 1.00 
225.0000000000  	 0.0003937901 	 0.0003933915 	 0.0000151341 	 0.0000151524 	 1.00 
225.5000000000  	 0.0003890806 	 0.0003885819 	 0.0000149492 	 0.0000149711 	 1.00 
226.0000000000  	 0.0003844225 	 0.0003838360 	 0.0000147668 	 0.0000147917 	 1.00 
226.5000000000  	 0.0003798145 	 0.0003791538 	 0.0000145868 	 0.0000146142 	 1.00 
227.0000000000  	 0.0003752553 	 0.0003745351 	 0.0000144093 	 0.0000144386 	 1.00 
227.5000000000  	 0.0003707437 	 0.0003699797 	 0.0000142343 	 0.0000142648 	 1.00 
228.0000000000  	 0.0003662789 	 0.0003654872 	 0.0000140617 	 0.0000140928 	 1.00 
228.5000000000  	 0.0003618602 	 0.0003610570 	 0.0000138914 	 0.0000139225 	 1.00 
229.0000000000  	 0.0003574869 	 0.0003566883 	 0.0000137236 	 0.0000137541 	 1.00 
229.5000000000  	 0.0003531587 	 0.0003523803 	 0.0000135580 	 0.0000135873 	 1.00 
230.0000000000  	 0.0003488753 	 0.0003481319 	 0.0000133948 	 0.0000134223 	 1.00 
230.5000000000  	 0.0003446366 	 0.0003439420 	 0.0000132338 	 0.0000132590 	 1.00 
231.0000000000  	 0.0003404425 	 0.0003398093 	 0.0000130749 	 0.0000130975 	 1.00 
231.5000000000  	 0.0003362934 	 0.0003357324 	 0.0000129182 	 0.0000129377 	 1.00 
232.0000000000  	 0.0003321893 	 0.0003317100 	 0.0000127636 	 0.0000127797 	 1.00 
232.5000000000  	 0.0003281306 	 0.0003277404 	 0.0000126109 	 0.0000126234 	 1.00 
233.0000000000  	 0.0003241177 	 0.0003238221 	 0.0000124603 	 0.0000124690 	 1.00 
233.5000000000  	 0.0003201510 	 0.0003199535 	 0.0000123115 	 0.0000123163 	 1.00 
234.0000000000  	 0.0003162308 	 0.0003161331 	 0.0000121645 	 0.0000121655 	 1.00 
234.5000000000  	 0.0003123578 	 0.0003123592 	 0.0000120193 	 0.0000120165 	 1.00 
235.0000000000  	 0.0003085321 	 0.0003086304 	 0.0000118758 	 0.0000118693 	 1.00 
235.5000000000  	 0.0003047543 	 0.0003049451 	 0.0000117339 	 0.0000117240 	 1.00 
236.0000000000  	 0.0003010246 	 0.0003013019 	 0.0000115937 	 0.0000115806 	 1.00 
236.5000000000  	 0.0002973432 	 0.0002976996 	 0.0000114549 	 0.0000114391 	 1.00 
237.0000000000  	 0.0002937103 	 0.0002941368 	 0.0000113177 	 0.0000112995 	 1.00 
237.5000000000  	 0.0002901260 	 0.0002906125 	 0.0000111820 	 0.0000111617 	 1.00 
238.0000000000  	 0.0002865902 	 0.0002871257 	 0.0000110477 	 0.0000110258 	 1.00 
238.5000000000  	 0.0002831027 	 0.0002836755 	 0.0000109148 	 0.0000108918 	 1.00 
239.0000000000  	 0.0002796632 	 0.0002802612 	 0.0000107832 	 0.0000107596 	 1.00 
239.5000000000  	 0.0002762713 	 0.0002768821 	 0.0000106531 	 0.0000106293 	 1.00 
240.0000000000  	 0.0002729266 	 0.0002735377 	 0.0000105242 	 0.0000105008 	 1.00 
240.5000000000  	 0.0002696283 	 0.0002702278 	 0.0000103967 	 0.0000103740 	 1.00 
241.0000000000  	 0.0002663757 	 0.0002669521 	 0.0000102705 	 0.0000102491 	 1.00 
241.5000000000  	 0.0002631680 	 0.0002637105 	 0.0000101457 	 0.0000101258 	 1.00 
242.0000000000  	 0.0002600042 	 0.0002605029 	 0.0000100221 	 0.0000100042 	 1.00 
242.5000000000  	 0.0002568834 	 0.0002573295 	 0.0000098999 	 0.0000098842 	 1.00 
243.0000000000  	 0.0002538043 	 0.0002541904 	 0.0000097790 	 0.0000097659 	 1.00 
243.5000000000  	 0.0002507659 	 0.0002510858 	 0.0000096595 	 0.0000096491 	 1.00 
244.0000000000  	 0.0002477670 	 0.0002480160 	 0.0000095413 	 0.0000095337 	 1.00 
244.5000000000  	 0.0002448064 	 0.0002449813 	 0.0000094245 	 0.0000094199 	 1.00 
245.0000000000  	 0.0002418829 	 0.0002419820 	 0.0000093091 	 0.0000093074 	 1.00 
245.5000000000  	 0.0002389953 	 0.0002390184 	 0.0000091951 	 0.0000091963 	 1.00 
246.0000000000  	 0.0002361423 	 0.0002360909 	 0.0000090825 	 0.0000090865 	 1.00 
246.5000000000  	 0.0002333229 	 0.0002331998 	 0.0000089713 	 0.0000089780 	 1.00 
247.0000000000  	 0.0002305359 	 0.0002303453 	 0.0000088615 	 0.0000088707 	 1.00 
247.5000000000  	 0.0002277804 	 0.0002275275 	 0.0000087532 	 0.0000087646 	 1.00 
248.0000000000  	 0.0002250554 	 0.0002247467 	 0.0000086463 	 0.0000086597 	 1.00 
248.5000000000  	 0.0002223599 	 0.0002220029 	 0.0000085408 	 0.0000085559 	 1.00 
249.0000000000  	 0.0002196932 	 0.0002192961 	 0.0000084368 	 0.0000084531 	 1.00 
249.5000000000  	 0.0002170546 	 0.0002166262 	 0.0000083342 	 0.0000083515 	 1.00 
250.0000000000  	 0.0002144435 	 0.0002139929 	 0.0000082330 	 0.0000082509 	 1.00 
250.5000000000  	 0.0002118594 	 0.0002113961 	 0.0000081332 	 0.0000081514 	 1.00 
251.0000000000  	 0.0002093020 	 0.0002088353 	 0.0000080348 	 0.0000080528 	 1.00 
251.5000000000  	 0.0002067708 	 0.0002063100 	 0.0000079378 	 0.0000079553 	 1.00 
252.0000000000  	 0.0002042658 	 0.0002038198 	 0.0000078421 	 0.0000078588 	 1.00 
252.5000000000  	 0.0002017867 	 0.0002013641 	 0.0000077478 	 0.0000077633 	 1.00 
253.0000000000  	 0.0001993336 	 0.0001989420 	 0.0000076547 	 0.0000076688 	 1.00 
253.5000000000  	 0.0001969065 	 0.0001965529 	 0.0000075628 	 0.0000075754 	 1.00 
254.0000000000  	 0.0001945055 	 0.0001941959 	 0.0000074722 	 0.0000074829 	 1.00 
254.5000000000  	 0.0001921308 	 0.0001918703 	 0.0000073828 	 0.0000073915 	 1.00 
255.0000000000  	 0.0001897825 	 0.0001895750 	 0.0000072946 	 0.0000073011 	 1.00 
255.5000000000  	 0.0001874609 	 0.0001873092 	 0.0000072074 	 0.0000072117 	 1.00 
256.0000000000  	 0.0001851661 	 0.0001850720 	 0.0000071214 	 0.0000071234 	 1.00 
256.5000000000  	 0.0001828986 	 0.0001828623 	 0.0000070364 	 0.0000070362 	 1.00 
257.0000000000  	 0.0001806585 	 0.0001806795 	 0.0000069524 	 0.0000069500 	 1.00 
257.5000000000  	 0.0001784460 	 0.0001785225 	 0.0000068693 	 0.0000068649 	 1.00 
258.0000000000  	 0.0001762613 	 0.0001763904 	 0.0000067873 	 0.0000067809 	 1.00 
258.5000000000  	 0.0001741046 	 0.0001742826 	 0.0000067061 	 0.0000066979 	 1.00 
259.0000000000  	 0.0001719761 	 0.0001721982 	 0.0000066259 	 0.0000066161 	 1.00 
259.5000000000  	 0.0001698758 	 0.0001701366 	 0.0000065465 	 0.0000065354 	 1.00 
260.0000000000  	 0.0001678036 	 0.0001680971 	 0.0000064679 	 0.0000064558 	 1.00 
260.5000000000  	 0.0001657596 	 0.0001660792 	 0.0000063902 	 0.0000063772 	 1.00 
261.0000000000  	 0.0001637436 	 0.0001640824 	 0.0000063132 	 0.0000062997 	 1.00 
261.5000000000  	 0.0001617555 	 0.0001621063 	 0.0000062371 	 0.0000062233 	 1.00 
262.0000000000  	 0.0001597949 	 0.0001601505 	 0.0000061618 	 0.0000061480 	 1.00 
262.5000000000  	 0.0001578615 	 0.0001582149 	 0.0000060872 	 0.0000060737 	 1.00 
263.0000000000  	 0.0001559550 	 0.0001562992 	 0.0000060134 	 0.0000060005 	 1.00 
263.5000000000  	 0.0001540749 	 0.0001544034 	 0.0000059404 	 0.0000059282 	 1.00 
264.0000000000  	 0.0001522206 	 0.0001525273 	 0.0000058681 	 0.0000058570 	 1.00 
264.5000000000  	 0.0001503917 	 0.0001506711 	 0.0000057966 	 0.0000057867 	 1.00 
265.0000000000  	 0.0001485874 	 0.0001488347 	 0.0000057259 	 0.0000057173 	 1.00 
265.5000000000  	 0.0001468072 	 0.0001470182 	 0.0000056560 	 0.0000056489 	 1.00 
266.0000000000  	 0.0001450504 	 0.0001452219 	 0.0000055868 	 0.0000055813 	 1.00 
266.5000000000  	 0.0001433163 	 0.0001434458 	 0.0000055184 	 0.0000055146 	 1.00 
267.0000000000  	 0.0001416042 	 0.0001416902 	 0.0000054509 	 0.0000054488 	 1.00 
267.5000000000  	 0.0001399134 	 0.0001399553 	 0.0000053841 	 0.0000053837 	 1.00 
268.0000000000  	 0.0001382432 	 0.0001382412 	 0.0000053182 	 0.0000053195 	 1.00 
268.5000000000  	 0.0001365929 	 0.0001365480 	 0.0000052530 	 0.0000052559 	 1.00 
269.0000000000  	 0.0001349619 	 0.0001348761 	 0.0000051887 	 0.0000051932 	 1.00 
269.5000000000  	 0.0001333494 	 0.0001332255 	 0.0000051253 	 0.0000051311 	 1.00 
270.0000000000  	 0.0001317551 	 0.0001315962 	 0.0000050626 	 0.0000050697 	 1.00 
270.5000000000  	 0.0001301782 	 0.0001299885 	 0.0000050008 	 0.0000050090 	 1.00 
271.0000000000  	 0.0001286184 	 0.0001284022 	 0.0000049399 	 0.0000049489 	 1.00 
271.5000000000  	 0.0001270751 	 0.0001268374 	 0.0000048797 	 0.0000048894 	 1.00 
272.0000000000  	 0.0001255481 	 0.0001252940 	 0.0000048204 	 0.0000048306 	 1.00 
272.5000000000  	 0.0001240369 	 0.0001237719 	 0.0000047619 	 0.0000047724 	 1.00 
273.0000000000  	 0.0001225413 	 0.0001222708 	 0.0000047043 	 0.0000047148 	 1.00 
273.5000000000  	 0.0001210611 	 0.0001207906 	 0.0000046474 	 0.0000046578 	 1.00 
274.0000000000  	 0.0001195961 	 0.0001193309 	 0.0000045913 	 0.0000046013 	 1.00 
274.5000000000  	 0.0001181463 	 0.0001178915 	 0.0000045360 	 0.0000045455 	 1.00 
275.0000000000  	 0.0001167115 	 0.0001164719 	 0.0000044814 	 0.0000044902 	 1.00 
275.5000000000  	 0.0001152919 	 0.0001150718 	 0.0000044276 	 0.0000044355 	 1.00 
276.0000000000  	 0.0001138873 	 0.0001136906 	 0.0000043745 	 0.0000043814 	 1.00 
276.5000000000  	 0.0001124980 	 0.0001123280 	 0.0000043222 	 0.0000043279 	 1.00 
277.0000000000  	 0.0001111239 	 0.0001109833 	 0.0000042705 	 0.0000042750 	 1.00 
277.5000000000  	 0.0001097653 	 0.0001096561 	 0.0000042194 	 0.0000042227 	 1.00 
278.0000000000  	 0.0001084222 	 0.0001083458 	 0.0000041690 	 0.0000041710 	 1.00 
278.5000000000  	 0.0001070947 	 0.0001070520 	 0.0000041193 	 0.0000041200 	 1.00 
279.0000000000  	 0.0001057831 	 0.0001057740 	 0.0000040701 	 0.0000040695 	 1.00 
279.5000000000  	 0.0001044875 	 0.0001045113 	 0.0000040215 	 0.0000040197 	 1.00 
280.0000000000  	 0.0001032080 	 0.0001032635 	 0.0000039735 	 0.0000039705 	 1.00 
280.5000000000  	 0.0001019447 	 0.0001020300 	 0.0000039260 	 0.0000039219 	 1.00 
281.0000000000  	 0.0001006976 	 0.0001008105 	 0.0000038790 	 0.0000038739 	 1.00 
281.5000000000  	 0.0000994670 	 0.0000996044 	 0.0000038326 	 0.0000038266 	 1.00 
282.0000000000  	 0.0000982527 	 0.0000984114 	 0.0000037866 	 0.0000037800 	 1.00 
282.5000000000  	 0.0000970548 	 0.0000972311 	 0.0000037412 	 0.0000037339 	 1.00 
283.0000000000  	 0.0000958732 	 0.0000960633 	 0.0000036962 	 0.0000036885 	 1.00 
283.5000000000  	 0.0000947078 	 0.0000949076 	 0.0000036517 	 0.0000036437 	 1.00 
284.0000000000  	 0.0000935586 	 0.0000937639 	 0.0000036076 	 0.0000035996 	 1.00 
284.5000000000  	 0.0000924253 	 0.0000926319 	 0.0000035640 	 0.0000035560 	 1.00 
285.0000000000  	 0.0000913078 	 0.0000915116 	 0.0000035208 	 0.0000035131 	 1.00 
285.5000000000  	 0.0000902057 	 0.0000904029 	 0.0000034781 	 0.0000034707 	 1.00 
286.0000000000  	 0.0000891189 	 0.0000893057 	 0.0000034358 	 0.0000034290 	 1.00 
286.5000000000  	 0.0000880471 	 0.0000882199 	 0.0000033940 	 0.0000033878 	 1.00 
287.0000000000  	 0.0000869897 	 0.0000871457 	 0.0000033527 	 0.0000033471 	 1.00 
287.5000000000  	 0.0000859467 	 0.0000860831 	 0.0000033117 	 0.0000033070 	 1.00 
288.0000000000  	 0.0000849174 	 0.0000850320 	 0.0000032713 	 0.0000032675 	 1.00 
288.5000000000  	 0.0000839016 	 0.0000839927 	 0.0000032313 	 0.0000032284 	 1.00 
289.0000000000  	 0.0000828988 	 0.0000829652 	 0.0000031917 	 0.0000031898 	 1.00 
289.5000000000  	 0.0000819087 	 0.0000819496 	 0.0000031526 	 0.0000031518 	 1.00 
290.0000000000  	 0.0000809308 	 0.0000809460 	 0.0000031140 	 0.0000031141 	 1.00 
290.5000000000  	 0.0000799647 	 0.0000799546 	 0.0000030759 	 0.0000030770 	 1.00 
291.0000000000  	 0.0000790100 	 0.0000789754 	 0.0000030382 	 0.0000030402 	 1.00 
291.5000000000  	 0.0000780664 	 0.0000780085 	 0.0000030010 	 0.0000030039 	 1.00 
292.0000000000  	 0.0000771335 	 0.0000770541 	 0.0000029643 	 0.0000029680 	 1.00 
292.5000000000  	 0.0000762110 	 0.0000761121 	 0.0000029281 	 0.0000029325 	 1.00 
293.0000000000  	 0.0000752986 	 0.0000751826 	 0.0000028924 	 0.0000028973 	 1.00 
293.5000000000  	 0.0000743959 	 0.0000742655 	 0.0000028571 	 0.0000028625 	 1.00 
294.0000000000  	 0.0000735028 	 0.0000733609 	 0.0000028224 	 0.0000028281 	 1.00 
294.5000000000  	 0.0000726190 	 0.0000724688 	 0.0000027881 	 0.0000027941 	 1.00 
295.0000000000  	 0.0000717443 	 0.0000715889 	 0.0000027543 	 0.0000027604 	 1.00 
295.5000000000  	 0.0000708787 	 0.0000707212 	 0.0000027210 	 0.0000027270 	 1.00 
296.0000000000  	 0.0000700220 	 0.0000698656 	 0.0000026881 	 0.0000026940 	 1.00 
296.5000000000  	 0.0000691741 	 0.0000690219 	 0.0000026557 	 0.0000026614 	 1.00 
297.0000000000  	 0.0000683350 	 0.0000681898 	 0.0000026237 	 0.0000026291 	 1.00 
297.5000000000  	 0.0000675047 	 0.0000673692 	 0.0000025922 	 0.0000025971 	 1.00 
298.0000000000  	 0.0000666831 	 0.0000665598 	 0.0000025610 	 0.0000025654 	 1.00 
298.5000000000  	 0.0000658703 	 0.0000657614 	 0.0000025303 	 0.0000025341 	 1.00 
299.0000000000  	 0.0000650664 	 0.0000649735 	 0.0000025001 	 0.0000025032 	 1.00 
299.5000000000  	 0.0000642714 	 0.0000641960 	 0.0000024702 	 0.0000024726 	 1.00 
# end of calculation 2019_08_27_14_19_22 
# time difference 00_00_00_00_01_-35 -- in Minutes 1 in Seconds 25 
