## Date: 27.8.2019 -- Time: 17:22:43  
## Gamma_l=0.5000000000 - Gamma_m=0.0000000000 - Gamma_r=0.5000000000 
## phi_l=0.2500000000 - phi_m=0.0000000000 - phi_r=0.5000000000 
## init_000=0.00 - init_001=0.00 - init_010=0.00 - init_011=1.00 
## dt=0.500000 - t_end=600 - fb=10 - cutoff=0.000001000000 -- Nbin=2 
0.0000000000  	 1.0000000000 	 1.0000000000 	 0.0000000000 	 0.0000000000 	 1.00 
0.5000000000  	 0.7701511618 	 0.7701511618 	 0.1149244290 	 0.1149244290 	 1.00 
1.0000000000  	 0.5931328105 	 0.5931328105 	 0.0885091816 	 0.0885091816 	 1.00 
1.5000000000  	 0.4568019209 	 0.4568019209 	 0.0681654482 	 0.0681654482 	 1.00 
2.0000000000  	 0.3518065279 	 0.3518065279 	 0.0524976986 	 0.0524976986 	 1.00 
2.5000000000  	 0.2709442042 	 0.2709442042 	 0.0404311631 	 0.0404311631 	 1.00 
3.0000000000  	 0.2086679919 	 0.2086679919 	 0.0311381069 	 0.0311381069 	 1.00 
3.5000000000  	 0.1607058949 	 0.1607058949 	 0.0239810489 	 0.0239810489 	 1.00 
4.0000000000  	 0.1237678305 	 0.1237678305 	 0.0184690325 	 0.0184690325 	 1.00 
4.5000000000  	 0.0953199375 	 0.0953199375 	 0.0142239467 	 0.0142239467 	 1.00 
5.0000000000  	 0.0734107598 	 0.0734107598 	 0.0109545889 	 0.0109545889 	 1.00 
5.5000000000  	 0.0697450048 	 0.0697450054 	 0.1097229293 	 0.1097229305 	 1.00 
6.0000000000  	 0.0814257227 	 0.0814257229 	 0.0672581211 	 0.0672581215 	 1.00 
6.5000000000  	 0.0980567403 	 0.0980567404 	 0.0400023133 	 0.0400023134 	 1.00 
7.0000000000  	 0.1138205311 	 0.1138205148 	 0.0230177777 	 0.0230172489 	 1.00 
7.5000000000  	 0.1258653023 	 0.1258649362 	 0.0128137054 	 0.0128128282 	 1.00 
8.0000000000  	 0.1331692226 	 0.1331697991 	 0.0069746934 	 0.0069735783 	 1.00 
8.5000000000  	 0.1357721680 	 0.1357725723 	 0.0038593806 	 0.0038584314 	 1.00 
9.0000000000  	 0.1342661885 	 0.1342671401 	 0.0023784886 	 0.0023770571 	 1.00 
9.5000000000  	 0.1294763833 	 0.1294792848 	 0.0018252264 	 0.0018236405 	 1.00 
10.0000000000  	 0.1222698814 	 0.1222708848 	 0.0017543918 	 0.0017551601 	 1.00 
10.5000000000  	 0.1131709959 	 0.1131658572 	 0.0026253845 	 0.0026384560 	 1.00 
11.0000000000  	 0.1030572196 	 0.1030570039 	 0.0056179839 	 0.0056092889 	 1.00 
11.5000000000  	 0.0932255787 	 0.0932388018 	 0.0086167432 	 0.0085979690 	 1.00 
12.0000000000  	 0.0847677692 	 0.0847826629 	 0.0106252536 	 0.0106167234 	 1.00 
12.5000000000  	 0.0782949475 	 0.0783184271 	 0.0114638731 	 0.0114603023 	 1.00 
13.0000000000  	 0.0739737877 	 0.0740062949 	 0.0112993283 	 0.0112905491 	 1.00 
13.5000000000  	 0.0716036667 	 0.0716467383 	 0.0104237697 	 0.0104142959 	 1.00 
14.0000000000  	 0.0707988138 	 0.0708523094 	 0.0091249685 	 0.0091339145 	 1.00 
14.5000000000  	 0.0710800040 	 0.0711290210 	 0.0076551075 	 0.0076700671 	 1.00 
15.0000000000  	 0.0719281638 	 0.0719823689 	 0.0062266660 	 0.0062264800 	 1.00 
15.5000000000  	 0.0728819185 	 0.0729315480 	 0.0049369621 	 0.0049422008 	 1.00 
16.0000000000  	 0.0734541946 	 0.0735149262 	 0.0039622869 	 0.0039438324 	 1.00 
16.5000000000  	 0.0733392047 	 0.0733897420 	 0.0033163263 	 0.0033094539 	 1.00 
17.0000000000  	 0.0723797150 	 0.0724319353 	 0.0030295508 	 0.0030191086 	 1.00 
17.5000000000  	 0.0706340590 	 0.0706811373 	 0.0030159659 	 0.0030126983 	 1.00 
18.0000000000  	 0.0682609082 	 0.0683053577 	 0.0032139759 	 0.0031943479 	 1.00 
18.5000000000  	 0.0654910344 	 0.0655385934 	 0.0035117944 	 0.0034946017 	 1.00 
19.0000000000  	 0.0626013771 	 0.0626430402 	 0.0038092779 	 0.0038049799 	 1.00 
19.5000000000  	 0.0598016643 	 0.0598480377 	 0.0040602139 	 0.0040487782 	 1.00 
20.0000000000  	 0.0573006777 	 0.0573275021 	 0.0041922299 	 0.0041978778 	 1.00 
20.5000000000  	 0.0551876632 	 0.0552014964 	 0.0042084197 	 0.0042252270 	 1.00 
21.0000000000  	 0.0534921029 	 0.0535214369 	 0.0041242377 	 0.0041343458 	 1.00 
21.5000000000  	 0.0522048687 	 0.0522453426 	 0.0039423468 	 0.0039492922 	 1.00 
22.0000000000  	 0.0512406765 	 0.0512771980 	 0.0037023332 	 0.0036951012 	 1.00 
22.5000000000  	 0.0504941198 	 0.0505290654 	 0.0034235213 	 0.0034118990 	 1.00 
23.0000000000  	 0.0498597834 	 0.0498916648 	 0.0031365968 	 0.0031281281 	 1.00 
23.5000000000  	 0.0492383638 	 0.0492612157 	 0.0028708376 	 0.0028687181 	 1.00 
24.0000000000  	 0.0485475488 	 0.0485708189 	 0.0026534027 	 0.0026460541 	 1.00 
24.5000000000  	 0.0477444230 	 0.0477734132 	 0.0024878994 	 0.0024750830 	 1.00 
25.0000000000  	 0.0468244581 	 0.0468548330 	 0.0023771331 	 0.0023630139 	 1.00 
25.5000000000  	 0.0458005700 	 0.0458264140 	 0.0023078000 	 0.0022989518 	 1.00 
26.0000000000  	 0.0446909905 	 0.0447201420 	 0.0022837719 	 0.0022680003 	 1.00 
26.5000000000  	 0.0435509435 	 0.0435742484 	 0.0022778348 	 0.0022786209 	 1.00 
27.0000000000  	 0.0423973517 	 0.0424293656 	 0.0022763386 	 0.0022709751 	 1.00 
27.5000000000  	 0.0412819785 	 0.0413145882 	 0.0022813047 	 0.0022731384 	 1.00 
28.0000000000  	 0.0402312214 	 0.0402654197 	 0.0022716720 	 0.0022625447 	 1.00 
28.5000000000  	 0.0392594317 	 0.0392974137 	 0.0022436473 	 0.0022319297 	 1.00 
29.0000000000  	 0.0383731412 	 0.0384104381 	 0.0021952848 	 0.0021902450 	 1.00 
29.5000000000  	 0.0375667771 	 0.0376025760 	 0.0021265824 	 0.0021180728 	 1.00 
30.0000000000  	 0.0368283099 	 0.0368431637 	 0.0020458399 	 0.0020455104 	 1.00 
30.5000000000  	 0.0361374581 	 0.0361425738 	 0.0019558201 	 0.0019643369 	 1.00 
31.0000000000  	 0.0354855737 	 0.0354829721 	 0.0018715690 	 0.0018754505 	 1.00 
31.5000000000  	 0.0348545457 	 0.0348463114 	 0.0017907061 	 0.0017928191 	 1.00 
32.0000000000  	 0.0342270283 	 0.0342197278 	 0.0017082262 	 0.0017172983 	 1.00 
32.5000000000  	 0.0335987838 	 0.0335935537 	 0.0016514583 	 0.0016534164 	 1.00 
33.0000000000  	 0.0329650552 	 0.0329613309 	 0.0015934693 	 0.0015972782 	 1.00 
33.5000000000  	 0.0323246675 	 0.0323211247 	 0.0015535795 	 0.0015549854 	 1.00 
34.0000000000  	 0.0316790060 	 0.0316799431 	 0.0015222327 	 0.0015128898 	 1.00 
34.5000000000  	 0.0310348296 	 0.0310317510 	 0.0014943241 	 0.0015015767 	 1.00 
35.0000000000  	 0.0303983499 	 0.0303968862 	 0.0014643581 	 0.0014634245 	 1.00 
35.5000000000  	 0.0297764342 	 0.0297780887 	 0.0014391486 	 0.0014404881 	 1.00 
36.0000000000  	 0.0291746302 	 0.0291776663 	 0.0014129271 	 0.0014143988 	 1.00 
36.5000000000  	 0.0285957077 	 0.0285993923 	 0.0013834766 	 0.0013853804 	 1.00 
37.0000000000  	 0.0280412140 	 0.0280448676 	 0.0013511612 	 0.0013529701 	 1.00 
37.5000000000  	 0.0275109195 	 0.0275135780 	 0.0013162125 	 0.0013176595 	 1.00 
38.0000000000  	 0.0270035261 	 0.0270050024 	 0.0012793150 	 0.0012807789 	 1.00 
38.5000000000  	 0.0265148736 	 0.0265154020 	 0.0012427193 	 0.0012451044 	 1.00 
39.0000000000  	 0.0260420005 	 0.0260410246 	 0.0012065697 	 0.0012094299 	 1.00 
39.5000000000  	 0.0255803427 	 0.0255783792 	 0.0011718140 	 0.0011743126 	 1.00 
40.0000000000  	 0.0251267461 	 0.0251244757 	 0.0011397060 	 0.0011413391 	 1.00 
40.5000000000  	 0.0246795644 	 0.0246772241 	 0.0011098512 	 0.0011108760 	 1.00 
41.0000000000  	 0.0242378073 	 0.0242355056 	 0.0010837915 	 0.0010842665 	 1.00 
41.5000000000  	 0.0238011320 	 0.0237989775 	 0.0010601009 	 0.0010601470 	 1.00 
42.0000000000  	 0.0233700090 	 0.0233680311 	 0.0010383219 	 0.0010380955 	 1.00 
42.5000000000  	 0.0229453954 	 0.0229436442 	 0.0010178887 	 0.0010175380 	 1.00 
43.0000000000  	 0.0225286570 	 0.0225271658 	 0.0009975568 	 0.0009966756 	 1.00 
43.5000000000  	 0.0221209136 	 0.0221197100 	 0.0009781140 	 0.0009774995 	 1.00 
44.0000000000  	 0.0217231023 	 0.0217223300 	 0.0009581811 	 0.0009572114 	 1.00 
44.5000000000  	 0.0213353593 	 0.0213356365 	 0.0009382156 	 0.0009378008 	 1.00 
45.0000000000  	 0.0209585012 	 0.0209595301 	 0.0009181553 	 0.0009172050 	 1.00 
45.5000000000  	 0.0205920329 	 0.0205936633 	 0.0008982311 	 0.0008973532 	 1.00 
46.0000000000  	 0.0202353640 	 0.0202374110 	 0.0008782106 	 0.0008774550 	 1.00 
46.5000000000  	 0.0198876718 	 0.0198899458 	 0.0008583476 	 0.0008577503 	 1.00 
47.0000000000  	 0.0195480291 	 0.0195503553 	 0.0008388982 	 0.0008384753 	 1.00 
47.5000000000  	 0.0192155340 	 0.0192177683 	 0.0008200832 	 0.0008198313 	 1.00 
48.0000000000  	 0.0188894428 	 0.0188914836 	 0.0008020196 	 0.0008018922 	 1.00 
48.5000000000  	 0.0185692164 	 0.0185709807 	 0.0007847869 	 0.0007847762 	 1.00 
49.0000000000  	 0.0182545140 	 0.0182559536 	 0.0007683801 	 0.0007684425 	 1.00 
49.5000000000  	 0.0179452213 	 0.0179462575 	 0.0007527385 	 0.0007528543 	 1.00 
50.0000000000  	 0.0176413603 	 0.0176419351 	 0.0007377541 	 0.0007378943 	 1.00 
50.5000000000  	 0.0173430539 	 0.0173431283 	 0.0007233081 	 0.0007234836 	 1.00 
51.0000000000  	 0.0170504366 	 0.0170500025 	 0.0007093014 	 0.0007095013 	 1.00 
51.5000000000  	 0.0167636391 	 0.0167627187 	 0.0006956157 	 0.0006958282 	 1.00 
52.0000000000  	 0.0164827403 	 0.0164813838 	 0.0006821648 	 0.0006823778 	 1.00 
52.5000000000  	 0.0162077401 	 0.0162060188 	 0.0006688985 	 0.0006691004 	 1.00 
53.0000000000  	 0.0159385526 	 0.0159365512 	 0.0006557999 	 0.0006559814 	 1.00 
53.5000000000  	 0.0156750145 	 0.0156728228 	 0.0006428805 	 0.0006430350 	 1.00 
54.0000000000  	 0.0154169030 	 0.0154146104 	 0.0006301708 	 0.0006302947 	 1.00 
54.5000000000  	 0.0151639602 	 0.0151616521 	 0.0006177097 	 0.0006178029 	 1.00 
55.0000000000  	 0.0149159200 	 0.0149136774 	 0.0006055363 	 0.0006056015 	 1.00 
55.5000000000  	 0.0146725335 	 0.0146704309 	 0.0005936834 	 0.0005937241 	 1.00 
56.0000000000  	 0.0144335843 	 0.0144316886 	 0.0005821733 	 0.0005821920 	 1.00 
56.5000000000  	 0.0141989003 	 0.0141972684 	 0.0005710132 	 0.0005710118 	 1.00 
57.0000000000  	 0.0139683571 	 0.0139670336 	 0.0005601955 	 0.0005601758 	 1.00 
57.5000000000  	 0.0137418738 	 0.0137408897 	 0.0005497007 	 0.0005496642 	 1.00 
58.0000000000  	 0.0135194031 	 0.0135187750 	 0.0005395015 	 0.0005394497 	 1.00 
58.5000000000  	 0.0133009186 	 0.0133006482 	 0.0005295671 	 0.0005295021 	 1.00 
59.0000000000  	 0.0130864009 	 0.0130864764 	 0.0005198678 	 0.0005197920 	 1.00 
59.5000000000  	 0.0128758262 	 0.0128762237 	 0.0005103780 	 0.0005102940 	 1.00 
60.0000000000  	 0.0126691579 	 0.0126698432 	 0.0005010783 	 0.0005009888 	 1.00 
60.5000000000  	 0.0124663420 	 0.0124672728 	 0.0004919563 	 0.0004918637 	 1.00 
61.0000000000  	 0.0122673063 	 0.0122684341 	 0.0004830061 	 0.0004829128 	 1.00 
61.5000000000  	 0.0120719625 	 0.0120732349 	 0.0004742272 	 0.0004741352 	 1.00 
62.0000000000  	 0.0118802107 	 0.0118815731 	 0.0004656224 	 0.0004655337 	 1.00 
62.5000000000  	 0.0116909900 	 0.0116923878 	 0.0004571962 	 0.0004569395 	 1.00 
63.0000000000  	 0.0115043746 	 0.0115057381 	 0.0004487492 	 0.0004486626 	 1.00 
63.5000000000  	 0.0113228512 	 0.0113241600 	 0.0004407052 	 0.0004406320 	 1.00 
64.0000000000  	 0.0111445259 	 0.0111457320 	 0.0004328481 	 0.0004327885 	 1.00 
64.5000000000  	 0.0109693125 	 0.0109703770 	 0.0004251749 	 0.0004251289 	 1.00 
65.0000000000  	 0.0107971359 	 0.0107980287 	 0.0004176805 	 0.0004176478 	 1.00 
65.5000000000  	 0.0106279303 	 0.0106286303 	 0.0004103582 	 0.0004103380 	 1.00 
66.0000000000  	 0.0104616379 	 0.0104621318 	 0.0004031998 	 0.0004031917 	 1.00 
66.5000000000  	 0.0102982063 	 0.0102984877 	 0.0003961974 	 0.0003962011 	 1.00 
67.0000000000  	 0.0101375863 	 0.0101376545 	 0.0003893428 	 0.0003893587 	 1.00 
67.5000000000  	 0.0099797101 	 0.0099795910 	 0.0003826254 	 0.0003826422 	 1.00 
68.0000000000  	 0.0098245292 	 0.0098242338 	 0.0003760323 	 0.0003760578 	 1.00 
68.5000000000  	 0.0096719885 	 0.0096715340 	 0.0003695733 	 0.0003696069 	 1.00 
69.0000000000  	 0.0095220344 	 0.0095214438 	 0.0003632435 	 0.0003632837 	 1.00 
69.5000000000  	 0.0093746119 	 0.0093739124 	 0.0003570404 	 0.0003570854 	 1.00 
70.0000000000  	 0.0092296658 	 0.0092288873 	 0.0003509622 	 0.0003510100 	 1.00 
70.5000000000  	 0.0090871417 	 0.0090863152 	 0.0003450071 	 0.0003450560 	 1.00 
71.0000000000  	 0.0089469872 	 0.0089461436 	 0.0003391734 	 0.0003392216 	 1.00 
71.5000000000  	 0.0088091521 	 0.0088083215 	 0.0003334589 	 0.0003335049 	 1.00 
72.0000000000  	 0.0086735895 	 0.0086727998 	 0.0003278614 	 0.0003279036 	 1.00 
72.5000000000  	 0.0085402562 	 0.0085395314 	 0.0003223774 	 0.0003224146 	 1.00 
73.0000000000  	 0.0084091115 	 0.0084084715 	 0.0003170028 	 0.0003170343 	 1.00 
73.5000000000  	 0.0082801163 	 0.0082795773 	 0.0003117342 	 0.0003117592 	 1.00 
74.0000000000  	 0.0081532332 	 0.0081528073 	 0.0003065684 	 0.0003065866 	 1.00 
74.5000000000  	 0.0080284259 	 0.0080281211 	 0.0003015026 	 0.0003015135 	 1.00 
75.0000000000  	 0.0079056594 	 0.0079054792 	 0.0002965338 	 0.0002965374 	 1.00 
75.5000000000  	 0.0077848988 	 0.0077848423 	 0.0002916591 	 0.0002916557 	 1.00 
76.0000000000  	 0.0076661094 	 0.0076661716 	 0.0002868761 	 0.0002868661 	 1.00 
76.5000000000  	 0.0075492566 	 0.0075494289 	 0.0002821826 	 0.0002821665 	 1.00 
77.0000000000  	 0.0074343058 	 0.0074345762 	 0.0002775765 	 0.0002775552 	 1.00 
77.5000000000  	 0.0073212224 	 0.0073215763 	 0.0002730559 	 0.0002730305 	 1.00 
78.0000000000  	 0.0072099721 	 0.0072103932 	 0.0002686192 	 0.0002685905 	 1.00 
78.5000000000  	 0.0071005212 	 0.0071009916 	 0.0002642644 	 0.0002642338 	 1.00 
79.0000000000  	 0.0069928365 	 0.0069933380 	 0.0002599899 	 0.0002599584 	 1.00 
79.5000000000  	 0.0068868856 	 0.0068873999 	 0.0002557940 	 0.0002557626 	 1.00 
80.0000000000  	 0.0067826368 	 0.0067831460 	 0.0002516749 	 0.0002516447 	 1.00 
80.5000000000  	 0.0066800589 	 0.0066805465 	 0.0002476308 	 0.0002476027 	 1.00 
81.0000000000  	 0.0065791216 	 0.0065795726 	 0.0002436601 	 0.0002436350 	 1.00 
81.5000000000  	 0.0064797950 	 0.0064801964 	 0.0002397611 	 0.0002397396 	 1.00 
82.0000000000  	 0.0063820498 	 0.0063823911 	 0.0002359320 	 0.0002359147 	 1.00 
82.5000000000  	 0.0062858572 	 0.0062861303 	 0.0002321714 	 0.0002321587 	 1.00 
83.0000000000  	 0.0061911889 	 0.0061913885 	 0.0002284778 	 0.0002284698 	 1.00 
83.5000000000  	 0.0060980169 	 0.0060981403 	 0.0002248496 	 0.0002248464 	 1.00 
84.0000000000  	 0.0060063138 	 0.0060063611 	 0.0002212857 	 0.0002212871 	 1.00 
84.5000000000  	 0.0059160526 	 0.0059160264 	 0.0002177846 	 0.0002177904 	 1.00 
85.0000000000  	 0.0058272069 	 0.0058271122 	 0.0002143452 	 0.0002143549 	 1.00 
85.5000000000  	 0.0057397511 	 0.0057395946 	 0.0002109662 	 0.0002109793 	 1.00 
86.0000000000  	 0.0056536600 	 0.0056534503 	 0.0002076465 	 0.0002076624 	 1.00 
86.5000000000  	 0.0055689093 	 0.0055686562 	 0.0002043849 	 0.0002044029 	 1.00 
87.0000000000  	 0.0054854753 	 0.0054851895 	 0.0002011803 	 0.0002011996 	 1.00 
87.5000000000  	 0.0054033351 	 0.0054030279 	 0.0001980314 	 0.0001980514 	 1.00 
88.0000000000  	 0.0053224664 	 0.0053221492 	 0.0001949372 	 0.0001949572 	 1.00 
88.5000000000  	 0.0052428479 	 0.0052425316 	 0.0001918964 	 0.0001919157 	 1.00 
89.0000000000  	 0.0051644585 	 0.0051641537 	 0.0001889080 	 0.0001889260 	 1.00 
89.5000000000  	 0.0050872780 	 0.0050869941 	 0.0001859708 	 0.0001859870 	 1.00 
90.0000000000  	 0.0050112867 	 0.0050110320 	 0.0001830838 	 0.0001830977 	 1.00 
90.5000000000  	 0.0049364654 	 0.0049362467 	 0.0001802457 	 0.0001802570 	 1.00 
91.0000000000  	 0.0048627952 	 0.0048626178 	 0.0001774557 	 0.0001774642 	 1.00 
91.5000000000  	 0.0047902577 	 0.0047901254 	 0.0001747127 	 0.0001747182 	 1.00 
92.0000000000  	 0.0047188350 	 0.0047187497 	 0.0001720158 	 0.0001720182 	 1.00 
92.5000000000  	 0.0046485094 	 0.0046484714 	 0.0001693638 	 0.0001693633 	 1.00 
93.0000000000  	 0.0045792635 	 0.0045792715 	 0.0001667560 	 0.0001667528 	 1.00 
93.5000000000  	 0.0045110802 	 0.0045111314 	 0.0001641915 	 0.0001641857 	 1.00 
94.0000000000  	 0.0044439426 	 0.0044440331 	 0.0001616694 	 0.0001616614 	 1.00 
94.5000000000  	 0.0043778342 	 0.0043779588 	 0.0001591887 	 0.0001591790 	 1.00 
95.0000000000  	 0.0043127386 	 0.0043128914 	 0.0001567489 	 0.0001567377 	 1.00 
95.5000000000  	 0.0042486396 	 0.0042488139 	 0.0001543489 	 0.0001543369 	 1.00 
96.0000000000  	 0.0041855211 	 0.0041857102 	 0.0001519881 	 0.0001519756 	 1.00 
96.5000000000  	 0.0041233675 	 0.0041235641 	 0.0001496658 	 0.0001496532 	 1.00 
97.0000000000  	 0.0040621630 	 0.0040623603 	 0.0001473811 	 0.0001473689 	 1.00 
97.5000000000  	 0.0040018923 	 0.0040020837 	 0.0001451335 	 0.0001451221 	 1.00 
98.0000000000  	 0.0039425401 	 0.0039427194 	 0.0001429221 	 0.0001429118 	 1.00 
98.5000000000  	 0.0038840912 	 0.0038842533 	 0.0001407465 	 0.0001407376 	 1.00 
99.0000000000  	 0.0038265309 	 0.0038266712 	 0.0001386059 	 0.0001385986 	 1.00 
99.5000000000  	 0.0037698444 	 0.0037699595 	 0.0001364997 	 0.0001364942 	 1.00 
100.0000000000  	 0.0037140172 	 0.0037141047 	 0.0001344273 	 0.0001344237 	 1.00 
100.5000000000  	 0.0036590352 	 0.0036590936 	 0.0001323882 	 0.0001323865 	 1.00 
101.0000000000  	 0.0036048844 	 0.0036049133 	 0.0001303818 	 0.0001303819 	 1.00 
101.5000000000  	 0.0035515511 	 0.0035515511 	 0.0001284075 	 0.0001284093 	 1.00 
102.0000000000  	 0.0034990218 	 0.0034989945 	 0.0001264648 	 0.0001264682 	 1.00 
102.5000000000  	 0.0034472834 	 0.0034472311 	 0.0001245531 	 0.0001245578 	 1.00 
103.0000000000  	 0.0033963230 	 0.0033962489 	 0.0001226719 	 0.0001226778 	 1.00 
103.5000000000  	 0.0033461280 	 0.0033460356 	 0.0001208206 	 0.0001208274 	 1.00 
104.0000000000  	 0.0032966861 	 0.0032965796 	 0.0001189988 	 0.0001190063 	 1.00 
104.5000000000  	 0.0032479854 	 0.0032478689 	 0.0001172059 	 0.0001172137 	 1.00 
105.0000000000  	 0.0032000141 	 0.0031998921 	 0.0001154415 	 0.0001154493 	 1.00 
105.5000000000  	 0.0031527608 	 0.0031526377 	 0.0001137050 	 0.0001137126 	 1.00 
106.0000000000  	 0.0031062143 	 0.0031060942 	 0.0001119959 	 0.0001120031 	 1.00 
106.5000000000  	 0.0030603638 	 0.0030602505 	 0.0001103137 	 0.0001103202 	 1.00 
107.0000000000  	 0.0030151985 	 0.0030150955 	 0.0001086580 	 0.0001086637 	 1.00 
107.5000000000  	 0.0029707081 	 0.0029706181 	 0.0001070283 	 0.0001070330 	 1.00 
108.0000000000  	 0.0029268822 	 0.0029268077 	 0.0001054240 	 0.0001054277 	 1.00 
108.5000000000  	 0.0028837110 	 0.0028836534 	 0.0001038449 	 0.0001038473 	 1.00 
109.0000000000  	 0.0028411845 	 0.0028411450 	 0.0001022903 	 0.0001022916 	 1.00 
109.5000000000  	 0.0027992931 	 0.0027992719 	 0.0001007599 	 0.0001007601 	 1.00 
110.0000000000  	 0.0027580272 	 0.0027580242 	 0.0000992533 	 0.0000992523 	 1.00 
110.5000000000  	 0.0027173776 	 0.0027173918 	 0.0000977699 	 0.0000977680 	 1.00 
111.0000000000  	 0.0026773350 	 0.0026773650 	 0.0000963095 	 0.0000963067 	 1.00 
111.5000000000  	 0.0026378902 	 0.0026379342 	 0.0000948716 	 0.0000948681 	 1.00 
112.0000000000  	 0.0025990344 	 0.0025990901 	 0.0000934559 	 0.0000934517 	 1.00 
112.5000000000  	 0.0025607585 	 0.0025608235 	 0.0000920619 	 0.0000920573 	 1.00 
113.0000000000  	 0.0025230538 	 0.0025231255 	 0.0000906892 	 0.0000906844 	 1.00 
113.5000000000  	 0.0024859116 	 0.0024859872 	 0.0000893376 	 0.0000893327 	 1.00 
114.0000000000  	 0.0024493233 	 0.0024494000 	 0.0000880067 	 0.0000880019 	 1.00 
114.5000000000  	 0.0024132804 	 0.0024133557 	 0.0000866962 	 0.0000866916 	 1.00 
115.0000000000  	 0.0023777745 	 0.0023778459 	 0.0000854056 	 0.0000854015 	 1.00 
115.5000000000  	 0.0023427972 	 0.0023428626 	 0.0000841347 	 0.0000841311 	 1.00 
116.0000000000  	 0.0023083405 	 0.0023083980 	 0.0000828833 	 0.0000828802 	 1.00 
116.5000000000  	 0.0022743961 	 0.0022744443 	 0.0000816509 	 0.0000816485 	 1.00 
117.0000000000  	 0.0022409562 	 0.0022409939 	 0.0000804373 	 0.0000804356 	 1.00 
117.5000000000  	 0.0022080128 	 0.0022080393 	 0.0000792422 	 0.0000792412 	 1.00 
118.0000000000  	 0.0021755582 	 0.0021755733 	 0.0000780652 	 0.0000780650 	 1.00 
118.5000000000  	 0.0021435848 	 0.0021435886 	 0.0000769062 	 0.0000769067 	 1.00 
119.0000000000  	 0.0021120851 	 0.0021120780 	 0.0000757649 	 0.0000757660 	 1.00 
119.5000000000  	 0.0020810518 	 0.0020810347 	 0.0000746409 	 0.0000746426 	 1.00 
120.0000000000  	 0.0020504777 	 0.0020504517 	 0.0000735340 	 0.0000735361 	 1.00 
120.5000000000  	 0.0020203557 	 0.0020203221 	 0.0000724439 	 0.0000724464 	 1.00 
121.0000000000  	 0.0019906788 	 0.0019906391 	 0.0000713704 	 0.0000713732 	 1.00 
121.5000000000  	 0.0019614403 	 0.0019613962 	 0.0000703131 	 0.0000703161 	 1.00 
122.0000000000  	 0.0019326335 	 0.0019325867 	 0.0000692720 	 0.0000692750 	 1.00 
122.5000000000  	 0.0019042519 	 0.0019042041 	 0.0000682466 	 0.0000682496 	 1.00 
123.0000000000  	 0.0018762892 	 0.0018762420 	 0.0000672367 	 0.0000672395 	 1.00 
123.5000000000  	 0.0018487390 	 0.0018486940 	 0.0000662421 	 0.0000662447 	 1.00 
124.0000000000  	 0.0018215952 	 0.0018215537 	 0.0000652625 	 0.0000652648 	 1.00 
124.5000000000  	 0.0017948518 	 0.0017948151 	 0.0000642977 	 0.0000642997 	 1.00 
125.0000000000  	 0.0017685029 	 0.0017684718 	 0.0000633475 	 0.0000633491 	 1.00 
125.5000000000  	 0.0017425426 	 0.0017425180 	 0.0000624116 	 0.0000624127 	 1.00 
126.0000000000  	 0.0017169653 	 0.0017169476 	 0.0000614897 	 0.0000614904 	 1.00 
126.5000000000  	 0.0016917654 	 0.0016917548 	 0.0000605818 	 0.0000605820 	 1.00 
127.0000000000  	 0.0016669372 	 0.0016669337 	 0.0000596874 	 0.0000596872 	 1.00 
127.5000000000  	 0.0016424755 	 0.0016424788 	 0.0000588064 	 0.0000588058 	 1.00 
128.0000000000  	 0.0016183747 	 0.0016183843 	 0.0000579386 	 0.0000579376 	 1.00 
128.5000000000  	 0.0015946296 	 0.0015946449 	 0.0000570838 	 0.0000570825 	 1.00 
129.0000000000  	 0.0015712350 	 0.0015712552 	 0.0000562418 	 0.0000562403 	 1.00 
129.5000000000  	 0.0015481856 	 0.0015482098 	 0.0000554123 	 0.0000554106 	 1.00 
130.0000000000  	 0.0015254764 	 0.0015255035 	 0.0000545953 	 0.0000545934 	 1.00 
130.5000000000  	 0.0015031024 	 0.0015031313 	 0.0000537904 	 0.0000537885 	 1.00 
131.0000000000  	 0.0014810584 	 0.0014810882 	 0.0000529975 	 0.0000529956 	 1.00 
131.5000000000  	 0.0014593397 	 0.0014593692 	 0.0000522164 	 0.0000522146 	 1.00 
132.0000000000  	 0.0014379414 	 0.0014379697 	 0.0000514469 	 0.0000514452 	 1.00 
132.5000000000  	 0.0014168585 	 0.0014168848 	 0.0000506889 	 0.0000506874 	 1.00 
133.0000000000  	 0.0013960864 	 0.0013961099 	 0.0000499421 	 0.0000499409 	 1.00 
133.5000000000  	 0.0013756205 	 0.0013756404 	 0.0000492065 	 0.0000492055 	 1.00 
134.0000000000  	 0.0013554559 	 0.0013554720 	 0.0000484818 	 0.0000484811 	 1.00 
134.5000000000  	 0.0013355883 	 0.0013356001 	 0.0000477679 	 0.0000477675 	 1.00 
135.0000000000  	 0.0013160132 	 0.0013160205 	 0.0000470646 	 0.0000470645 	 1.00 
135.5000000000  	 0.0012967260 	 0.0012967289 	 0.0000463718 	 0.0000463719 	 1.00 
136.0000000000  	 0.0012777225 	 0.0012777211 	 0.0000456893 	 0.0000456897 	 1.00 
136.5000000000  	 0.0012589983 	 0.0012589929 	 0.0000450170 	 0.0000450176 	 1.00 
137.0000000000  	 0.0012405493 	 0.0012405403 	 0.0000443546 	 0.0000443554 	 1.00 
137.5000000000  	 0.0012223713 	 0.0012223592 	 0.0000437022 	 0.0000437031 	 1.00 
138.0000000000  	 0.0012044603 	 0.0012044457 	 0.0000430594 	 0.0000430604 	 1.00 
138.5000000000  	 0.0011868123 	 0.0011867957 	 0.0000424262 	 0.0000424273 	 1.00 
139.0000000000  	 0.0011694233 	 0.0011694055 	 0.0000418024 	 0.0000418035 	 1.00 
139.5000000000  	 0.0011522896 	 0.0011522711 	 0.0000411878 	 0.0000411890 	 1.00 
140.0000000000  	 0.0011354073 	 0.0011353888 	 0.0000405824 	 0.0000405835 	 1.00 
140.5000000000  	 0.0011187727 	 0.0011187549 	 0.0000399860 	 0.0000399870 	 1.00 
141.0000000000  	 0.0011023822 	 0.0011023656 	 0.0000393984 	 0.0000393994 	 1.00 
141.5000000000  	 0.0010862322 	 0.0010862172 	 0.0000388196 	 0.0000388204 	 1.00 
142.0000000000  	 0.0010703191 	 0.0010703063 	 0.0000382493 	 0.0000382500 	 1.00 
142.5000000000  	 0.0010546396 	 0.0010546292 	 0.0000376875 	 0.0000376880 	 1.00 
143.0000000000  	 0.0010391902 	 0.0010391824 	 0.0000371340 	 0.0000371343 	 1.00 
143.5000000000  	 0.0010239676 	 0.0010239626 	 0.0000365887 	 0.0000365888 	 1.00 
144.0000000000  	 0.0010089684 	 0.0010089661 	 0.0000360514 	 0.0000360514 	 1.00 
144.5000000000  	 0.0009941895 	 0.0009941899 	 0.0000355221 	 0.0000355219 	 1.00 
145.0000000000  	 0.0009796275 	 0.0009796304 	 0.0000350007 	 0.0000350003 	 1.00 
145.5000000000  	 0.0009652793 	 0.0009652846 	 0.0000344869 	 0.0000344864 	 1.00 
146.0000000000  	 0.0009511419 	 0.0009511491 	 0.0000339806 	 0.0000339801 	 1.00 
146.5000000000  	 0.0009372120 	 0.0009372209 	 0.0000334819 	 0.0000334813 	 1.00 
147.0000000000  	 0.0009234868 	 0.0009234970 	 0.0000329905 	 0.0000329898 	 1.00 
147.5000000000  	 0.0009099631 	 0.0009099742 	 0.0000325064 	 0.0000325056 	 1.00 
148.0000000000  	 0.0008966381 	 0.0008966496 	 0.0000320293 	 0.0000320286 	 1.00 
148.5000000000  	 0.0008835087 	 0.0008835202 	 0.0000315593 	 0.0000315586 	 1.00 
149.0000000000  	 0.0008705721 	 0.0008705833 	 0.0000310963 	 0.0000310956 	 1.00 
149.5000000000  	 0.0008573355 	 0.0008573459 	 0.0000306400 	 0.0000305884 	 1.00 
150.0000000000  	 0.0008447956 	 0.0008447941 	 0.0000301345 	 0.0000301448 	 1.00 
150.5000000000  	 0.0008324416 	 0.0008324344 	 0.0000296940 	 0.0000297035 	 1.00 
151.0000000000  	 0.0008202655 	 0.0008202581 	 0.0000292602 	 0.0000292685 	 1.00 
151.5000000000  	 0.0008082652 	 0.0008082623 	 0.0000288328 	 0.0000288398 	 1.00 
152.0000000000  	 0.0007964386 	 0.0007964437 	 0.0000284117 	 0.0000284173 	 1.00 
152.5000000000  	 0.0007847835 	 0.0007847995 	 0.0000279968 	 0.0000280009 	 1.00 
153.0000000000  	 0.0007732980 	 0.0007733264 	 0.0000275880 	 0.0000275906 	 1.00 
153.5000000000  	 0.0007619799 	 0.0007620217 	 0.0000271852 	 0.0000271863 	 1.00 
154.0000000000  	 0.0007508273 	 0.0007508824 	 0.0000267882 	 0.0000267879 	 1.00 
154.5000000000  	 0.0007398464 	 0.0007399036 	 0.0000263986 	 0.0000263952 	 1.00 
155.0000000000  	 0.0007290254 	 0.0007290790 	 0.0000260121 	 0.0000260078 	 1.00 
155.5000000000  	 0.0007183619 	 0.0007184135 	 0.0000256317 	 0.0000256274 	 1.00 
156.0000000000  	 0.0007078541 	 0.0007079044 	 0.0000252569 	 0.0000252525 	 1.00 
156.5000000000  	 0.0006975001 	 0.0006975490 	 0.0000248875 	 0.0000248831 	 1.00 
157.0000000000  	 0.0006872979 	 0.0006873449 	 0.0000245236 	 0.0000245191 	 1.00 
157.5000000000  	 0.0006772455 	 0.0006772895 	 0.0000241649 	 0.0000241605 	 1.00 
158.0000000000  	 0.0006673407 	 0.0006673806 	 0.0000238114 	 0.0000238071 	 1.00 
158.5000000000  	 0.0006575816 	 0.0006576160 	 0.0000234630 	 0.0000234590 	 1.00 
159.0000000000  	 0.0006479659 	 0.0006479936 	 0.0000231196 	 0.0000231160 	 1.00 
159.5000000000  	 0.0006384915 	 0.0006385115 	 0.0000227812 	 0.0000227783 	 1.00 
160.0000000000  	 0.0006291559 	 0.0006291683 	 0.0000224475 	 0.0000224457 	 1.00 
160.5000000000  	 0.0006199567 	 0.0006199618 	 0.0000221186 	 0.0000221178 	 1.00 
161.0000000000  	 0.0006108919 	 0.0006108901 	 0.0000217946 	 0.0000217946 	 1.00 
161.5000000000  	 0.0006019595 	 0.0006019512 	 0.0000214755 	 0.0000214762 	 1.00 
162.0000000000  	 0.0005931575 	 0.0005931432 	 0.0000211610 	 0.0000211623 	 1.00 
162.5000000000  	 0.0005844840 	 0.0005844643 	 0.0000208513 	 0.0000208530 	 1.00 
163.0000000000  	 0.0005759370 	 0.0005759126 	 0.0000205461 	 0.0000205481 	 1.00 
163.5000000000  	 0.0005675147 	 0.0005674865 	 0.0000202453 	 0.0000202477 	 1.00 
164.0000000000  	 0.0005592150 	 0.0005591840 	 0.0000199491 	 0.0000199517 	 1.00 
164.5000000000  	 0.0005510362 	 0.0005510035 	 0.0000196572 	 0.0000196600 	 1.00 
165.0000000000  	 0.0005429765 	 0.0005429432 	 0.0000193696 	 0.0000193724 	 1.00 
165.5000000000  	 0.0005350341 	 0.0005350013 	 0.0000190864 	 0.0000190890 	 1.00 
166.0000000000  	 0.0005272074 	 0.0005271762 	 0.0000188073 	 0.0000188097 	 1.00 
166.5000000000  	 0.0005194948 	 0.0005194660 	 0.0000185323 	 0.0000185344 	 1.00 
167.0000000000  	 0.0005118945 	 0.0005118690 	 0.0000182614 	 0.0000182632 	 1.00 
167.5000000000  	 0.0005044051 	 0.0005043835 	 0.0000179945 	 0.0000179958 	 1.00 
168.0000000000  	 0.0004970249 	 0.0004970078 	 0.0000177315 	 0.0000177324 	 1.00 
168.5000000000  	 0.0004897525 	 0.0004897402 	 0.0000174723 	 0.0000174728 	 1.00 
169.0000000000  	 0.0004825863 	 0.0004825790 	 0.0000172169 	 0.0000172171 	 1.00 
169.5000000000  	 0.0004755249 	 0.0004755226 	 0.0000169652 	 0.0000169650 	 1.00 
170.0000000000  	 0.0004685668 	 0.0004685694 	 0.0000167173 	 0.0000167167 	 1.00 
170.5000000000  	 0.0004617106 	 0.0004617177 	 0.0000164729 	 0.0000164720 	 1.00 
171.0000000000  	 0.0004549549 	 0.0004549661 	 0.0000162321 	 0.0000162309 	 1.00 
171.5000000000  	 0.0004482983 	 0.0004483130 	 0.0000159947 	 0.0000159934 	 1.00 
172.0000000000  	 0.0004417393 	 0.0004417569 	 0.0000157609 	 0.0000157594 	 1.00 
172.5000000000  	 0.0004352766 	 0.0004352964 	 0.0000155304 	 0.0000155288 	 1.00 
173.0000000000  	 0.0004289088 	 0.0004289300 	 0.0000153032 	 0.0000153017 	 1.00 
173.5000000000  	 0.0004226345 	 0.0004226563 	 0.0000150794 	 0.0000150779 	 1.00 
174.0000000000  	 0.0004164524 	 0.0004164741 	 0.0000148588 	 0.0000148573 	 1.00 
174.5000000000  	 0.0004103611 	 0.0004103819 	 0.0000146414 	 0.0000146401 	 1.00 
175.0000000000  	 0.0004043592 	 0.0004043785 	 0.0000144271 	 0.0000144260 	 1.00 
175.5000000000  	 0.0003984453 	 0.0003984626 	 0.0000142160 	 0.0000142151 	 1.00 
176.0000000000  	 0.0003926183 	 0.0003926330 	 0.0000140080 	 0.0000140072 	 1.00 
176.5000000000  	 0.0003868767 	 0.0003868885 	 0.0000138030 	 0.0000138024 	 1.00 
177.0000000000  	 0.0003812192 	 0.0003812279 	 0.0000136010 	 0.0000136007 	 1.00 
177.5000000000  	 0.0003756445 	 0.0003756499 	 0.0000134019 	 0.0000134018 	 1.00 
178.0000000000  	 0.0003701514 	 0.0003701536 	 0.0000132058 	 0.0000132059 	 1.00 
178.5000000000  	 0.0003647387 	 0.0003647376 	 0.0000130125 	 0.0000130128 	 1.00 
179.0000000000  	 0.0003594050 	 0.0003594010 	 0.0000128221 	 0.0000128226 	 1.00 
179.5000000000  	 0.0003541492 	 0.0003541425 	 0.0000126345 	 0.0000126351 	 1.00 
180.0000000000  	 0.0003489702 	 0.0003489611 	 0.0000124496 	 0.0000124503 	 1.00 
180.5000000000  	 0.0003438667 	 0.0003438557 	 0.0000122674 	 0.0000122683 	 1.00 
181.0000000000  	 0.0003388376 	 0.0003388252 	 0.0000120880 	 0.0000120888 	 1.00 
181.5000000000  	 0.0003338819 	 0.0003338685 	 0.0000119111 	 0.0000119120 	 1.00 
182.0000000000  	 0.0003289984 	 0.0003289846 	 0.0000117369 	 0.0000117378 	 1.00 
182.5000000000  	 0.0003241861 	 0.0003241723 	 0.0000115652 	 0.0000115661 	 1.00 
183.0000000000  	 0.0003194440 	 0.0003194307 	 0.0000113961 	 0.0000113969 	 1.00 
183.5000000000  	 0.0003147710 	 0.0003147586 	 0.0000112294 	 0.0000112301 	 1.00 
184.0000000000  	 0.0003101662 	 0.0003101550 	 0.0000110652 	 0.0000110658 	 1.00 
184.5000000000  	 0.0003056286 	 0.0003056190 	 0.0000109034 	 0.0000109039 	 1.00 
185.0000000000  	 0.0003011572 	 0.0003011494 	 0.0000107440 	 0.0000107443 	 1.00 
185.5000000000  	 0.0002967511 	 0.0002967454 	 0.0000105869 	 0.0000105871 	 1.00 
186.0000000000  	 0.0002924095 	 0.0002924057 	 0.0000104321 	 0.0000104322 	 1.00 
186.5000000000  	 0.0002881313 	 0.0002881296 	 0.0000102796 	 0.0000102795 	 1.00 
187.0000000000  	 0.0002839157 	 0.0002839161 	 0.0000101293 	 0.0000101291 	 1.00 
187.5000000000  	 0.0002797618 	 0.0002797641 	 0.0000099812 	 0.0000099809 	 1.00 
188.0000000000  	 0.0002756687 	 0.0002756727 	 0.0000098352 	 0.0000098349 	 1.00 
188.5000000000  	 0.0002716356 	 0.0002716412 	 0.0000096914 	 0.0000096910 	 1.00 
189.0000000000  	 0.0002676617 	 0.0002676684 	 0.0000095497 	 0.0000095492 	 1.00 
189.5000000000  	 0.0002637460 	 0.0002637537 	 0.0000094100 	 0.0000094095 	 1.00 
190.0000000000  	 0.0002598877 	 0.0002598960 	 0.0000092724 	 0.0000092718 	 1.00 
190.5000000000  	 0.0002560860 	 0.0002560946 	 0.0000091367 	 0.0000091362 	 1.00 
191.0000000000  	 0.0002523400 	 0.0002523487 	 0.0000090031 	 0.0000090026 	 1.00 
191.5000000000  	 0.0002486490 	 0.0002486575 	 0.0000088714 	 0.0000088709 	 1.00 
192.0000000000  	 0.0002450122 	 0.0002450201 	 0.0000087416 	 0.0000087412 	 1.00 
192.5000000000  	 0.0002414286 	 0.0002414357 	 0.0000086137 	 0.0000086133 	 1.00 
193.0000000000  	 0.0002378976 	 0.0002379037 	 0.0000084877 	 0.0000084874 	 1.00 
193.5000000000  	 0.0002344183 	 0.0002344233 	 0.0000083635 	 0.0000083633 	 1.00 
194.0000000000  	 0.0002309899 	 0.0002309937 	 0.0000082411 	 0.0000082410 	 1.00 
194.5000000000  	 0.0002276118 	 0.0002276143 	 0.0000081205 	 0.0000081205 	 1.00 
195.0000000000  	 0.0002242831 	 0.0002242843 	 0.0000080017 	 0.0000080017 	 1.00 
195.5000000000  	 0.0002210030 	 0.0002210030 	 0.0000078846 	 0.0000078847 	 1.00 
196.0000000000  	 0.0002177709 	 0.0002177697 	 0.0000077693 	 0.0000077694 	 1.00 
196.5000000000  	 0.0002145861 	 0.0002145837 	 0.0000076556 	 0.0000076558 	 1.00 
197.0000000000  	 0.0002114477 	 0.0002114444 	 0.0000075436 	 0.0000075438 	 1.00 
197.5000000000  	 0.0002083552 	 0.0002083511 	 0.0000074332 	 0.0000074335 	 1.00 
198.0000000000  	 0.0002053079 	 0.0002053032 	 0.0000073245 	 0.0000073248 	 1.00 
198.5000000000  	 0.0002023050 	 0.0002022999 	 0.0000072173 	 0.0000072177 	 1.00 
199.0000000000  	 0.0001993460 	 0.0001993406 	 0.0000071117 	 0.0000071121 	 1.00 
199.5000000000  	 0.0001964301 	 0.0001964247 	 0.0000070077 	 0.0000070081 	 1.00 
200.0000000000  	 0.0001935569 	 0.0001935516 	 0.0000069052 	 0.0000069055 	 1.00 
200.5000000000  	 0.0001907255 	 0.0001907205 	 0.0000068042 	 0.0000068045 	 1.00 
201.0000000000  	 0.0001879355 	 0.0001879310 	 0.0000067047 	 0.0000067050 	 1.00 
201.5000000000  	 0.0001851862 	 0.0001851823 	 0.0000066067 	 0.0000066069 	 1.00 
202.0000000000  	 0.0001824771 	 0.0001824739 	 0.0000065101 	 0.0000065102 	 1.00 
202.5000000000  	 0.0001798076 	 0.0001798051 	 0.0000064149 	 0.0000064150 	 1.00 
203.0000000000  	 0.0001771771 	 0.0001771755 	 0.0000063210 	 0.0000063211 	 1.00 
203.5000000000  	 0.0001745851 	 0.0001745842 	 0.0000062286 	 0.0000062286 	 1.00 
204.0000000000  	 0.0001720310 	 0.0001720309 	 0.0000061375 	 0.0000061375 	 1.00 
204.5000000000  	 0.0001695143 	 0.0001695149 	 0.0000060478 	 0.0000060477 	 1.00 
205.0000000000  	 0.0001670344 	 0.0001670357 	 0.0000059593 	 0.0000059592 	 1.00 
205.5000000000  	 0.0001645908 	 0.0001645928 	 0.0000058722 	 0.0000058720 	 1.00 
206.0000000000  	 0.0001621830 	 0.0001621855 	 0.0000057863 	 0.0000057861 	 1.00 
206.5000000000  	 0.0001598105 	 0.0001598133 	 0.0000057017 	 0.0000057015 	 1.00 
207.0000000000  	 0.0001574727 	 0.0001574759 	 0.0000056183 	 0.0000056181 	 1.00 
207.5000000000  	 0.0001551692 	 0.0001551725 	 0.0000055361 	 0.0000055359 	 1.00 
208.0000000000  	 0.0001528994 	 0.0001529028 	 0.0000054551 	 0.0000054549 	 1.00 
208.5000000000  	 0.0001506629 	 0.0001506662 	 0.0000053753 	 0.0000053751 	 1.00 
209.0000000000  	 0.0001484592 	 0.0001484623 	 0.0000052967 	 0.0000052965 	 1.00 
209.5000000000  	 0.0001462877 	 0.0001462906 	 0.0000052192 	 0.0000052190 	 1.00 
210.0000000000  	 0.0001441481 	 0.0001441506 	 0.0000051428 	 0.0000051427 	 1.00 
210.5000000000  	 0.0001420398 	 0.0001420418 	 0.0000050676 	 0.0000050675 	 1.00 
211.0000000000  	 0.0001399623 	 0.0001399639 	 0.0000049935 	 0.0000049934 	 1.00 
211.5000000000  	 0.0001379153 	 0.0001379164 	 0.0000049204 	 0.0000049204 	 1.00 
212.0000000000  	 0.0001358982 	 0.0001358988 	 0.0000048484 	 0.0000048484 	 1.00 
212.5000000000  	 0.0001339106 	 0.0001339107 	 0.0000047775 	 0.0000047775 	 1.00 
213.0000000000  	 0.0001319521 	 0.0001319517 	 0.0000047076 	 0.0000047076 	 1.00 
213.5000000000  	 0.0001300222 	 0.0001300214 	 0.0000046387 	 0.0000046388 	 1.00 
214.0000000000  	 0.0001281205 	 0.0001281193 	 0.0000045709 	 0.0000045709 	 1.00 
214.5000000000  	 0.0001262466 	 0.0001262451 	 0.0000045040 	 0.0000045041 	 1.00 
215.0000000000  	 0.0001244001 	 0.0001243983 	 0.0000044381 	 0.0000044382 	 1.00 
215.5000000000  	 0.0001225805 	 0.0001225786 	 0.0000043732 	 0.0000043733 	 1.00 
216.0000000000  	 0.0001207876 	 0.0001207855 	 0.0000043092 	 0.0000043093 	 1.00 
216.5000000000  	 0.0001190208 	 0.0001190187 	 0.0000042462 	 0.0000042463 	 1.00 
217.0000000000  	 0.0001172799 	 0.0001172778 	 0.0000041841 	 0.0000041842 	 1.00 
217.5000000000  	 0.0001155643 	 0.0001155624 	 0.0000041229 	 0.0000041230 	 1.00 
218.0000000000  	 0.0001138739 	 0.0001138720 	 0.0000040626 	 0.0000040627 	 1.00 
218.5000000000  	 0.0001122081 	 0.0001122065 	 0.0000040031 	 0.0000040032 	 1.00 
219.0000000000  	 0.0001105667 	 0.0001105653 	 0.0000039446 	 0.0000039447 	 1.00 
219.5000000000  	 0.0001089492 	 0.0001089482 	 0.0000038869 	 0.0000038870 	 1.00 
220.0000000000  	 0.0001073555 	 0.0001073547 	 0.0000038301 	 0.0000038301 	 1.00 
220.5000000000  	 0.0001057850 	 0.0001057845 	 0.0000037741 	 0.0000037741 	 1.00 
221.0000000000  	 0.0001042375 	 0.0001042373 	 0.0000037189 	 0.0000037188 	 1.00 
221.5000000000  	 0.0001027126 	 0.0001027128 	 0.0000036645 	 0.0000036644 	 1.00 
222.0000000000  	 0.0001012100 	 0.0001012105 	 0.0000036109 	 0.0000036108 	 1.00 
222.5000000000  	 0.0000997295 	 0.0000997302 	 0.0000035581 	 0.0000035580 	 1.00 
223.0000000000  	 0.0000982706 	 0.0000982715 	 0.0000035060 	 0.0000035060 	 1.00 
223.5000000000  	 0.0000968331 	 0.0000968341 	 0.0000034547 	 0.0000034547 	 1.00 
224.0000000000  	 0.0000954166 	 0.0000954178 	 0.0000034042 	 0.0000034041 	 1.00 
224.5000000000  	 0.0000940208 	 0.0000940221 	 0.0000033544 	 0.0000033543 	 1.00 
225.0000000000  	 0.0000926455 	 0.0000926468 	 0.0000033054 	 0.0000033053 	 1.00 
225.5000000000  	 0.0000912904 	 0.0000912917 	 0.0000032570 	 0.0000032569 	 1.00 
226.0000000000  	 0.0000899551 	 0.0000899563 	 0.0000032094 	 0.0000032093 	 1.00 
226.5000000000  	 0.0000886393 	 0.0000886404 	 0.0000031624 	 0.0000031623 	 1.00 
227.0000000000  	 0.0000873428 	 0.0000873438 	 0.0000031162 	 0.0000031161 	 1.00 
227.5000000000  	 0.0000860653 	 0.0000860661 	 0.0000030706 	 0.0000030705 	 1.00 
228.0000000000  	 0.0000848064 	 0.0000848071 	 0.0000030256 	 0.0000030256 	 1.00 
228.5000000000  	 0.0000835660 	 0.0000835665 	 0.0000029814 	 0.0000029814 	 1.00 
229.0000000000  	 0.0000823438 	 0.0000823441 	 0.0000029378 	 0.0000029378 	 1.00 
229.5000000000  	 0.0000811394 	 0.0000811395 	 0.0000028948 	 0.0000028948 	 1.00 
230.0000000000  	 0.0000799526 	 0.0000799526 	 0.0000028524 	 0.0000028525 	 1.00 
230.5000000000  	 0.0000787832 	 0.0000787830 	 0.0000028107 	 0.0000028107 	 1.00 
231.0000000000  	 0.0000776309 	 0.0000776305 	 0.0000027696 	 0.0000027696 	 1.00 
231.5000000000  	 0.0000764954 	 0.0000764949 	 0.0000027291 	 0.0000027291 	 1.00 
232.0000000000  	 0.0000753766 	 0.0000753759 	 0.0000026892 	 0.0000026892 	 1.00 
232.5000000000  	 0.0000742741 	 0.0000742733 	 0.0000026498 	 0.0000026499 	 1.00 
233.0000000000  	 0.0000731877 	 0.0000731869 	 0.0000026111 	 0.0000026111 	 1.00 
233.5000000000  	 0.0000721171 	 0.0000721163 	 0.0000025729 	 0.0000025729 	 1.00 
234.0000000000  	 0.0000710623 	 0.0000710615 	 0.0000025352 	 0.0000025353 	 1.00 
234.5000000000  	 0.0000700228 	 0.0000700220 	 0.0000024981 	 0.0000024982 	 1.00 
235.0000000000  	 0.0000689985 	 0.0000689978 	 0.0000024616 	 0.0000024617 	 1.00 
235.5000000000  	 0.0000679892 	 0.0000679886 	 0.0000024256 	 0.0000024256 	 1.00 
236.0000000000  	 0.0000669947 	 0.0000669941 	 0.0000023901 	 0.0000023902 	 1.00 
236.5000000000  	 0.0000660147 	 0.0000660142 	 0.0000023552 	 0.0000023552 	 1.00 
237.0000000000  	 0.0000650490 	 0.0000650487 	 0.0000023207 	 0.0000023207 	 1.00 
237.5000000000  	 0.0000640975 	 0.0000640972 	 0.0000022868 	 0.0000022868 	 1.00 
238.0000000000  	 0.0000631598 	 0.0000631597 	 0.0000022533 	 0.0000022533 	 1.00 
238.5000000000  	 0.0000622359 	 0.0000622359 	 0.0000022204 	 0.0000022204 	 1.00 
239.0000000000  	 0.0000613255 	 0.0000613256 	 0.0000021879 	 0.0000021879 	 1.00 
239.5000000000  	 0.0000604284 	 0.0000604286 	 0.0000021559 	 0.0000021559 	 1.00 
240.0000000000  	 0.0000595445 	 0.0000595448 	 0.0000021244 	 0.0000021243 	 1.00 
240.5000000000  	 0.0000586734 	 0.0000586738 	 0.0000020933 	 0.0000020933 	 1.00 
241.0000000000  	 0.0000578152 	 0.0000578156 	 0.0000020627 	 0.0000020627 	 1.00 
241.5000000000  	 0.0000569695 	 0.0000569700 	 0.0000020325 	 0.0000020325 	 1.00 
242.0000000000  	 0.0000561361 	 0.0000561366 	 0.0000020028 	 0.0000020027 	 1.00 
242.5000000000  	 0.0000553150 	 0.0000553155 	 0.0000019735 	 0.0000019735 	 1.00 
243.0000000000  	 0.0000545059 	 0.0000545064 	 0.0000019446 	 0.0000019446 	 1.00 
243.5000000000  	 0.0000537086 	 0.0000537091 	 0.0000019162 	 0.0000019161 	 1.00 
244.0000000000  	 0.0000529230 	 0.0000529235 	 0.0000018881 	 0.0000018881 	 1.00 
244.5000000000  	 0.0000521489 	 0.0000521493 	 0.0000018605 	 0.0000018605 	 1.00 
245.0000000000  	 0.0000513862 	 0.0000513865 	 0.0000018333 	 0.0000018333 	 1.00 
245.5000000000  	 0.0000506346 	 0.0000506348 	 0.0000018065 	 0.0000018065 	 1.00 
246.0000000000  	 0.0000498939 	 0.0000498941 	 0.0000017801 	 0.0000017801 	 1.00 
246.5000000000  	 0.0000491642 	 0.0000491642 	 0.0000017540 	 0.0000017540 	 1.00 
247.0000000000  	 0.0000484451 	 0.0000484451 	 0.0000017284 	 0.0000017284 	 1.00 
247.5000000000  	 0.0000477365 	 0.0000477364 	 0.0000017031 	 0.0000017031 	 1.00 
248.0000000000  	 0.0000470382 	 0.0000470381 	 0.0000016782 	 0.0000016782 	 1.00 
248.5000000000  	 0.0000463502 	 0.0000463500 	 0.0000016536 	 0.0000016536 	 1.00 
249.0000000000  	 0.0000456723 	 0.0000456720 	 0.0000016294 	 0.0000016294 	 1.00 
249.5000000000  	 0.0000450042 	 0.0000450040 	 0.0000016056 	 0.0000016056 	 1.00 
250.0000000000  	 0.0000443460 	 0.0000443457 	 0.0000015821 	 0.0000015821 	 1.00 
250.5000000000  	 0.0000436973 	 0.0000436970 	 0.0000015590 	 0.0000015590 	 1.00 
251.0000000000  	 0.0000430581 	 0.0000430578 	 0.0000015362 	 0.0000015362 	 1.00 
251.5000000000  	 0.0000424283 	 0.0000424280 	 0.0000015137 	 0.0000015137 	 1.00 
252.0000000000  	 0.0000418077 	 0.0000418074 	 0.0000014915 	 0.0000014916 	 1.00 
252.5000000000  	 0.0000411961 	 0.0000411959 	 0.0000014697 	 0.0000014697 	 1.00 
253.0000000000  	 0.0000405935 	 0.0000405933 	 0.0000014482 	 0.0000014482 	 1.00 
253.5000000000  	 0.0000399997 	 0.0000399995 	 0.0000014271 	 0.0000014271 	 1.00 
254.0000000000  	 0.0000394146 	 0.0000394145 	 0.0000014062 	 0.0000014062 	 1.00 
254.5000000000  	 0.0000388381 	 0.0000388380 	 0.0000013856 	 0.0000013856 	 1.00 
255.0000000000  	 0.0000382699 	 0.0000382699 	 0.0000013653 	 0.0000013653 	 1.00 
255.5000000000  	 0.0000377101 	 0.0000377101 	 0.0000013454 	 0.0000013454 	 1.00 
256.0000000000  	 0.0000371585 	 0.0000371585 	 0.0000013257 	 0.0000013257 	 1.00 
256.5000000000  	 0.0000366150 	 0.0000366150 	 0.0000013063 	 0.0000013063 	 1.00 
257.0000000000  	 0.0000360794 	 0.0000360795 	 0.0000012872 	 0.0000012872 	 1.00 
257.5000000000  	 0.0000355516 	 0.0000355517 	 0.0000012684 	 0.0000012684 	 1.00 
258.0000000000  	 0.0000350316 	 0.0000350317 	 0.0000012498 	 0.0000012498 	 1.00 
258.5000000000  	 0.0000345191 	 0.0000345193 	 0.0000012315 	 0.0000012315 	 1.00 
259.0000000000  	 0.0000340142 	 0.0000340144 	 0.0000012135 	 0.0000012135 	 1.00 
259.5000000000  	 0.0000335167 	 0.0000335169 	 0.0000011958 	 0.0000011958 	 1.00 
260.0000000000  	 0.0000330264 	 0.0000330266 	 0.0000011783 	 0.0000011783 	 1.00 
260.5000000000  	 0.0000325433 	 0.0000325435 	 0.0000011610 	 0.0000011610 	 1.00 
261.0000000000  	 0.0000320673 	 0.0000320675 	 0.0000011441 	 0.0000011441 	 1.00 
261.5000000000  	 0.0000315982 	 0.0000315984 	 0.0000011273 	 0.0000011273 	 1.00 
262.0000000000  	 0.0000311361 	 0.0000311362 	 0.0000011108 	 0.0000011108 	 1.00 
262.5000000000  	 0.0000306806 	 0.0000306807 	 0.0000010946 	 0.0000010946 	 1.00 
263.0000000000  	 0.0000302319 	 0.0000302319 	 0.0000010786 	 0.0000010786 	 1.00 
263.5000000000  	 0.0000297897 	 0.0000297897 	 0.0000010628 	 0.0000010628 	 1.00 
264.0000000000  	 0.0000293539 	 0.0000293539 	 0.0000010473 	 0.0000010473 	 1.00 
264.5000000000  	 0.0000289246 	 0.0000289246 	 0.0000010319 	 0.0000010319 	 1.00 
265.0000000000  	 0.0000285015 	 0.0000285015 	 0.0000010168 	 0.0000010168 	 1.00 
265.5000000000  	 0.0000280846 	 0.0000280845 	 0.0000010020 	 0.0000010020 	 1.00 
266.0000000000  	 0.0000276738 	 0.0000276737 	 0.0000009873 	 0.0000009873 	 1.00 
266.5000000000  	 0.0000272690 	 0.0000272689 	 0.0000009729 	 0.0000009729 	 1.00 
267.0000000000  	 0.0000268702 	 0.0000268701 	 0.0000009586 	 0.0000009586 	 1.00 
267.5000000000  	 0.0000264771 	 0.0000264770 	 0.0000009446 	 0.0000009446 	 1.00 
268.0000000000  	 0.0000260898 	 0.0000260897 	 0.0000009308 	 0.0000009308 	 1.00 
268.5000000000  	 0.0000257082 	 0.0000257081 	 0.0000009172 	 0.0000009172 	 1.00 
269.0000000000  	 0.0000253322 	 0.0000253321 	 0.0000009038 	 0.0000009038 	 1.00 
269.5000000000  	 0.0000249616 	 0.0000249615 	 0.0000008905 	 0.0000008906 	 1.00 
270.0000000000  	 0.0000245965 	 0.0000245964 	 0.0000008775 	 0.0000008775 	 1.00 
270.5000000000  	 0.0000242367 	 0.0000242366 	 0.0000008647 	 0.0000008647 	 1.00 
271.0000000000  	 0.0000238822 	 0.0000238821 	 0.0000008520 	 0.0000008520 	 1.00 
271.5000000000  	 0.0000235328 	 0.0000235328 	 0.0000008396 	 0.0000008396 	 1.00 
272.0000000000  	 0.0000231886 	 0.0000231886 	 0.0000008273 	 0.0000008273 	 1.00 
272.5000000000  	 0.0000228494 	 0.0000228494 	 0.0000008152 	 0.0000008152 	 1.00 
273.0000000000  	 0.0000225152 	 0.0000225152 	 0.0000008033 	 0.0000008033 	 1.00 
273.5000000000  	 0.0000221858 	 0.0000221859 	 0.0000007915 	 0.0000007915 	 1.00 
274.0000000000  	 0.0000218613 	 0.0000218613 	 0.0000007799 	 0.0000007799 	 1.00 
274.5000000000  	 0.0000215415 	 0.0000215416 	 0.0000007685 	 0.0000007685 	 1.00 
275.0000000000  	 0.0000212264 	 0.0000212265 	 0.0000007573 	 0.0000007573 	 1.00 
275.5000000000  	 0.0000209159 	 0.0000209160 	 0.0000007462 	 0.0000007462 	 1.00 
276.0000000000  	 0.0000206100 	 0.0000206101 	 0.0000007353 	 0.0000007353 	 1.00 
276.5000000000  	 0.0000203085 	 0.0000203086 	 0.0000007245 	 0.0000007245 	 1.00 
277.0000000000  	 0.0000200115 	 0.0000200115 	 0.0000007139 	 0.0000007139 	 1.00 
277.5000000000  	 0.0000197187 	 0.0000197188 	 0.0000007035 	 0.0000007035 	 1.00 
278.0000000000  	 0.0000194303 	 0.0000194304 	 0.0000006932 	 0.0000006932 	 1.00 
278.5000000000  	 0.0000191461 	 0.0000191462 	 0.0000006831 	 0.0000006831 	 1.00 
279.0000000000  	 0.0000188660 	 0.0000188661 	 0.0000006731 	 0.0000006731 	 1.00 
279.5000000000  	 0.0000185901 	 0.0000185901 	 0.0000006632 	 0.0000006632 	 1.00 
280.0000000000  	 0.0000183182 	 0.0000183182 	 0.0000006535 	 0.0000006535 	 1.00 
280.5000000000  	 0.0000180502 	 0.0000180502 	 0.0000006440 	 0.0000006440 	 1.00 
281.0000000000  	 0.0000177862 	 0.0000177862 	 0.0000006346 	 0.0000006346 	 1.00 
281.5000000000  	 0.0000175260 	 0.0000175260 	 0.0000006253 	 0.0000006253 	 1.00 
282.0000000000  	 0.0000172697 	 0.0000172697 	 0.0000006161 	 0.0000006161 	 1.00 
282.5000000000  	 0.0000170171 	 0.0000170171 	 0.0000006071 	 0.0000006071 	 1.00 
283.0000000000  	 0.0000167682 	 0.0000167681 	 0.0000005982 	 0.0000005982 	 1.00 
283.5000000000  	 0.0000165229 	 0.0000165229 	 0.0000005895 	 0.0000005895 	 1.00 
284.0000000000  	 0.0000162812 	 0.0000162812 	 0.0000005809 	 0.0000005809 	 1.00 
284.5000000000  	 0.0000160431 	 0.0000160430 	 0.0000005724 	 0.0000005724 	 1.00 
285.0000000000  	 0.0000158084 	 0.0000158084 	 0.0000005640 	 0.0000005640 	 1.00 
285.5000000000  	 0.0000155772 	 0.0000155771 	 0.0000005557 	 0.0000005557 	 1.00 
286.0000000000  	 0.0000153493 	 0.0000153493 	 0.0000005476 	 0.0000005476 	 1.00 
286.5000000000  	 0.0000151248 	 0.0000151248 	 0.0000005396 	 0.0000005396 	 1.00 
287.0000000000  	 0.0000149036 	 0.0000149035 	 0.0000005317 	 0.0000005317 	 1.00 
287.5000000000  	 0.0000146856 	 0.0000146855 	 0.0000005239 	 0.0000005239 	 1.00 
288.0000000000  	 0.0000144707 	 0.0000144707 	 0.0000005163 	 0.0000005163 	 1.00 
288.5000000000  	 0.0000142591 	 0.0000142591 	 0.0000005087 	 0.0000005087 	 1.00 
289.0000000000  	 0.0000140505 	 0.0000140505 	 0.0000005013 	 0.0000005013 	 1.00 
289.5000000000  	 0.0000138450 	 0.0000138450 	 0.0000004939 	 0.0000004939 	 1.00 
290.0000000000  	 0.0000136425 	 0.0000136425 	 0.0000004867 	 0.0000004867 	 1.00 
290.5000000000  	 0.0000134429 	 0.0000134429 	 0.0000004796 	 0.0000004796 	 1.00 
291.0000000000  	 0.0000132463 	 0.0000132463 	 0.0000004726 	 0.0000004726 	 1.00 
291.5000000000  	 0.0000130525 	 0.0000130525 	 0.0000004657 	 0.0000004657 	 1.00 
292.0000000000  	 0.0000128616 	 0.0000128616 	 0.0000004589 	 0.0000004589 	 1.00 
292.5000000000  	 0.0000126734 	 0.0000126735 	 0.0000004521 	 0.0000004521 	 1.00 
293.0000000000  	 0.0000124881 	 0.0000124881 	 0.0000004455 	 0.0000004455 	 1.00 
293.5000000000  	 0.0000123054 	 0.0000123054 	 0.0000004390 	 0.0000004390 	 1.00 
294.0000000000  	 0.0000121254 	 0.0000121254 	 0.0000004326 	 0.0000004326 	 1.00 
294.5000000000  	 0.0000119480 	 0.0000119481 	 0.0000004263 	 0.0000004263 	 1.00 
295.0000000000  	 0.0000117733 	 0.0000117733 	 0.0000004200 	 0.0000004200 	 1.00 
295.5000000000  	 0.0000116011 	 0.0000116011 	 0.0000004139 	 0.0000004139 	 1.00 
296.0000000000  	 0.0000114314 	 0.0000114314 	 0.0000004078 	 0.0000004078 	 1.00 
296.5000000000  	 0.0000112642 	 0.0000112642 	 0.0000004019 	 0.0000004019 	 1.00 
297.0000000000  	 0.0000110994 	 0.0000110994 	 0.0000003960 	 0.0000003960 	 1.00 
297.5000000000  	 0.0000109370 	 0.0000109370 	 0.0000003902 	 0.0000003902 	 1.00 
298.0000000000  	 0.0000107771 	 0.0000107771 	 0.0000003845 	 0.0000003845 	 1.00 
298.5000000000  	 0.0000106194 	 0.0000106194 	 0.0000003789 	 0.0000003789 	 1.00 
299.0000000000  	 0.0000104641 	 0.0000104641 	 0.0000003733 	 0.0000003733 	 1.00 
299.5000000000  	 0.0000103110 	 0.0000103110 	 0.0000003679 	 0.0000003679 	 1.00 
# end of calculation 2019_08_27_17_22_56 
# time difference 00_00_00_00_00_13 -- in Minutes 0 in Seconds 13 
