## Date: 27.8.2019 -- Time: 17:24:2  
## Gamma_l=0.5000000000 - Gamma_m=0.0000000000 - Gamma_r=0.5000000000 
## phi_l=0.7500000000 - phi_m=0.0000000000 - phi_r=0.5000000000 
## init_000=0.00 - init_001=0.00 - init_010=0.00 - init_011=1.00 
## dt=0.500000 - t_end=600 - fb=10 - cutoff=0.000001000000 -- Nbin=2 
0.0000000000  	 1.0000000000 	 1.0000000000 	 0.0000000000 	 0.0000000000 	 1.00 
0.5000000000  	 0.7701511618 	 0.7701511618 	 0.1149244290 	 0.1149244290 	 1.00 
1.0000000000  	 0.5931328105 	 0.5931328105 	 0.0885091816 	 0.0885091816 	 1.00 
1.5000000000  	 0.4568019209 	 0.4568019209 	 0.0681654482 	 0.0681654482 	 1.00 
2.0000000000  	 0.3518065279 	 0.3518065279 	 0.0524976986 	 0.0524976986 	 1.00 
2.5000000000  	 0.2709442042 	 0.2709442042 	 0.0404311631 	 0.0404311631 	 1.00 
3.0000000000  	 0.2086679919 	 0.2086679919 	 0.0311381069 	 0.0311381069 	 1.00 
3.5000000000  	 0.1607058949 	 0.1607058949 	 0.0239810489 	 0.0239810489 	 1.00 
4.0000000000  	 0.1237678305 	 0.1237678305 	 0.0184690325 	 0.0184690325 	 1.00 
4.5000000000  	 0.0953199375 	 0.0953199375 	 0.0142239467 	 0.0142239467 	 1.00 
5.0000000000  	 0.0734107598 	 0.0734107598 	 0.0109545889 	 0.0109545889 	 1.00 
5.5000000000  	 0.0697450048 	 0.0697450054 	 0.1097229293 	 0.1097229305 	 1.00 
6.0000000000  	 0.0814257227 	 0.0814257229 	 0.0672581211 	 0.0672581215 	 1.00 
6.5000000000  	 0.0980567403 	 0.0980567404 	 0.0400023133 	 0.0400023134 	 1.00 
7.0000000000  	 0.1138205311 	 0.1138205148 	 0.0230177777 	 0.0230172489 	 1.00 
7.5000000000  	 0.1258653023 	 0.1258649362 	 0.0128137054 	 0.0128128282 	 1.00 
8.0000000000  	 0.1331692226 	 0.1331697991 	 0.0069746934 	 0.0069735783 	 1.00 
8.5000000000  	 0.1357721680 	 0.1357725723 	 0.0038593806 	 0.0038584314 	 1.00 
9.0000000000  	 0.1342661885 	 0.1342671401 	 0.0023784886 	 0.0023770571 	 1.00 
9.5000000000  	 0.1294763833 	 0.1294792849 	 0.0018252264 	 0.0018236404 	 1.00 
10.0000000000  	 0.1222698802 	 0.1222708993 	 0.0017543908 	 0.0017551486 	 1.00 
10.5000000000  	 0.1131709844 	 0.1131658608 	 0.0026253436 	 0.0026384555 	 1.00 
11.0000000000  	 0.1030571884 	 0.1030569991 	 0.0056179938 	 0.0056092858 	 1.00 
11.5000000000  	 0.0932255976 	 0.0932388693 	 0.0086167171 	 0.0085980405 	 1.00 
12.0000000000  	 0.0847677727 	 0.0847827134 	 0.0106252022 	 0.0106166937 	 1.00 
12.5000000000  	 0.0782950286 	 0.0783184076 	 0.0114638412 	 0.0114603097 	 1.00 
13.0000000000  	 0.0739739161 	 0.0740061735 	 0.0112992911 	 0.0112905681 	 1.00 
13.5000000000  	 0.0716013153 	 0.0716421577 	 0.0104221057 	 0.0104292526 	 1.00 
14.0000000000  	 0.0707959849 	 0.0708440279 	 0.0091250179 	 0.0091386729 	 1.00 
14.5000000000  	 0.0710818033 	 0.0711215015 	 0.0076548541 	 0.0076659824 	 1.00 
15.0000000000  	 0.0719303782 	 0.0719773441 	 0.0062275137 	 0.0062240984 	 1.00 
15.5000000000  	 0.0728815168 	 0.0729302702 	 0.0049360528 	 0.0049389599 	 1.00 
16.0000000000  	 0.0734516013 	 0.0735169665 	 0.0039586563 	 0.0039401572 	 1.00 
16.5000000000  	 0.0733336353 	 0.0733927018 	 0.0033158401 	 0.0033138316 	 1.00 
17.0000000000  	 0.0723776833 	 0.0724341542 	 0.0030283537 	 0.0030168091 	 1.00 
17.5000000000  	 0.0706245144 	 0.0706875371 	 0.0030217738 	 0.0030080630 	 1.00 
18.0000000000  	 0.0682600983 	 0.0683118064 	 0.0032068978 	 0.0032065544 	 1.00 
18.5000000000  	 0.0655059005 	 0.0655478726 	 0.0035031625 	 0.0034961833 	 1.00 
19.0000000000  	 0.0626056248 	 0.0626411933 	 0.0038136003 	 0.0038143713 	 1.00 
19.5000000000  	 0.0598036393 	 0.0598470071 	 0.0040529609 	 0.0040536005 	 1.00 
20.0000000000  	 0.0572871050 	 0.0573263787 	 0.0041959478 	 0.0042016212 	 1.00 
20.5000000000  	 0.0551727978 	 0.0552041090 	 0.0042180280 	 0.0042192506 	 1.00 
21.0000000000  	 0.0534879064 	 0.0535300454 	 0.0041277353 	 0.0041280627 	 1.00 
21.5000000000  	 0.0522104830 	 0.0522440703 	 0.0039431487 	 0.0039438024 	 1.00 
22.0000000000  	 0.0512503213 	 0.0512818037 	 0.0036990808 	 0.0037052708 	 1.00 
22.5000000000  	 0.0505064360 	 0.0505402141 	 0.0034260674 	 0.0034207912 	 1.00 
23.0000000000  	 0.0498652613 	 0.0498962108 	 0.0031391371 	 0.0031299228 	 1.00 
23.5000000000  	 0.0492396817 	 0.0492584807 	 0.0028780610 	 0.0028596993 	 1.00 
24.0000000000  	 0.0485577522 	 0.0485629972 	 0.0026544506 	 0.0026427214 	 1.00 
24.5000000000  	 0.0477540028 	 0.0477650788 	 0.0024935496 	 0.0024765314 	 1.00 
25.0000000000  	 0.0468394908 	 0.0468330806 	 0.0023779551 	 0.0023606822 	 1.00 
25.5000000000  	 0.0457994650 	 0.0458298164 	 0.0023148869 	 0.0023062795 	 1.00 
26.0000000000  	 0.0446874532 	 0.0447228696 	 0.0022796562 	 0.0022685428 	 1.00 
26.5000000000  	 0.0435408143 	 0.0435637799 	 0.0022836377 	 0.0022674112 	 1.00 
27.0000000000  	 0.0423852904 	 0.0424163403 	 0.0022795212 	 0.0022728928 	 1.00 
27.5000000000  	 0.0412701928 	 0.0412964371 	 0.0022812776 	 0.0022801480 	 1.00 
28.0000000000  	 0.0402229837 	 0.0402586096 	 0.0022679943 	 0.0022645488 	 1.00 
28.5000000000  	 0.0392603381 	 0.0392986797 	 0.0022354706 	 0.0022422099 	 1.00 
29.0000000000  	 0.0383720633 	 0.0384091410 	 0.0021935825 	 0.0021844280 	 1.00 
29.5000000000  	 0.0375611388 	 0.0375995940 	 0.0021259065 	 0.0021143093 	 1.00 
30.0000000000  	 0.0368238159 	 0.0368427258 	 0.0020430233 	 0.0020512385 	 1.00 
30.5000000000  	 0.0361353214 	 0.0361413064 	 0.0019574813 	 0.0019662582 	 1.00 
31.0000000000  	 0.0354837981 	 0.0354796429 	 0.0018709064 	 0.0018795615 	 1.00 
31.5000000000  	 0.0348525783 	 0.0348410280 	 0.0017899090 	 0.0017950850 	 1.00 
32.0000000000  	 0.0342286198 	 0.0342129781 	 0.0017163389 	 0.0017182703 	 1.00 
32.5000000000  	 0.0335968332 	 0.0335863618 	 0.0016454125 	 0.0016522504 	 1.00 
33.0000000000  	 0.0329600838 	 0.0329553911 	 0.0015939887 	 0.0015968748 	 1.00 
33.5000000000  	 0.0323165038 	 0.0323184740 	 0.0015552100 	 0.0015495722 	 1.00 
34.0000000000  	 0.0316717704 	 0.0316747738 	 0.0015239636 	 0.0015277373 	 1.00 
34.5000000000  	 0.0310274757 	 0.0310339230 	 0.0014913091 	 0.0014872370 	 1.00 
35.0000000000  	 0.0303932175 	 0.0304004897 	 0.0014646406 	 0.0014623297 	 1.00 
35.5000000000  	 0.0297730434 	 0.0297806431 	 0.0014395177 	 0.0014380046 	 1.00 
36.0000000000  	 0.0291718156 	 0.0291809063 	 0.0014118117 	 0.0014117012 	 1.00 
36.5000000000  	 0.0285940264 	 0.0286032931 	 0.0013831429 	 0.0013832231 	 1.00 
37.0000000000  	 0.0280401418 	 0.0280494701 	 0.0013504030 	 0.0013506057 	 1.00 
37.5000000000  	 0.0275089942 	 0.0275183711 	 0.0013160088 	 0.0013172793 	 1.00 
38.0000000000  	 0.0270009118 	 0.0270095014 	 0.0012794472 	 0.0012802044 	 1.00 
38.5000000000  	 0.0265120927 	 0.0265192755 	 0.0012427036 	 0.0012445558 	 1.00 
39.0000000000  	 0.0260384448 	 0.0260441514 	 0.0012071865 	 0.0012090450 	 1.00 
39.5000000000  	 0.0255765909 	 0.0255809318 	 0.0011716079 	 0.0011723061 	 1.00 
40.0000000000  	 0.0251235013 	 0.0251260929 	 0.0011399196 	 0.0011412906 	 1.00 
40.5000000000  	 0.0246768944 	 0.0246780768 	 0.0011100934 	 0.0011110104 	 1.00 
41.0000000000  	 0.0242358149 	 0.0242356745 	 0.0010838658 	 0.0010845420 	 1.00 
41.5000000000  	 0.0237999518 	 0.0237985429 	 0.0010600567 	 0.0010605344 	 1.00 
42.0000000000  	 0.0233697331 	 0.0233671386 	 0.0010381638 	 0.0010385443 	 1.00 
42.5000000000  	 0.0229460006 	 0.0229423739 	 0.0010176696 	 0.0010179736 	 1.00 
43.0000000000  	 0.0225300575 	 0.0225255034 	 0.0009973184 	 0.0009970776 	 1.00 
43.5000000000  	 0.0221229597 	 0.0221177008 	 0.0009778618 	 0.0009778082 	 1.00 
44.0000000000  	 0.0217256625 	 0.0217199692 	 0.0009578991 	 0.0009574891 	 1.00 
44.5000000000  	 0.0213383607 	 0.0213329050 	 0.0009378603 	 0.0009380728 	 1.00 
45.0000000000  	 0.0209618179 	 0.0209565068 	 0.0009177536 	 0.0009174507 	 1.00 
45.5000000000  	 0.0205954889 	 0.0205904594 	 0.0008978485 	 0.0008975795 	 1.00 
46.0000000000  	 0.0202388074 	 0.0202341424 	 0.0008778637 	 0.0008776535 	 1.00 
46.5000000000  	 0.0198909681 	 0.0198867354 	 0.0008580500 	 0.0008579149 	 1.00 
47.0000000000  	 0.0195510653 	 0.0195473265 	 0.0008386629 	 0.0008386068 	 1.00 
47.5000000000  	 0.0192182234 	 0.0192150350 	 0.0008199153 	 0.0008199314 	 1.00 
48.0000000000  	 0.0188917195 	 0.0188891399 	 0.0008019145 	 0.0008019625 	 1.00 
48.5000000000  	 0.0185710351 	 0.0185690960 	 0.0007847370 	 0.0007848183 	 1.00 
49.0000000000  	 0.0182558467 	 0.0182545718 	 0.0007683768 	 0.0007684573 	 1.00 
49.5000000000  	 0.0179460472 	 0.0179454051 	 0.0007527773 	 0.0007528423 	 1.00 
50.0000000000  	 0.0176416687 	 0.0176416235 	 0.0007378315 	 0.0007378549 	 1.00 
50.5000000000  	 0.0173428519 	 0.0173433476 	 0.0007234180 	 0.0007234167 	 1.00 
51.0000000000  	 0.0170497510 	 0.0170507215 	 0.0007094359 	 0.0007094082 	 1.00 
51.5000000000  	 0.0167625143 	 0.0167638886 	 0.0006957665 	 0.0006957116 	 1.00 
52.0000000000  	 0.0164812367 	 0.0164829415 	 0.0006823242 	 0.0006822417 	 1.00 
52.5000000000  	 0.0162059300 	 0.0162078905 	 0.0006690602 	 0.0006689505 	 1.00 
53.0000000000  	 0.0159365168 	 0.0159386563 	 0.0006559586 	 0.0006558238 	 1.00 
53.5000000000  	 0.0156728376 	 0.0156750783 	 0.0006430316 	 0.0006428756 	 1.00 
54.0000000000  	 0.0154146695 	 0.0154169336 	 0.0006303105 	 0.0006301391 	 1.00 
54.5000000000  	 0.0151617514 	 0.0151639635 	 0.0006178354 	 0.0006176562 	 1.00 
55.0000000000  	 0.0149138113 	 0.0149159012 	 0.0006056462 	 0.0006054684 	 1.00 
55.5000000000  	 0.0146705926 	 0.0146724970 	 0.0005937766 	 0.0005936091 	 1.00 
56.0000000000  	 0.0144318694 	 0.0144335350 	 0.0005822492 	 0.0005820985 	 1.00 
56.5000000000  	 0.0141974586 	 0.0141988431 	 0.0005710710 	 0.0005709422 	 1.00 
57.0000000000  	 0.0139672239 	 0.0139682969 	 0.0005602350 	 0.0005601312 	 1.00 
57.5000000000  	 0.0137410721 	 0.0137418150 	 0.0005497217 	 0.0005496445 	 1.00 
58.0000000000  	 0.0135189438 	 0.0135193494 	 0.0005395040 	 0.0005394539 	 1.00 
58.5000000000  	 0.0133008004 	 0.0133008723 	 0.0005295517 	 0.0005295282 	 1.00 
59.0000000000  	 0.0130866117 	 0.0130863634 	 0.0005198355 	 0.0005198374 	 1.00 
59.5000000000  	 0.0128763438 	 0.0128757981 	 0.0005103302 	 0.0005103554 	 1.00 
60.0000000000  	 0.0126699514 	 0.0126691392 	 0.0005010168 	 0.0005010627 	 1.00 
60.5000000000  	 0.0124673731 	 0.0124663321 	 0.0004918834 	 0.0004919468 	 1.00 
61.0000000000  	 0.0122685306 	 0.0122673041 	 0.0004829245 	 0.0004830015 	 1.00 
61.5000000000  	 0.0120733312 	 0.0120719665 	 0.0004741398 	 0.0004742264 	 1.00 
62.0000000000  	 0.0118816723 	 0.0118802188 	 0.0004655324 	 0.0004656245 	 1.00 
62.5000000000  	 0.0116924938 	 0.0116910014 	 0.0004571069 	 0.0004570290 	 1.00 
63.0000000000  	 0.0115058757 	 0.0115043765 	 0.0004486663 	 0.0004487479 	 1.00 
63.5000000000  	 0.0113242909 	 0.0113228594 	 0.0004406293 	 0.0004407101 	 1.00 
64.0000000000  	 0.0111458611 	 0.0111445345 	 0.0004327814 	 0.0004328576 	 1.00 
64.5000000000  	 0.0109705059 	 0.0109693190 	 0.0004251194 	 0.0004251874 	 1.00 
65.0000000000  	 0.0107981568 	 0.0107971400 	 0.0004176375 	 0.0004176944 	 1.00 
65.5000000000  	 0.0106287558 	 0.0106279334 	 0.0004103284 	 0.0004103720 	 1.00 
66.0000000000  	 0.0104622531 	 0.0104616417 	 0.0004031837 	 0.0004032127 	 1.00 
66.5000000000  	 0.0102986041 	 0.0102982116 	 0.0003961946 	 0.0003962090 	 1.00 
67.0000000000  	 0.0101377673 	 0.0101375923 	 0.0003893527 	 0.0003893540 	 1.00 
67.5000000000  	 0.0099796822 	 0.0099797352 	 0.0003826469 	 0.0003826256 	 1.00 
68.0000000000  	 0.0098243070 	 0.0098245707 	 0.0003760643 	 0.0003760306 	 1.00 
68.5000000000  	 0.0096715921 	 0.0096720440 	 0.0003696142 	 0.0003695705 	 1.00 
69.0000000000  	 0.0095214884 	 0.0095221025 	 0.0003632915 	 0.0003632398 	 1.00 
69.5000000000  	 0.0093739447 	 0.0093746917 	 0.0003570936 	 0.0003570359 	 1.00 
70.0000000000  	 0.0092289081 	 0.0092297564 	 0.0003510187 	 0.0003509570 	 1.00 
70.5000000000  	 0.0090863255 	 0.0090872421 	 0.0003450650 	 0.0003450014 	 1.00 
71.0000000000  	 0.0089461444 	 0.0089470959 	 0.0003392308 	 0.0003391675 	 1.00 
71.5000000000  	 0.0088083141 	 0.0088092676 	 0.0003335141 	 0.0003334530 	 1.00 
72.0000000000  	 0.0086727855 	 0.0086737103 	 0.0003279127 	 0.0003278557 	 1.00 
72.5000000000  	 0.0085395126 	 0.0085403796 	 0.0003224233 	 0.0003223721 	 1.00 
73.0000000000  	 0.0084084516 	 0.0084092340 	 0.0003170423 	 0.0003169983 	 1.00 
73.5000000000  	 0.0082795593 	 0.0082802351 	 0.0003117662 	 0.0003117307 	 1.00 
74.0000000000  	 0.0081527935 	 0.0081533458 	 0.0003065925 	 0.0003065661 	 1.00 
74.5000000000  	 0.0080281137 	 0.0080285306 	 0.0003015183 	 0.0003015014 	 1.00 
75.0000000000  	 0.0079054796 	 0.0079057546 	 0.0002965411 	 0.0002965337 	 1.00 
75.5000000000  	 0.0077848520 	 0.0077849834 	 0.0002916583 	 0.0002916600 	 1.00 
76.0000000000  	 0.0076661915 	 0.0076661826 	 0.0002868676 	 0.0002868779 	 1.00 
76.5000000000  	 0.0075494595 	 0.0075493180 	 0.0002821672 	 0.0002821852 	 1.00 
77.0000000000  	 0.0074346177 	 0.0074343551 	 0.0002775551 	 0.0002775798 	 1.00 
77.5000000000  	 0.0073216284 	 0.0073212599 	 0.0002730296 	 0.0002730599 	 1.00 
78.0000000000  	 0.0072104553 	 0.0072099985 	 0.0002685891 	 0.0002686236 	 1.00 
78.5000000000  	 0.0071010626 	 0.0071005376 	 0.0002642319 	 0.0002642692 	 1.00 
79.0000000000  	 0.0069934165 	 0.0069928442 	 0.0002599562 	 0.0002599950 	 1.00 
79.5000000000  	 0.0068874842 	 0.0068868862 	 0.0002557603 	 0.0002557992 	 1.00 
80.0000000000  	 0.0067832344 	 0.0067826321 	 0.0002516424 	 0.0002516800 	 1.00 
80.5000000000  	 0.0066806371 	 0.0066800507 	 0.0002476006 	 0.0002476358 	 1.00 
81.0000000000  	 0.0065796636 	 0.0065791117 	 0.0002436331 	 0.0002436649 	 1.00 
81.5000000000  	 0.0064802860 	 0.0064797852 	 0.0002397380 	 0.0002397655 	 1.00 
82.0000000000  	 0.0063824776 	 0.0063820419 	 0.0002359135 	 0.0002359361 	 1.00 
82.5000000000  	 0.0062862123 	 0.0062858527 	 0.0002321579 	 0.0002321750 	 1.00 
83.0000000000  	 0.0061914647 	 0.0061911890 	 0.0002284694 	 0.0002284808 	 1.00 
83.5000000000  	 0.0060982097 	 0.0060980228 	 0.0002248465 	 0.0002248522 	 1.00 
84.0000000000  	 0.0060064229 	 0.0060063262 	 0.0002212877 	 0.0002212877 	 1.00 
84.5000000000  	 0.0059160801 	 0.0059160720 	 0.0002177914 	 0.0002177861 	 1.00 
85.0000000000  	 0.0058271576 	 0.0058272337 	 0.0002143564 	 0.0002143462 	 1.00 
85.5000000000  	 0.0057396318 	 0.0057397850 	 0.0002109812 	 0.0002109668 	 1.00 
86.0000000000  	 0.0056534797 	 0.0056537008 	 0.0002076647 	 0.0002076467 	 1.00 
86.5000000000  	 0.0055686783 	 0.0055689563 	 0.0002044055 	 0.0002043847 	 1.00 
87.0000000000  	 0.0054852052 	 0.0054855278 	 0.0002012025 	 0.0002011798 	 1.00 
87.5000000000  	 0.0054030380 	 0.0054033921 	 0.0001980545 	 0.0001980307 	 1.00 
88.0000000000  	 0.0053221548 	 0.0053225270 	 0.0001949603 	 0.0001949363 	 1.00 
88.5000000000  	 0.0052425339 	 0.0052429108 	 0.0001919189 	 0.0001918955 	 1.00 
89.0000000000  	 0.0051641538 	 0.0051645226 	 0.0001889292 	 0.0001889071 	 1.00 
89.5000000000  	 0.0050869933 	 0.0050873421 	 0.0001859901 	 0.0001859700 	 1.00 
90.0000000000  	 0.0050110314 	 0.0050113497 	 0.0001831006 	 0.0001830830 	 1.00 
90.5000000000  	 0.0049362473 	 0.0049365262 	 0.0001802598 	 0.0001802452 	 1.00 
91.0000000000  	 0.0048626206 	 0.0048628530 	 0.0001774667 	 0.0001774554 	 1.00 
91.5000000000  	 0.0047901312 	 0.0047903117 	 0.0001747204 	 0.0001747126 	 1.00 
92.0000000000  	 0.0047187591 	 0.0047188845 	 0.0001720201 	 0.0001720159 	 1.00 
92.5000000000  	 0.0046484848 	 0.0046485540 	 0.0001693649 	 0.0001693643 	 1.00 
93.0000000000  	 0.0045792892 	 0.0045793029 	 0.0001667541 	 0.0001667568 	 1.00 
93.5000000000  	 0.0045111536 	 0.0045111143 	 0.0001641867 	 0.0001641925 	 1.00 
94.0000000000  	 0.0044440597 	 0.0044439715 	 0.0001616621 	 0.0001616706 	 1.00 
94.5000000000  	 0.0043779897 	 0.0043778581 	 0.0001591794 	 0.0001591902 	 1.00 
95.0000000000  	 0.0043129260 	 0.0043127579 	 0.0001567379 	 0.0001567506 	 1.00 
95.5000000000  	 0.0042488519 	 0.0042486547 	 0.0001543369 	 0.0001543508 	 1.00 
96.0000000000  	 0.0041857509 	 0.0041855328 	 0.0001519754 	 0.0001519901 	 1.00 
96.5000000000  	 0.0041236070 	 0.0041233763 	 0.0001496529 	 0.0001496679 	 1.00 
97.0000000000  	 0.0040624046 	 0.0040621696 	 0.0001473686 	 0.0001473833 	 1.00 
97.5000000000  	 0.0040021286 	 0.0040018975 	 0.0001451217 	 0.0001451356 	 1.00 
98.0000000000  	 0.0039427644 	 0.0039425445 	 0.0001429115 	 0.0001429242 	 1.00 
98.5000000000  	 0.0038842975 	 0.0038840957 	 0.0001407373 	 0.0001407485 	 1.00 
99.0000000000  	 0.0038267141 	 0.0038265360 	 0.0001385984 	 0.0001386078 	 1.00 
99.5000000000  	 0.0037700004 	 0.0037698507 	 0.0001364941 	 0.0001365015 	 1.00 
100.0000000000  	 0.0037141432 	 0.0037140253 	 0.0001344237 	 0.0001344290 	 1.00 
100.5000000000  	 0.0036591293 	 0.0036590454 	 0.0001323867 	 0.0001323897 	 1.00 
101.0000000000  	 0.0036049459 	 0.0036048971 	 0.0001303822 	 0.0001303830 	 1.00 
101.5000000000  	 0.0035515805 	 0.0035515664 	 0.0001284099 	 0.0001284085 	 1.00 
102.0000000000  	 0.0034990205 	 0.0034990398 	 0.0001264689 	 0.0001264656 	 1.00 
102.5000000000  	 0.0034472539 	 0.0034473040 	 0.0001245587 	 0.0001245537 	 1.00 
103.0000000000  	 0.0033962684 	 0.0033963461 	 0.0001226788 	 0.0001226723 	 1.00 
103.5000000000  	 0.0033460522 	 0.0033461534 	 0.0001208286 	 0.0001208209 	 1.00 
104.0000000000  	 0.0032965935 	 0.0032967136 	 0.0001190075 	 0.0001189990 	 1.00 
104.5000000000  	 0.0032478806 	 0.0032480146 	 0.0001172151 	 0.0001172060 	 1.00 
105.0000000000  	 0.0031999019 	 0.0032000446 	 0.0001154508 	 0.0001154415 	 1.00 
105.5000000000  	 0.0031526460 	 0.0031527922 	 0.0001137141 	 0.0001137049 	 1.00 
106.0000000000  	 0.0031061015 	 0.0031062461 	 0.0001120046 	 0.0001119958 	 1.00 
106.5000000000  	 0.0030602572 	 0.0030603956 	 0.0001103217 	 0.0001103136 	 1.00 
107.0000000000  	 0.0030151021 	 0.0030152299 	 0.0001086651 	 0.0001086579 	 1.00 
107.5000000000  	 0.0029706250 	 0.0029707386 	 0.0001070343 	 0.0001070282 	 1.00 
108.0000000000  	 0.0029268152 	 0.0029269115 	 0.0001054289 	 0.0001054241 	 1.00 
108.5000000000  	 0.0028836619 	 0.0028837388 	 0.0001038485 	 0.0001038450 	 1.00 
109.0000000000  	 0.0028411547 	 0.0028412105 	 0.0001022926 	 0.0001022905 	 1.00 
109.5000000000  	 0.0027992831 	 0.0027993172 	 0.0001007610 	 0.0001007603 	 1.00 
110.0000000000  	 0.0027580369 	 0.0027580493 	 0.0000992531 	 0.0000992537 	 1.00 
110.5000000000  	 0.0027174061 	 0.0027173975 	 0.0000977687 	 0.0000977705 	 1.00 
111.0000000000  	 0.0026773809 	 0.0026773528 	 0.0000963072 	 0.0000963102 	 1.00 
111.5000000000  	 0.0026379517 	 0.0026379060 	 0.0000948685 	 0.0000948724 	 1.00 
112.0000000000  	 0.0025991090 	 0.0025990482 	 0.0000934520 	 0.0000934567 	 1.00 
112.5000000000  	 0.0025608437 	 0.0025607706 	 0.0000920575 	 0.0000920628 	 1.00 
113.0000000000  	 0.0025231467 	 0.0025230644 	 0.0000906846 	 0.0000906902 	 1.00 
113.5000000000  	 0.0024860091 	 0.0024859209 	 0.0000893329 	 0.0000893386 	 1.00 
114.0000000000  	 0.0024494226 	 0.0024493316 	 0.0000880020 	 0.0000880078 	 1.00 
114.5000000000  	 0.0024133785 	 0.0024132880 	 0.0000866917 	 0.0000866972 	 1.00 
115.0000000000  	 0.0023778687 	 0.0023777817 	 0.0000854015 	 0.0000854066 	 1.00 
115.5000000000  	 0.0023428852 	 0.0023428043 	 0.0000841312 	 0.0000841357 	 1.00 
116.0000000000  	 0.0023084200 	 0.0023083476 	 0.0000828803 	 0.0000828842 	 1.00 
116.5000000000  	 0.0022744655 	 0.0022744036 	 0.0000816486 	 0.0000816518 	 1.00 
117.0000000000  	 0.0022410142 	 0.0022409642 	 0.0000804358 	 0.0000804381 	 1.00 
117.5000000000  	 0.0022080585 	 0.0022080215 	 0.0000792415 	 0.0000792429 	 1.00 
118.0000000000  	 0.0021755912 	 0.0021755677 	 0.0000780653 	 0.0000780659 	 1.00 
118.5000000000  	 0.0021436052 	 0.0021435952 	 0.0000769071 	 0.0000769068 	 1.00 
119.0000000000  	 0.0021120933 	 0.0021120965 	 0.0000757664 	 0.0000757654 	 1.00 
119.5000000000  	 0.0020810487 	 0.0020810642 	 0.0000746430 	 0.0000746413 	 1.00 
120.0000000000  	 0.0020504643 	 0.0020504910 	 0.0000735367 	 0.0000735343 	 1.00 
120.5000000000  	 0.0020203334 	 0.0020203698 	 0.0000724470 	 0.0000724442 	 1.00 
121.0000000000  	 0.0019906494 	 0.0019906937 	 0.0000713738 	 0.0000713706 	 1.00 
121.5000000000  	 0.0019614054 	 0.0019614558 	 0.0000703168 	 0.0000703133 	 1.00 
122.0000000000  	 0.0019325951 	 0.0019326496 	 0.0000692757 	 0.0000692721 	 1.00 
122.5000000000  	 0.0019042118 	 0.0019042683 	 0.0000682503 	 0.0000682467 	 1.00 
123.0000000000  	 0.0018762492 	 0.0018763057 	 0.0000672403 	 0.0000672368 	 1.00 
123.5000000000  	 0.0018487008 	 0.0018487555 	 0.0000662454 	 0.0000662422 	 1.00 
124.0000000000  	 0.0018215604 	 0.0018216115 	 0.0000652656 	 0.0000652626 	 1.00 
124.5000000000  	 0.0017948217 	 0.0017948678 	 0.0000643004 	 0.0000642979 	 1.00 
125.0000000000  	 0.0017684787 	 0.0017685184 	 0.0000633497 	 0.0000633477 	 1.00 
125.5000000000  	 0.0017425251 	 0.0017425575 	 0.0000624133 	 0.0000624118 	 1.00 
126.0000000000  	 0.0017169551 	 0.0017169795 	 0.0000614910 	 0.0000614900 	 1.00 
126.5000000000  	 0.0016917627 	 0.0016917788 	 0.0000605825 	 0.0000605820 	 1.00 
127.0000000000  	 0.0016669422 	 0.0016669498 	 0.0000596876 	 0.0000596877 	 1.00 
127.5000000000  	 0.0016424878 	 0.0016424872 	 0.0000588062 	 0.0000588067 	 1.00 
128.0000000000  	 0.0016183940 	 0.0016183855 	 0.0000579380 	 0.0000579390 	 1.00 
128.5000000000  	 0.0015946551 	 0.0015946396 	 0.0000570828 	 0.0000570842 	 1.00 
129.0000000000  	 0.0015712659 	 0.0015712442 	 0.0000562405 	 0.0000562422 	 1.00 
129.5000000000  	 0.0015482209 	 0.0015481940 	 0.0000554108 	 0.0000554128 	 1.00 
130.0000000000  	 0.0015255150 	 0.0015254842 	 0.0000545936 	 0.0000545958 	 1.00 
130.5000000000  	 0.0015031431 	 0.0015031096 	 0.0000537886 	 0.0000537909 	 1.00 
131.0000000000  	 0.0014811002 	 0.0014810652 	 0.0000529957 	 0.0000529980 	 1.00 
131.5000000000  	 0.0014593814 	 0.0014593461 	 0.0000522147 	 0.0000522169 	 1.00 
132.0000000000  	 0.0014379818 	 0.0014379475 	 0.0000514453 	 0.0000514474 	 1.00 
132.5000000000  	 0.0014168967 	 0.0014168645 	 0.0000506875 	 0.0000506894 	 1.00 
133.0000000000  	 0.0013961216 	 0.0013960923 	 0.0000499410 	 0.0000499426 	 1.00 
133.5000000000  	 0.0013756519 	 0.0013756264 	 0.0000492056 	 0.0000492070 	 1.00 
134.0000000000  	 0.0013554830 	 0.0013554620 	 0.0000484812 	 0.0000484823 	 1.00 
134.5000000000  	 0.0013356107 	 0.0013355946 	 0.0000477677 	 0.0000477683 	 1.00 
135.0000000000  	 0.0013160306 	 0.0013160197 	 0.0000470647 	 0.0000470650 	 1.00 
135.5000000000  	 0.0012967385 	 0.0012967328 	 0.0000463722 	 0.0000463722 	 1.00 
136.0000000000  	 0.0012777301 	 0.0012777296 	 0.0000456899 	 0.0000456897 	 1.00 
136.5000000000  	 0.0012590014 	 0.0012590058 	 0.0000450179 	 0.0000450173 	 1.00 
137.0000000000  	 0.0012405482 	 0.0012405571 	 0.0000443557 	 0.0000443549 	 1.00 
137.5000000000  	 0.0012223666 	 0.0012223795 	 0.0000437034 	 0.0000437024 	 1.00 
138.0000000000  	 0.0012044525 	 0.0012044687 	 0.0000430608 	 0.0000430596 	 1.00 
138.5000000000  	 0.0011868021 	 0.0011868209 	 0.0000424277 	 0.0000424263 	 1.00 
139.0000000000  	 0.0011694115 	 0.0011694321 	 0.0000418039 	 0.0000418025 	 1.00 
139.5000000000  	 0.0011522768 	 0.0011522985 	 0.0000411894 	 0.0000411880 	 1.00 
140.0000000000  	 0.0011353942 	 0.0011354162 	 0.0000405839 	 0.0000405825 	 1.00 
140.5000000000  	 0.0011187601 	 0.0011187816 	 0.0000399874 	 0.0000399861 	 1.00 
141.0000000000  	 0.0011023707 	 0.0011023910 	 0.0000393997 	 0.0000393986 	 1.00 
141.5000000000  	 0.0010862223 	 0.0010862409 	 0.0000388208 	 0.0000388197 	 1.00 
142.0000000000  	 0.0010703114 	 0.0010703276 	 0.0000382503 	 0.0000382495 	 1.00 
142.5000000000  	 0.0010546343 	 0.0010546479 	 0.0000376883 	 0.0000376877 	 1.00 
143.0000000000  	 0.0010391876 	 0.0010391982 	 0.0000371346 	 0.0000371342 	 1.00 
143.5000000000  	 0.0010239679 	 0.0010239752 	 0.0000365891 	 0.0000365889 	 1.00 
144.0000000000  	 0.0010089716 	 0.0010089757 	 0.0000360517 	 0.0000360516 	 1.00 
144.5000000000  	 0.0009941955 	 0.0009941964 	 0.0000355222 	 0.0000355223 	 1.00 
145.0000000000  	 0.0009796363 	 0.0009796340 	 0.0000350005 	 0.0000350009 	 1.00 
145.5000000000  	 0.0009652906 	 0.0009652855 	 0.0000344866 	 0.0000344871 	 1.00 
146.0000000000  	 0.0009511553 	 0.0009511477 	 0.0000339803 	 0.0000339809 	 1.00 
146.5000000000  	 0.0009372273 	 0.0009372175 	 0.0000334814 	 0.0000334822 	 1.00 
147.0000000000  	 0.0009235035 	 0.0009234920 	 0.0000329900 	 0.0000329908 	 1.00 
147.5000000000  	 0.0009099808 	 0.0009099681 	 0.0000325058 	 0.0000325066 	 1.00 
148.0000000000  	 0.0008966562 	 0.0008966428 	 0.0000320287 	 0.0000320296 	 1.00 
148.5000000000  	 0.0008835269 	 0.0008835132 	 0.0000315588 	 0.0000315596 	 1.00 
149.0000000000  	 0.0008705900 	 0.0008705765 	 0.0000310957 	 0.0000310965 	 1.00 
149.5000000000  	 0.0008573526 	 0.0008573397 	 0.0000306395 	 0.0000305893 	 1.00 
150.0000000000  	 0.0008448116 	 0.0008447888 	 0.0000301341 	 0.0000301456 	 1.00 
150.5000000000  	 0.0008324562 	 0.0008324303 	 0.0000296937 	 0.0000297042 	 1.00 
151.0000000000  	 0.0008202785 	 0.0008202556 	 0.0000292600 	 0.0000292691 	 1.00 
151.5000000000  	 0.0008082764 	 0.0008082614 	 0.0000288327 	 0.0000288402 	 1.00 
152.0000000000  	 0.0007964478 	 0.0007964446 	 0.0000284117 	 0.0000284176 	 1.00 
152.5000000000  	 0.0007847908 	 0.0007848021 	 0.0000279969 	 0.0000280011 	 1.00 
153.0000000000  	 0.0007733033 	 0.0007733309 	 0.0000275883 	 0.0000275907 	 1.00 
153.5000000000  	 0.0007619834 	 0.0007620279 	 0.0000271855 	 0.0000271863 	 1.00 
154.0000000000  	 0.0007508291 	 0.0007508901 	 0.0000267886 	 0.0000267878 	 1.00 
154.5000000000  	 0.0007398467 	 0.0007399127 	 0.0000263991 	 0.0000263950 	 1.00 
155.0000000000  	 0.0007290243 	 0.0007290893 	 0.0000260127 	 0.0000260076 	 1.00 
155.5000000000  	 0.0007183598 	 0.0007184247 	 0.0000256323 	 0.0000256271 	 1.00 
156.0000000000  	 0.0007078513 	 0.0007079162 	 0.0000252575 	 0.0000252522 	 1.00 
156.5000000000  	 0.0006974968 	 0.0006975612 	 0.0000248882 	 0.0000248828 	 1.00 
157.0000000000  	 0.0006872944 	 0.0006873571 	 0.0000245242 	 0.0000245188 	 1.00 
157.5000000000  	 0.0006772420 	 0.0006773015 	 0.0000241655 	 0.0000241601 	 1.00 
158.0000000000  	 0.0006673376 	 0.0006673922 	 0.0000238119 	 0.0000238068 	 1.00 
158.5000000000  	 0.0006575790 	 0.0006576269 	 0.0000234635 	 0.0000234588 	 1.00 
159.0000000000  	 0.0006479641 	 0.0006480036 	 0.0000231201 	 0.0000231159 	 1.00 
159.5000000000  	 0.0006384906 	 0.0006385206 	 0.0000227815 	 0.0000227782 	 1.00 
160.0000000000  	 0.0006291559 	 0.0006291762 	 0.0000224478 	 0.0000224457 	 1.00 
160.5000000000  	 0.0006199578 	 0.0006199685 	 0.0000221188 	 0.0000221179 	 1.00 
161.0000000000  	 0.0006108941 	 0.0006108956 	 0.0000217948 	 0.0000217948 	 1.00 
161.5000000000  	 0.0006019628 	 0.0006019555 	 0.0000214756 	 0.0000214763 	 1.00 
162.0000000000  	 0.0005931619 	 0.0005931463 	 0.0000211611 	 0.0000211625 	 1.00 
162.5000000000  	 0.0005844894 	 0.0005844663 	 0.0000208512 	 0.0000208533 	 1.00 
163.0000000000  	 0.0005759433 	 0.0005759137 	 0.0000205460 	 0.0000205485 	 1.00 
163.5000000000  	 0.0005675217 	 0.0005674867 	 0.0000202452 	 0.0000202481 	 1.00 
164.0000000000  	 0.0005592226 	 0.0005591835 	 0.0000199489 	 0.0000199521 	 1.00 
164.5000000000  	 0.0005510442 	 0.0005510025 	 0.0000196570 	 0.0000196604 	 1.00 
165.0000000000  	 0.0005429847 	 0.0005429418 	 0.0000193695 	 0.0000193729 	 1.00 
165.5000000000  	 0.0005350424 	 0.0005349998 	 0.0000190862 	 0.0000190895 	 1.00 
166.0000000000  	 0.0005272156 	 0.0005271747 	 0.0000188071 	 0.0000188101 	 1.00 
166.5000000000  	 0.0005195027 	 0.0005194647 	 0.0000185322 	 0.0000185348 	 1.00 
167.0000000000  	 0.0005119020 	 0.0005118680 	 0.0000182613 	 0.0000182635 	 1.00 
167.5000000000  	 0.0005044121 	 0.0005043829 	 0.0000179944 	 0.0000179962 	 1.00 
168.0000000000  	 0.0004970313 	 0.0004970077 	 0.0000177314 	 0.0000177327 	 1.00 
168.5000000000  	 0.0004897581 	 0.0004897407 	 0.0000174723 	 0.0000174731 	 1.00 
169.0000000000  	 0.0004825912 	 0.0004825802 	 0.0000172169 	 0.0000172172 	 1.00 
169.5000000000  	 0.0004755291 	 0.0004755245 	 0.0000169653 	 0.0000169652 	 1.00 
170.0000000000  	 0.0004685702 	 0.0004685719 	 0.0000167174 	 0.0000167168 	 1.00 
170.5000000000  	 0.0004617133 	 0.0004617209 	 0.0000164730 	 0.0000164721 	 1.00 
171.0000000000  	 0.0004549569 	 0.0004549700 	 0.0000162323 	 0.0000162310 	 1.00 
171.5000000000  	 0.0004482996 	 0.0004483174 	 0.0000159950 	 0.0000159934 	 1.00 
172.0000000000  	 0.0004417401 	 0.0004417618 	 0.0000157611 	 0.0000157594 	 1.00 
172.5000000000  	 0.0004352769 	 0.0004353016 	 0.0000155306 	 0.0000155288 	 1.00 
173.0000000000  	 0.0004289088 	 0.0004289354 	 0.0000153035 	 0.0000153016 	 1.00 
173.5000000000  	 0.0004226343 	 0.0004226620 	 0.0000150797 	 0.0000150778 	 1.00 
174.0000000000  	 0.0004164520 	 0.0004164798 	 0.0000148591 	 0.0000148572 	 1.00 
174.5000000000  	 0.0004103606 	 0.0004103875 	 0.0000146417 	 0.0000146400 	 1.00 
175.0000000000  	 0.0004043588 	 0.0004043840 	 0.0000144274 	 0.0000144259 	 1.00 
175.5000000000  	 0.0003984452 	 0.0003984679 	 0.0000142163 	 0.0000142150 	 1.00 
176.0000000000  	 0.0003926183 	 0.0003926379 	 0.0000140082 	 0.0000140072 	 1.00 
176.5000000000  	 0.0003868770 	 0.0003868930 	 0.0000138032 	 0.0000138024 	 1.00 
177.0000000000  	 0.0003812199 	 0.0003812320 	 0.0000136011 	 0.0000136007 	 1.00 
177.5000000000  	 0.0003756456 	 0.0003756536 	 0.0000134020 	 0.0000134019 	 1.00 
178.0000000000  	 0.0003701530 	 0.0003701567 	 0.0000132059 	 0.0000132060 	 1.00 
178.5000000000  	 0.0003647406 	 0.0003647403 	 0.0000130126 	 0.0000130129 	 1.00 
179.0000000000  	 0.0003594074 	 0.0003594031 	 0.0000128221 	 0.0000128227 	 1.00 
179.5000000000  	 0.0003541520 	 0.0003541442 	 0.0000126345 	 0.0000126352 	 1.00 
180.0000000000  	 0.0003489733 	 0.0003489624 	 0.0000124496 	 0.0000124505 	 1.00 
180.5000000000  	 0.0003438701 	 0.0003438567 	 0.0000122674 	 0.0000122684 	 1.00 
181.0000000000  	 0.0003388413 	 0.0003388259 	 0.0000120879 	 0.0000120890 	 1.00 
181.5000000000  	 0.0003338857 	 0.0003338689 	 0.0000119111 	 0.0000119122 	 1.00 
182.0000000000  	 0.0003290023 	 0.0003289848 	 0.0000117369 	 0.0000117380 	 1.00 
182.5000000000  	 0.0003241901 	 0.0003241725 	 0.0000115652 	 0.0000115663 	 1.00 
183.0000000000  	 0.0003194479 	 0.0003194308 	 0.0000113960 	 0.0000113971 	 1.00 
183.5000000000  	 0.0003147748 	 0.0003147587 	 0.0000112294 	 0.0000112303 	 1.00 
184.0000000000  	 0.0003101699 	 0.0003101553 	 0.0000110652 	 0.0000110660 	 1.00 
184.5000000000  	 0.0003056321 	 0.0003056194 	 0.0000109034 	 0.0000109041 	 1.00 
185.0000000000  	 0.0003011604 	 0.0003011500 	 0.0000107440 	 0.0000107445 	 1.00 
185.5000000000  	 0.0002967541 	 0.0002967462 	 0.0000105869 	 0.0000105872 	 1.00 
186.0000000000  	 0.0002924121 	 0.0002924068 	 0.0000104321 	 0.0000104323 	 1.00 
186.5000000000  	 0.0002881336 	 0.0002881309 	 0.0000102796 	 0.0000102796 	 1.00 
187.0000000000  	 0.0002839177 	 0.0002839176 	 0.0000101293 	 0.0000101292 	 1.00 
187.5000000000  	 0.0002797635 	 0.0002797659 	 0.0000099813 	 0.0000099809 	 1.00 
188.0000000000  	 0.0002756702 	 0.0002756748 	 0.0000098353 	 0.0000098349 	 1.00 
188.5000000000  	 0.0002716368 	 0.0002716434 	 0.0000096915 	 0.0000096910 	 1.00 
189.0000000000  	 0.0002676626 	 0.0002676708 	 0.0000095498 	 0.0000095492 	 1.00 
189.5000000000  	 0.0002637467 	 0.0002637562 	 0.0000094101 	 0.0000094095 	 1.00 
190.0000000000  	 0.0002598883 	 0.0002598987 	 0.0000092725 	 0.0000092718 	 1.00 
190.5000000000  	 0.0002560865 	 0.0002560974 	 0.0000091369 	 0.0000091362 	 1.00 
191.0000000000  	 0.0002523405 	 0.0002523515 	 0.0000090032 	 0.0000090025 	 1.00 
191.5000000000  	 0.0002486494 	 0.0002486602 	 0.0000088715 	 0.0000088709 	 1.00 
192.0000000000  	 0.0002450126 	 0.0002450228 	 0.0000087417 	 0.0000087411 	 1.00 
192.5000000000  	 0.0002414291 	 0.0002414383 	 0.0000086138 	 0.0000086133 	 1.00 
193.0000000000  	 0.0002378981 	 0.0002379062 	 0.0000084878 	 0.0000084874 	 1.00 
193.5000000000  	 0.0002344189 	 0.0002344256 	 0.0000083636 	 0.0000083633 	 1.00 
194.0000000000  	 0.0002309907 	 0.0002309959 	 0.0000082412 	 0.0000082410 	 1.00 
194.5000000000  	 0.0002276127 	 0.0002276163 	 0.0000081206 	 0.0000081205 	 1.00 
195.0000000000  	 0.0002242841 	 0.0002242861 	 0.0000080018 	 0.0000080018 	 1.00 
195.5000000000  	 0.0002210042 	 0.0002210045 	 0.0000078847 	 0.0000078848 	 1.00 
196.0000000000  	 0.0002177723 	 0.0002177711 	 0.0000077693 	 0.0000077695 	 1.00 
196.5000000000  	 0.0002145876 	 0.0002145849 	 0.0000076556 	 0.0000076559 	 1.00 
197.0000000000  	 0.0002114494 	 0.0002114455 	 0.0000075436 	 0.0000075439 	 1.00 
197.5000000000  	 0.0002083570 	 0.0002083520 	 0.0000074332 	 0.0000074336 	 1.00 
198.0000000000  	 0.0002053097 	 0.0002053039 	 0.0000073245 	 0.0000073249 	 1.00 
198.5000000000  	 0.0002023069 	 0.0002023005 	 0.0000072173 	 0.0000072178 	 1.00 
199.0000000000  	 0.0001993479 	 0.0001993412 	 0.0000071117 	 0.0000071122 	 1.00 
199.5000000000  	 0.0001964321 	 0.0001964252 	 0.0000070077 	 0.0000070082 	 1.00 
200.0000000000  	 0.0001935588 	 0.0001935521 	 0.0000069052 	 0.0000069056 	 1.00 
200.5000000000  	 0.0001907274 	 0.0001907210 	 0.0000068042 	 0.0000068046 	 1.00 
201.0000000000  	 0.0001879374 	 0.0001879315 	 0.0000067047 	 0.0000067051 	 1.00 
201.5000000000  	 0.0001851880 	 0.0001851829 	 0.0000066067 	 0.0000066070 	 1.00 
202.0000000000  	 0.0001824788 	 0.0001824745 	 0.0000065101 	 0.0000065103 	 1.00 
202.5000000000  	 0.0001798092 	 0.0001798058 	 0.0000064149 	 0.0000064150 	 1.00 
203.0000000000  	 0.0001771786 	 0.0001771762 	 0.0000063211 	 0.0000063212 	 1.00 
203.5000000000  	 0.0001745865 	 0.0001745851 	 0.0000062286 	 0.0000062287 	 1.00 
204.0000000000  	 0.0001720322 	 0.0001720319 	 0.0000061376 	 0.0000061375 	 1.00 
204.5000000000  	 0.0001695154 	 0.0001695160 	 0.0000060478 	 0.0000060477 	 1.00 
205.0000000000  	 0.0001670354 	 0.0001670369 	 0.0000059594 	 0.0000059592 	 1.00 
205.5000000000  	 0.0001645917 	 0.0001645940 	 0.0000058722 	 0.0000058720 	 1.00 
206.0000000000  	 0.0001621838 	 0.0001621868 	 0.0000057864 	 0.0000057861 	 1.00 
206.5000000000  	 0.0001598111 	 0.0001598147 	 0.0000057017 	 0.0000057015 	 1.00 
207.0000000000  	 0.0001574733 	 0.0001574772 	 0.0000056183 	 0.0000056181 	 1.00 
207.5000000000  	 0.0001551697 	 0.0001551739 	 0.0000055362 	 0.0000055359 	 1.00 
208.0000000000  	 0.0001528999 	 0.0001529042 	 0.0000054552 	 0.0000054549 	 1.00 
208.5000000000  	 0.0001506634 	 0.0001506676 	 0.0000053754 	 0.0000053751 	 1.00 
209.0000000000  	 0.0001484597 	 0.0001484637 	 0.0000052967 	 0.0000052965 	 1.00 
209.5000000000  	 0.0001462882 	 0.0001462919 	 0.0000052193 	 0.0000052191 	 1.00 
210.0000000000  	 0.0001441486 	 0.0001441519 	 0.0000051429 	 0.0000051427 	 1.00 
210.5000000000  	 0.0001420403 	 0.0001420431 	 0.0000050677 	 0.0000050675 	 1.00 
211.0000000000  	 0.0001399629 	 0.0001399651 	 0.0000049935 	 0.0000049934 	 1.00 
211.5000000000  	 0.0001379159 	 0.0001379175 	 0.0000049204 	 0.0000049204 	 1.00 
212.0000000000  	 0.0001358989 	 0.0001358998 	 0.0000048485 	 0.0000048484 	 1.00 
212.5000000000  	 0.0001339113 	 0.0001339117 	 0.0000047775 	 0.0000047775 	 1.00 
213.0000000000  	 0.0001319529 	 0.0001319526 	 0.0000047076 	 0.0000047077 	 1.00 
213.5000000000  	 0.0001300230 	 0.0001300222 	 0.0000046387 	 0.0000046388 	 1.00 
214.0000000000  	 0.0001281214 	 0.0001281200 	 0.0000045709 	 0.0000045710 	 1.00 
214.5000000000  	 0.0001262475 	 0.0001262457 	 0.0000045040 	 0.0000045041 	 1.00 
215.0000000000  	 0.0001244011 	 0.0001243989 	 0.0000044381 	 0.0000044383 	 1.00 
215.5000000000  	 0.0001225816 	 0.0001225791 	 0.0000043732 	 0.0000043734 	 1.00 
216.0000000000  	 0.0001207886 	 0.0001207860 	 0.0000043092 	 0.0000043094 	 1.00 
216.5000000000  	 0.0001190219 	 0.0001190192 	 0.0000042462 	 0.0000042463 	 1.00 
217.0000000000  	 0.0001172809 	 0.0001172782 	 0.0000041841 	 0.0000041842 	 1.00 
217.5000000000  	 0.0001155653 	 0.0001155628 	 0.0000041229 	 0.0000041230 	 1.00 
218.0000000000  	 0.0001138749 	 0.0001138725 	 0.0000040626 	 0.0000040627 	 1.00 
218.5000000000  	 0.0001122091 	 0.0001122070 	 0.0000040032 	 0.0000040033 	 1.00 
219.0000000000  	 0.0001105676 	 0.0001105658 	 0.0000039446 	 0.0000039447 	 1.00 
219.5000000000  	 0.0001089501 	 0.0001089487 	 0.0000038869 	 0.0000038870 	 1.00 
220.0000000000  	 0.0001073563 	 0.0001073552 	 0.0000038301 	 0.0000038301 	 1.00 
220.5000000000  	 0.0001057858 	 0.0001057851 	 0.0000037741 	 0.0000037741 	 1.00 
221.0000000000  	 0.0001042382 	 0.0001042379 	 0.0000037189 	 0.0000037189 	 1.00 
221.5000000000  	 0.0001027133 	 0.0001027134 	 0.0000036645 	 0.0000036645 	 1.00 
222.0000000000  	 0.0001012107 	 0.0001012111 	 0.0000036109 	 0.0000036109 	 1.00 
222.5000000000  	 0.0000997301 	 0.0000997309 	 0.0000035581 	 0.0000035580 	 1.00 
223.0000000000  	 0.0000982711 	 0.0000982722 	 0.0000035061 	 0.0000035060 	 1.00 
223.5000000000  	 0.0000968336 	 0.0000968349 	 0.0000034548 	 0.0000034547 	 1.00 
224.0000000000  	 0.0000954170 	 0.0000954185 	 0.0000034042 	 0.0000034041 	 1.00 
224.5000000000  	 0.0000940213 	 0.0000940229 	 0.0000033545 	 0.0000033543 	 1.00 
225.0000000000  	 0.0000926460 	 0.0000926476 	 0.0000033054 	 0.0000033053 	 1.00 
225.5000000000  	 0.0000912908 	 0.0000912924 	 0.0000032570 	 0.0000032569 	 1.00 
226.0000000000  	 0.0000899554 	 0.0000899570 	 0.0000032094 	 0.0000032093 	 1.00 
226.5000000000  	 0.0000886397 	 0.0000886412 	 0.0000031624 	 0.0000031624 	 1.00 
227.0000000000  	 0.0000873432 	 0.0000873445 	 0.0000031162 	 0.0000031161 	 1.00 
227.5000000000  	 0.0000860657 	 0.0000860668 	 0.0000030706 	 0.0000030705 	 1.00 
228.0000000000  	 0.0000848068 	 0.0000848078 	 0.0000030257 	 0.0000030256 	 1.00 
228.5000000000  	 0.0000835665 	 0.0000835672 	 0.0000029814 	 0.0000029814 	 1.00 
229.0000000000  	 0.0000823442 	 0.0000823447 	 0.0000029378 	 0.0000029378 	 1.00 
229.5000000000  	 0.0000811399 	 0.0000811401 	 0.0000028948 	 0.0000028948 	 1.00 
230.0000000000  	 0.0000799531 	 0.0000799531 	 0.0000028525 	 0.0000028525 	 1.00 
230.5000000000  	 0.0000787837 	 0.0000787835 	 0.0000028107 	 0.0000028108 	 1.00 
231.0000000000  	 0.0000776314 	 0.0000776310 	 0.0000027696 	 0.0000027696 	 1.00 
231.5000000000  	 0.0000764960 	 0.0000764953 	 0.0000027291 	 0.0000027291 	 1.00 
232.0000000000  	 0.0000753771 	 0.0000753763 	 0.0000026892 	 0.0000026892 	 1.00 
232.5000000000  	 0.0000742746 	 0.0000742737 	 0.0000026498 	 0.0000026499 	 1.00 
233.0000000000  	 0.0000731882 	 0.0000731872 	 0.0000026111 	 0.0000026111 	 1.00 
233.5000000000  	 0.0000721177 	 0.0000721167 	 0.0000025729 	 0.0000025729 	 1.00 
234.0000000000  	 0.0000710628 	 0.0000710618 	 0.0000025352 	 0.0000025353 	 1.00 
234.5000000000  	 0.0000700234 	 0.0000700224 	 0.0000024982 	 0.0000024982 	 1.00 
235.0000000000  	 0.0000689991 	 0.0000689981 	 0.0000024616 	 0.0000024617 	 1.00 
235.5000000000  	 0.0000679898 	 0.0000679889 	 0.0000024256 	 0.0000024257 	 1.00 
236.0000000000  	 0.0000669952 	 0.0000669945 	 0.0000023901 	 0.0000023902 	 1.00 
236.5000000000  	 0.0000660152 	 0.0000660146 	 0.0000023552 	 0.0000023552 	 1.00 
237.0000000000  	 0.0000650495 	 0.0000650490 	 0.0000023207 	 0.0000023208 	 1.00 
237.5000000000  	 0.0000640979 	 0.0000640976 	 0.0000022868 	 0.0000022868 	 1.00 
238.0000000000  	 0.0000631602 	 0.0000631601 	 0.0000022533 	 0.0000022533 	 1.00 
238.5000000000  	 0.0000622363 	 0.0000622363 	 0.0000022204 	 0.0000022204 	 1.00 
239.0000000000  	 0.0000613259 	 0.0000613260 	 0.0000021879 	 0.0000021879 	 1.00 
239.5000000000  	 0.0000604288 	 0.0000604290 	 0.0000021559 	 0.0000021559 	 1.00 
240.0000000000  	 0.0000595448 	 0.0000595452 	 0.0000021244 	 0.0000021244 	 1.00 
240.5000000000  	 0.0000586738 	 0.0000586743 	 0.0000020933 	 0.0000020933 	 1.00 
241.0000000000  	 0.0000578155 	 0.0000578160 	 0.0000020627 	 0.0000020627 	 1.00 
241.5000000000  	 0.0000569698 	 0.0000569704 	 0.0000020325 	 0.0000020325 	 1.00 
242.0000000000  	 0.0000561364 	 0.0000561371 	 0.0000020028 	 0.0000020028 	 1.00 
242.5000000000  	 0.0000553153 	 0.0000553159 	 0.0000019735 	 0.0000019735 	 1.00 
243.0000000000  	 0.0000545062 	 0.0000545068 	 0.0000019446 	 0.0000019446 	 1.00 
243.5000000000  	 0.0000537089 	 0.0000537095 	 0.0000019162 	 0.0000019162 	 1.00 
244.0000000000  	 0.0000529233 	 0.0000529239 	 0.0000018882 	 0.0000018881 	 1.00 
244.5000000000  	 0.0000521492 	 0.0000521497 	 0.0000018605 	 0.0000018605 	 1.00 
245.0000000000  	 0.0000513865 	 0.0000513868 	 0.0000018333 	 0.0000018333 	 1.00 
245.5000000000  	 0.0000506348 	 0.0000506351 	 0.0000018065 	 0.0000018065 	 1.00 
246.0000000000  	 0.0000498942 	 0.0000498944 	 0.0000017801 	 0.0000017801 	 1.00 
246.5000000000  	 0.0000491645 	 0.0000491646 	 0.0000017540 	 0.0000017540 	 1.00 
247.0000000000  	 0.0000484454 	 0.0000484454 	 0.0000017284 	 0.0000017284 	 1.00 
247.5000000000  	 0.0000477368 	 0.0000477367 	 0.0000017031 	 0.0000017031 	 1.00 
248.0000000000  	 0.0000470386 	 0.0000470384 	 0.0000016782 	 0.0000016782 	 1.00 
248.5000000000  	 0.0000463505 	 0.0000463503 	 0.0000016536 	 0.0000016536 	 1.00 
249.0000000000  	 0.0000456726 	 0.0000456723 	 0.0000016294 	 0.0000016295 	 1.00 
249.5000000000  	 0.0000450045 	 0.0000450042 	 0.0000016056 	 0.0000016056 	 1.00 
250.0000000000  	 0.0000443463 	 0.0000443459 	 0.0000015821 	 0.0000015821 	 1.00 
250.5000000000  	 0.0000436976 	 0.0000436972 	 0.0000015590 	 0.0000015590 	 1.00 
251.0000000000  	 0.0000430584 	 0.0000430580 	 0.0000015362 	 0.0000015362 	 1.00 
251.5000000000  	 0.0000424286 	 0.0000424282 	 0.0000015137 	 0.0000015137 	 1.00 
252.0000000000  	 0.0000418080 	 0.0000418076 	 0.0000014916 	 0.0000014916 	 1.00 
252.5000000000  	 0.0000411964 	 0.0000411961 	 0.0000014697 	 0.0000014698 	 1.00 
253.0000000000  	 0.0000405938 	 0.0000405935 	 0.0000014482 	 0.0000014483 	 1.00 
253.5000000000  	 0.0000400000 	 0.0000399998 	 0.0000014271 	 0.0000014271 	 1.00 
254.0000000000  	 0.0000394149 	 0.0000394147 	 0.0000014062 	 0.0000014062 	 1.00 
254.5000000000  	 0.0000388383 	 0.0000388382 	 0.0000013856 	 0.0000013856 	 1.00 
255.0000000000  	 0.0000382702 	 0.0000382701 	 0.0000013654 	 0.0000013654 	 1.00 
255.5000000000  	 0.0000377104 	 0.0000377104 	 0.0000013454 	 0.0000013454 	 1.00 
256.0000000000  	 0.0000371587 	 0.0000371588 	 0.0000013257 	 0.0000013257 	 1.00 
256.5000000000  	 0.0000366152 	 0.0000366153 	 0.0000013063 	 0.0000013063 	 1.00 
257.0000000000  	 0.0000360796 	 0.0000360797 	 0.0000012872 	 0.0000012872 	 1.00 
257.5000000000  	 0.0000355518 	 0.0000355520 	 0.0000012684 	 0.0000012684 	 1.00 
258.0000000000  	 0.0000350318 	 0.0000350320 	 0.0000012498 	 0.0000012498 	 1.00 
258.5000000000  	 0.0000345193 	 0.0000345196 	 0.0000012315 	 0.0000012315 	 1.00 
259.0000000000  	 0.0000340144 	 0.0000340146 	 0.0000012135 	 0.0000012135 	 1.00 
259.5000000000  	 0.0000335168 	 0.0000335171 	 0.0000011958 	 0.0000011958 	 1.00 
260.0000000000  	 0.0000330266 	 0.0000330268 	 0.0000011783 	 0.0000011783 	 1.00 
260.5000000000  	 0.0000325435 	 0.0000325437 	 0.0000011611 	 0.0000011610 	 1.00 
261.0000000000  	 0.0000320675 	 0.0000320677 	 0.0000011441 	 0.0000011441 	 1.00 
261.5000000000  	 0.0000315984 	 0.0000315986 	 0.0000011273 	 0.0000011273 	 1.00 
262.0000000000  	 0.0000311362 	 0.0000311364 	 0.0000011108 	 0.0000011108 	 1.00 
262.5000000000  	 0.0000306808 	 0.0000306809 	 0.0000010946 	 0.0000010946 	 1.00 
263.0000000000  	 0.0000302320 	 0.0000302321 	 0.0000010786 	 0.0000010786 	 1.00 
263.5000000000  	 0.0000297899 	 0.0000297899 	 0.0000010628 	 0.0000010628 	 1.00 
264.0000000000  	 0.0000293541 	 0.0000293541 	 0.0000010473 	 0.0000010473 	 1.00 
264.5000000000  	 0.0000289248 	 0.0000289248 	 0.0000010319 	 0.0000010319 	 1.00 
265.0000000000  	 0.0000285017 	 0.0000285016 	 0.0000010168 	 0.0000010168 	 1.00 
265.5000000000  	 0.0000280848 	 0.0000280847 	 0.0000010020 	 0.0000010020 	 1.00 
266.0000000000  	 0.0000276740 	 0.0000276739 	 0.0000009873 	 0.0000009873 	 1.00 
266.5000000000  	 0.0000272692 	 0.0000272691 	 0.0000009729 	 0.0000009729 	 1.00 
267.0000000000  	 0.0000268704 	 0.0000268702 	 0.0000009586 	 0.0000009586 	 1.00 
267.5000000000  	 0.0000264773 	 0.0000264772 	 0.0000009446 	 0.0000009446 	 1.00 
268.0000000000  	 0.0000260900 	 0.0000260899 	 0.0000009308 	 0.0000009308 	 1.00 
268.5000000000  	 0.0000257084 	 0.0000257082 	 0.0000009172 	 0.0000009172 	 1.00 
269.0000000000  	 0.0000253324 	 0.0000253322 	 0.0000009038 	 0.0000009038 	 1.00 
269.5000000000  	 0.0000249618 	 0.0000249617 	 0.0000008905 	 0.0000008906 	 1.00 
270.0000000000  	 0.0000245967 	 0.0000245965 	 0.0000008775 	 0.0000008775 	 1.00 
270.5000000000  	 0.0000242369 	 0.0000242368 	 0.0000008647 	 0.0000008647 	 1.00 
271.0000000000  	 0.0000238823 	 0.0000238823 	 0.0000008520 	 0.0000008520 	 1.00 
271.5000000000  	 0.0000235330 	 0.0000235329 	 0.0000008396 	 0.0000008396 	 1.00 
272.0000000000  	 0.0000231888 	 0.0000231887 	 0.0000008273 	 0.0000008273 	 1.00 
272.5000000000  	 0.0000228496 	 0.0000228495 	 0.0000008152 	 0.0000008152 	 1.00 
273.0000000000  	 0.0000225153 	 0.0000225153 	 0.0000008033 	 0.0000008033 	 1.00 
273.5000000000  	 0.0000221860 	 0.0000221860 	 0.0000007915 	 0.0000007915 	 1.00 
274.0000000000  	 0.0000218614 	 0.0000218615 	 0.0000007799 	 0.0000007799 	 1.00 
274.5000000000  	 0.0000215417 	 0.0000215417 	 0.0000007685 	 0.0000007685 	 1.00 
275.0000000000  	 0.0000212266 	 0.0000212266 	 0.0000007573 	 0.0000007573 	 1.00 
275.5000000000  	 0.0000209161 	 0.0000209161 	 0.0000007462 	 0.0000007462 	 1.00 
276.0000000000  	 0.0000206101 	 0.0000206102 	 0.0000007353 	 0.0000007353 	 1.00 
276.5000000000  	 0.0000203086 	 0.0000203087 	 0.0000007246 	 0.0000007245 	 1.00 
277.0000000000  	 0.0000200116 	 0.0000200117 	 0.0000007140 	 0.0000007139 	 1.00 
277.5000000000  	 0.0000197189 	 0.0000197189 	 0.0000007035 	 0.0000007035 	 1.00 
278.0000000000  	 0.0000194304 	 0.0000194305 	 0.0000006932 	 0.0000006932 	 1.00 
278.5000000000  	 0.0000191462 	 0.0000191463 	 0.0000006831 	 0.0000006831 	 1.00 
279.0000000000  	 0.0000188662 	 0.0000188662 	 0.0000006731 	 0.0000006731 	 1.00 
279.5000000000  	 0.0000185902 	 0.0000185903 	 0.0000006632 	 0.0000006632 	 1.00 
280.0000000000  	 0.0000183183 	 0.0000183183 	 0.0000006535 	 0.0000006535 	 1.00 
280.5000000000  	 0.0000180503 	 0.0000180504 	 0.0000006440 	 0.0000006440 	 1.00 
281.0000000000  	 0.0000177863 	 0.0000177863 	 0.0000006346 	 0.0000006346 	 1.00 
281.5000000000  	 0.0000175262 	 0.0000175262 	 0.0000006253 	 0.0000006253 	 1.00 
282.0000000000  	 0.0000172698 	 0.0000172698 	 0.0000006161 	 0.0000006161 	 1.00 
282.5000000000  	 0.0000170172 	 0.0000170172 	 0.0000006071 	 0.0000006071 	 1.00 
283.0000000000  	 0.0000167683 	 0.0000167682 	 0.0000005982 	 0.0000005982 	 1.00 
283.5000000000  	 0.0000165230 	 0.0000165230 	 0.0000005895 	 0.0000005895 	 1.00 
284.0000000000  	 0.0000162813 	 0.0000162813 	 0.0000005809 	 0.0000005809 	 1.00 
284.5000000000  	 0.0000160432 	 0.0000160431 	 0.0000005724 	 0.0000005724 	 1.00 
285.0000000000  	 0.0000158085 	 0.0000158085 	 0.0000005640 	 0.0000005640 	 1.00 
285.5000000000  	 0.0000155773 	 0.0000155772 	 0.0000005557 	 0.0000005557 	 1.00 
286.0000000000  	 0.0000153494 	 0.0000153494 	 0.0000005476 	 0.0000005476 	 1.00 
286.5000000000  	 0.0000151249 	 0.0000151248 	 0.0000005396 	 0.0000005396 	 1.00 
287.0000000000  	 0.0000149037 	 0.0000149036 	 0.0000005317 	 0.0000005317 	 1.00 
287.5000000000  	 0.0000146857 	 0.0000146856 	 0.0000005239 	 0.0000005239 	 1.00 
288.0000000000  	 0.0000144708 	 0.0000144708 	 0.0000005163 	 0.0000005163 	 1.00 
288.5000000000  	 0.0000142592 	 0.0000142591 	 0.0000005087 	 0.0000005087 	 1.00 
289.0000000000  	 0.0000140506 	 0.0000140506 	 0.0000005013 	 0.0000005013 	 1.00 
289.5000000000  	 0.0000138451 	 0.0000138451 	 0.0000004939 	 0.0000004939 	 1.00 
290.0000000000  	 0.0000136425 	 0.0000136425 	 0.0000004867 	 0.0000004867 	 1.00 
290.5000000000  	 0.0000134430 	 0.0000134430 	 0.0000004796 	 0.0000004796 	 1.00 
291.0000000000  	 0.0000132463 	 0.0000132464 	 0.0000004726 	 0.0000004726 	 1.00 
291.5000000000  	 0.0000130526 	 0.0000130526 	 0.0000004657 	 0.0000004657 	 1.00 
292.0000000000  	 0.0000128617 	 0.0000128617 	 0.0000004589 	 0.0000004589 	 1.00 
292.5000000000  	 0.0000126735 	 0.0000126735 	 0.0000004522 	 0.0000004521 	 1.00 
293.0000000000  	 0.0000124881 	 0.0000124882 	 0.0000004455 	 0.0000004455 	 1.00 
293.5000000000  	 0.0000123055 	 0.0000123055 	 0.0000004390 	 0.0000004390 	 1.00 
294.0000000000  	 0.0000121255 	 0.0000121255 	 0.0000004326 	 0.0000004326 	 1.00 
294.5000000000  	 0.0000119481 	 0.0000119481 	 0.0000004263 	 0.0000004263 	 1.00 
295.0000000000  	 0.0000117733 	 0.0000117734 	 0.0000004200 	 0.0000004200 	 1.00 
295.5000000000  	 0.0000116011 	 0.0000116012 	 0.0000004139 	 0.0000004139 	 1.00 
296.0000000000  	 0.0000114314 	 0.0000114315 	 0.0000004078 	 0.0000004078 	 1.00 
296.5000000000  	 0.0000112642 	 0.0000112642 	 0.0000004019 	 0.0000004019 	 1.00 
297.0000000000  	 0.0000110995 	 0.0000110995 	 0.0000003960 	 0.0000003960 	 1.00 
297.5000000000  	 0.0000109371 	 0.0000109371 	 0.0000003902 	 0.0000003902 	 1.00 
298.0000000000  	 0.0000107771 	 0.0000107771 	 0.0000003845 	 0.0000003845 	 1.00 
298.5000000000  	 0.0000106195 	 0.0000106195 	 0.0000003789 	 0.0000003789 	 1.00 
299.0000000000  	 0.0000104642 	 0.0000104642 	 0.0000003733 	 0.0000003733 	 1.00 
299.5000000000  	 0.0000103111 	 0.0000103111 	 0.0000003679 	 0.0000003679 	 1.00 
# end of calculation 2019_08_27_17_24_16 
# time difference 00_00_00_00_00_14 -- in Minutes 0 in Seconds 14 
