## Date: 27.8.2019 -- Time: 17:24:34  
## Gamma_l=0.5000000000 - Gamma_m=0.0000000000 - Gamma_r=0.5000000000 
## phi_l=1.0000000000 - phi_m=0.0000000000 - phi_r=0.5000000000 
## init_000=0.00 - init_001=0.00 - init_010=0.00 - init_011=1.00 
## dt=0.500000 - t_end=600 - fb=10 - cutoff=0.000001000000 -- Nbin=2 
0.0000000000 	0.0000000000 	0.0000000000 	0.0000000000 	1.0000000000 	1.0000000000 	
0.5000000000 	0.0528304930 	0.1770183650 	0.1770183650 	0.5931327968 	1.0000000198 	
1.0000000000 	0.1655409253 	0.2413262959 	0.2413262959 	0.3518065146 	1.0000000316 	
1.5000000000 	0.2950641786 	0.2481339390 	0.2481339390 	0.2086679819 	1.0000000386 	
2.0000000000 	0.4201548106 	0.2280387042 	0.2280387042 	0.1237678237 	1.0000000427 	
2.5000000000 	0.5315223922 	0.1975334488 	0.1975334488 	0.0734107554 	1.0000000452 	
3.0000000000 	0.6262063895 	0.1651256652 	0.1651256652 	0.0435423267 	1.0000000466 	
3.5000000000 	0.7044146397 	0.1348795129 	0.1348795129 	0.0258263820 	1.0000000475 	
4.0000000000 	0.7677828612 	0.1084493563 	0.1084493563 	0.0153184742 	1.0000000480 	
4.5000000000 	0.8184460628 	0.0862340480 	0.0862340480 	0.0090858894 	1.0000000483 	
5.0000000000 	0.8585676679 	0.0680216208 	0.0680216208 	0.0053891390 	1.0000000485 	
5.5000000000 	0.8638809551 	0.0663740889 	0.0663740883 	0.0033709164 	1.0000000487 	
6.0000000000 	0.8407000076 	0.0778743187 	0.0778743183 	0.0035514041 	1.0000000488 	
6.5000000000 	0.8099820465 	0.0919612624 	0.0919612621 	0.0060954779 	1.0000000490 	
7.0000000000 	0.7823417256 	0.1038351391 	0.1038352590 	0.0099852068 	0.9999973304 	
7.5000000000 	0.7621533313 	0.1119757225 	0.1119757948 	0.0138889828 	0.9999938314 	
8.0000000000 	0.7504818579 	0.1163393662 	0.1163380785 	0.0168301335 	0.9999894361 	
8.5000000000 	0.7468146848 	0.1173972252 	0.1173958106 	0.0183749493 	0.9999826700 	
9.0000000000 	0.7499824575 	0.1157317444 	0.1157298848 	0.0185346553 	0.9999787419 	
9.5000000000 	0.7586052196 	0.1118962963 	0.1118944923 	0.0175802875 	0.9999762957 	
10.0000000000 	0.7713097235 	0.1063908664 	0.1063899520 	0.0158781240 	0.9999686659 	
10.5000000000 	0.7865173376 	0.0999320651 	0.0999351321 	0.0135716143 	0.9999561490 	
11.0000000000 	0.8026676493 	0.0931619756 	0.0931633125 	0.0109496049 	0.9999425423 	
11.5000000000 	0.8183105984 	0.0865687863 	0.0865592653 	0.0084832884 	0.9999219384 	
12.0000000000 	0.8317901244 	0.0808752088 	0.0808509371 	0.0063830882 	0.9998993585 	
12.5000000000 	0.8421624914 	0.0764932709 	0.0764633111 	0.0047664496 	0.9998855230 	
13.0000000000 	0.8490906089 	0.0735668403 	0.0735321279 	0.0036701755 	0.9998597525 	
13.5000000000 	0.8529368139 	0.0719361353 	0.0718962175 	0.0030768320 	0.9998459987 	
14.0000000000 	0.8543689309 	0.0712899695 	0.0712447617 	0.0029328029 	0.9998364650 	
14.5000000000 	0.8541951967 	0.0712597337 	0.0712260586 	0.0031451947 	0.9998261837 	
15.0000000000 	0.8532746796 	0.0715010372 	0.0714568889 	0.0035913455 	0.9998239513 	
15.5000000000 	0.8521563208 	0.0717951400 	0.0717500230 	0.0040991020 	0.9998005858 	
16.0000000000 	0.8513673702 	0.0719669055 	0.0719071685 	0.0045242450 	0.9997656892 	
16.5000000000 	0.8513637026 	0.0718374681 	0.0717809105 	0.0047686249 	0.9997507061 	
17.0000000000 	0.8523818325 	0.0713157912 	0.0712550114 	0.0047833647 	0.9997359997 	
17.5000000000 	0.8545010284 	0.0703403502 	0.0702934388 	0.0045862383 	0.9997210558 	
18.0000000000 	0.8575732004 	0.0689769702 	0.0689283221 	0.0042194589 	0.9996979515 	
18.5000000000 	0.8613490903 	0.0673083746 	0.0672716176 	0.0037410882 	0.9996701708 	
19.0000000000 	0.8655108050 	0.0654776247 	0.0654465758 	0.0032187323 	0.9996537377 	
19.5000000000 	0.8696839498 	0.0636304575 	0.0636067807 	0.0027042969 	0.9996254850 	
20.0000000000 	0.8736374950 	0.0618739450 	0.0618510596 	0.0022513915 	0.9996138911 	
20.5000000000 	0.8771089586 	0.0603009704 	0.0602845831 	0.0018879995 	0.9995825117 	
21.0000000000 	0.8800000325 	0.0589590187 	0.0589589041 	0.0016328902 	0.9995508455 	
21.5000000000 	0.8822676948 	0.0578765743 	0.0578813568 	0.0014825009 	0.9995081268 	
22.0000000000 	0.8839877906 	0.0570357950 	0.0570396728 	0.0014218254 	0.9994850839 	
22.5000000000 	0.8851892803 	0.0564134644 	0.0564122503 	0.0014198738 	0.9994348687 	
23.0000000000 	0.8860855559 	0.0559363695 	0.0559385303 	0.0014468104 	0.9994072660 	
23.5000000000 	0.8868195956 	0.0555412959 	0.0555467399 	0.0014794537 	0.9993870851 	
24.0000000000 	0.8875231427 	0.0551652733 	0.0551757939 	0.0014983765 	0.9993625863 	
24.5000000000 	0.8883347579 	0.0547533419 	0.0547690691 	0.0014862817 	0.9993434506 	
25.0000000000 	0.8893105327 	0.0542764141 	0.0542890556 	0.0014398888 	0.9993158912 	
25.5000000000 	0.8904902376 	0.0537158582 	0.0537288196 	0.0013600847 	0.9992950000 	
26.0000000000 	0.8918681746 	0.0530673630 	0.0530841030 	0.0012536912 	0.9992733319 	
26.5000000000 	0.8934049200 	0.0523546733 	0.0523625538 	0.0011311326 	0.9992532796 	
27.0000000000 	0.8950359082 	0.0515937634 	0.0515954851 	0.0010003881 	0.9992255449 	
27.5000000000 	0.8966884795 	0.0508204044 	0.0508177039 	0.0008758855 	0.9992024732 	
28.0000000000 	0.8983050981 	0.0500597251 	0.0500492171 	0.0007688091 	0.9991828494 	
28.5000000000 	0.8998168599 	0.0493357382 	0.0493225026 	0.0006836264 	0.9991587271 	
29.0000000000 	0.9011864203 	0.0486739365 	0.0486549484 	0.0006198342 	0.9991351394 	
29.5000000000 	0.9023966715 	0.0480829118 	0.0480565217 	0.0005759688 	0.9991120737 	
30.0000000000 	0.9034539069 	0.0475558796 	0.0475285905 	0.0005461958 	0.9990845727 	
30.5000000000 	0.9043848663 	0.0470856765 	0.0470604312 	0.0005248178 	0.9990557918 	
31.0000000000 	0.9052157336 	0.0466629826 	0.0466393069 	0.0005099971 	0.9990280202 	
31.5000000000 	0.9059843126 	0.0462728046 	0.0462499574 	0.0004968731 	0.9990039477 	
32.0000000000 	0.9067272661 	0.0458975501 	0.0458728375 	0.0004789749 	0.9989766287 	
32.5000000000 	0.9074974724 	0.0455037473 	0.0454976027 	0.0004573615 	0.9989561838 	
33.0000000000 	0.9082438945 	0.0451493340 	0.0451129944 	0.0004308539 	0.9989370768 	
33.5000000000 	0.9090578542 	0.0447499461 	0.0447141636 	0.0004002053 	0.9989221692 	
34.0000000000 	0.9098970814 	0.0443337157 	0.0442995026 	0.0003680816 	0.9988983813 	
34.5000000000 	0.9107801885 	0.0439012829 	0.0438723318 	0.0003351875 	0.9988889907 	
35.0000000000 	0.9116701999 	0.0434585068 	0.0434341773 	0.0003032790 	0.9988661629 	
35.5000000000 	0.9125500579 	0.0430266972 	0.0429995587 	0.0002738045 	0.9988501182 	
36.0000000000 	0.9134183178 	0.0425911922 	0.0425702173 	0.0002478305 	0.9988275579 	
36.5000000000 	0.9142660573 	0.0421677007 	0.0421540077 	0.0002262418 	0.9988140076 	
37.0000000000 	0.9150693992 	0.0417610248 	0.0417530116 	0.0002067593 	0.9987901950 	
37.5000000000 	0.9158245954 	0.0413773479 	0.0413701013 	0.0001920278 	0.9987640724 	
38.0000000000 	0.9165279153 	0.0410138835 	0.0410091399 	0.0001804924 	0.9987314310 	
38.5000000000 	0.9172154348 	0.0406711038 	0.0406685952 	0.0001703655 	0.9987254993 	
39.0000000000 	0.9178592922 	0.0403419776 	0.0403448231 	0.0001607720 	0.9987068649 	
39.5000000000 	0.9184859291 	0.0400252830 	0.0400310325 	0.0001515081 	0.9986937527 	
40.0000000000 	0.9190961992 	0.0397155983 	0.0397244646 	0.0001425673 	0.9986788294 	
40.5000000000 	0.9196985847 	0.0394104200 	0.0394187211 	0.0001332124 	0.9986609382 	
41.0000000000 	0.9203013911 	0.0391021981 	0.0391086821 	0.0001240048 	0.9986362762 	
41.5000000000 	0.9208854598 	0.0388084777 	0.0388020797 	0.0001154155 	0.9986114326 	
42.0000000000 	0.9214697933 	0.0385027493 	0.0385054365 	0.0001050893 	0.9985830685 	
42.5000000000 	0.9220772260 	0.0381975525 	0.0381945178 	0.0000943575 	0.9985636538 	
43.0000000000 	0.9226775090 	0.0378920618 	0.0378848999 	0.0000849548 	0.9985394254 	
43.5000000000 	0.9232766266 	0.0375885702 	0.0375791541 	0.0000769937 	0.9985213445 	
44.0000000000 	0.9238644238 	0.0372889967 	0.0372785975 	0.0000704547 	0.9985024727 	
44.5000000000 	0.9244402314 	0.0369950381 	0.0369842481 	0.0000652921 	0.9984848097 	
45.0000000000 	0.9250026082 	0.0367073887 	0.0366965425 	0.0000614143 	0.9984679537 	
45.5000000000 	0.9255492808 	0.0364273554 	0.0364165885 	0.0000586427 	0.9984518674 	
46.0000000000 	0.9260828997 	0.0361544536 	0.0361433170 	0.0000562817 	0.9984369520 	
46.5000000000 	0.9266027302 	0.0358878788 	0.0358767687 	0.0000540083 	0.9984213861 	
47.0000000000 	0.9271111771 	0.0356264690 	0.0356173786 	0.0000520259 	0.9984070506 	
47.5000000000 	0.9276127720 	0.0353697630 	0.0353621733 	0.0000497460 	0.9983944542 	
48.0000000000 	0.9281088144 	0.0351158367 	0.0351100443 	0.0000470623 	0.9983817576 	
48.5000000000 	0.9285986937 	0.0348639610 	0.0348597481 	0.0000440314 	0.9983664342 	
49.0000000000 	0.9290880890 	0.0346137869 	0.0346108839 	0.0000407648 	0.9983535245 	
49.5000000000 	0.9295764340 	0.0343650440 	0.0343632345 	0.0000374059 	0.9983421184 	
50.0000000000 	0.9300626372 	0.0341175253 	0.0341169236 	0.0000345807 	0.9983316668 	
50.5000000000 	0.9305466271 	0.0338716682 	0.0338721482 	0.0000318218 	0.9983222652 	
51.0000000000 	0.9310269146 	0.0336278785 	0.0336293475 	0.0000292290 	0.9983133696 	
51.5000000000 	0.9315024833 	0.0333865328 	0.0333889156 	0.0000268857 	0.9983048175 	
52.0000000000 	0.9319722335 	0.0331479543 	0.0331511820 	0.0000251990 	0.9982965687 	
52.5000000000 	0.9324363540 	0.0329126899 	0.0329161760 	0.0000237427 	0.9982889627 	
53.0000000000 	0.9328941007 	0.0326807341 	0.0326843221 	0.0000226735 	0.9982818304 	
53.5000000000 	0.9333459462 	0.0324520616 	0.0324555727 	0.0000216502 	0.9982752308 	
54.0000000000 	0.9337921856 	0.0322264505 	0.0322297631 	0.0000206459 	0.9982690451 	
54.5000000000 	0.9342333994 	0.0320036205 	0.0320066568 	0.0000196300 	0.9982633067 	
55.0000000000 	0.9346701248 	0.0317833026 	0.0317859928 	0.0000185973 	0.9982580175 	
55.5000000000 	0.9351029005 	0.0315652132 	0.0315675159 	0.0000175367 	0.9982531663 	
56.0000000000 	0.9355322418 	0.0313490755 	0.0313509593 	0.0000164419 	0.9982487185 	
56.5000000000 	0.9359585033 	0.0311346801 	0.0311361244 	0.0000153218 	0.9982446296 	
57.0000000000 	0.9363818049 	0.0309219237 	0.0309229044 	0.0000142132 	0.9982408461 	
57.5000000000 	0.9368021499 	0.0307107466 	0.0307112794 	0.0000131468 	0.9982373227 	
58.0000000000 	0.9372194305 	0.0305011587 	0.0305012762 	0.0000121504 	0.9982340158 	
58.5000000000 	0.9376334901 	0.0302932033 	0.0302929644 	0.0000112373 	0.9982308951 	
59.0000000000 	0.9380442063 	0.0300869224 	0.0300863935 	0.0000104130 	0.9982279353 	
59.5000000000 	0.9384514596 	0.0298823672 	0.0298816156 	0.0000096791 	0.9982251215 	
60.0000000000 	0.9388551579 	0.0296795828 	0.0296786734 	0.0000090322 	0.9982224463 	
60.5000000000 	0.9392552575 	0.0294785969 	0.0294775900 	0.0000084636 	0.9982199080 	
61.0000000000 	0.9396517811 	0.0292794083 	0.0292783584 	0.0000079608 	0.9982175087 	
61.5000000000 	0.9400448152 	0.0290819859 	0.0290809413 	0.0000075092 	0.9982152516 	
62.0000000000 	0.9404344867 	0.0288862774 	0.0288852807 	0.0000070943 	0.9982131391 	
62.5000000000 	0.9408209411 	0.0286922194 	0.0286913068 	0.0000067040 	0.9982111713 	
63.0000000000 	0.9412043259 	0.0284997451 	0.0284989455 	0.0000063287 	0.9982093452 	
63.5000000000 	0.9415847736 	0.0283087923 	0.0283081268 	0.0000059621 	0.9982076548 	
64.0000000000 	0.9419623960 	0.0281193063 	0.0281187878 	0.0000056013 	0.9982060915 	
64.5000000000 	0.9423372792 	0.0279312431 	0.0279308766 	0.0000052459 	0.9982046448 	
65.0000000000 	0.9427094791 	0.0277445711 	0.0277443548 	0.0000048982 	0.9982033032 	
65.5000000000 	0.9430790231 	0.0275592717 	0.0275591981 	0.0000045616 	0.9982020546 	
66.0000000000 	0.9434459168 	0.0273753367 	0.0273753940 	0.0000042405 	0.9982008879 	
66.5000000000 	0.9438101522 	0.0271927647 	0.0271929378 	0.0000039386 	0.9981997933 	
67.0000000000 	0.9441717173 	0.0270115573 	0.0270118290 	0.0000036592 	0.9981987628 	
67.5000000000 	0.9445306033 	0.0268317158 	0.0268320673 	0.0000034037 	0.9981977901 	
68.0000000000 	0.9448868107 	0.0266532378 	0.0266536500 	0.0000031726 	0.9981968711 	
68.5000000000 	0.9452403518 	0.0264761163 	0.0264765703 	0.0000029646 	0.9981960030 	
69.0000000000 	0.9455912518 	0.0263003387 	0.0263008163 	0.0000027774 	0.9981951842 	
69.5000000000 	0.9459395471 	0.0261258872 	0.0261263714 	0.0000026082 	0.9981944139 	
70.0000000000 	0.9462852828 	0.0259527398 	0.0259532153 	0.0000024534 	0.9981936912 	
70.5000000000 	0.9466285086 	0.0257808718 	0.0257813252 	0.0000023100 	0.9981930155 	
71.0000000000 	0.9469692747 	0.0256102578 	0.0256106778 	0.0000021750 	0.9981923854 	
71.5000000000 	0.9473076288 	0.0254408732 	0.0254412509 	0.0000020463 	0.9981917991 	
72.0000000000 	0.9476436125 	0.0252726954 	0.0252730239 	0.0000019224 	0.9981912542 	
72.5000000000 	0.9479772609 	0.0251057048 	0.0251059797 	0.0000018026 	0.9981907480 	
73.0000000000 	0.9483086013 	0.0249398851 	0.0249401039 	0.0000016869 	0.9981902772 	
73.5000000000 	0.9486376551 	0.0247752230 	0.0247753850 	0.0000015756 	0.9981898386 	
74.0000000000 	0.9489644382 	0.0246117077 	0.0246118139 	0.0000014693 	0.9981894291 	
74.5000000000 	0.9492889635 	0.0244493301 	0.0244493831 	0.0000013690 	0.9981890458 	
75.0000000000 	0.9496112428 	0.0242880823 	0.0242880858 	0.0000012751 	0.9981886860 	
75.5000000000 	0.9499312881 	0.0241279564 	0.0241279152 	0.0000011882 	0.9981883479 	
76.0000000000 	0.9502491130 	0.0239689444 	0.0239688640 	0.0000011082 	0.9981880296 	
76.5000000000 	0.9505647337 	0.0238110372 	0.0238109239 	0.0000010352 	0.9981877300 	
77.0000000000 	0.9508781689 	0.0236542252 	0.0236540855 	0.0000000000 	0.9981864796 	
77.5000000000 	0.9511873733 	0.0234969268 	0.0234967963 	0.0000000000 	0.9981810965 	
78.0000000000 	0.9514966537 	0.0233422974 	0.0233421453 	0.0000000000 	0.9981810964 	
78.5000000000 	0.9518037639 	0.0231887483 	0.0231885842 	0.0000000000 	0.9981810964 	
79.0000000000 	0.9521087385 	0.0230362632 	0.0230360947 	0.0000000000 	0.9981810964 	
79.5000000000 	0.9524116107 	0.0228848262 	0.0228846595 	0.0000000000 	0.9981810964 	
80.0000000000 	0.9527124113 	0.0227344226 	0.0227342625 	0.0000000000 	0.9981810964 	
80.5000000000 	0.9530111679 	0.0225850388 	0.0225848898 	0.0000000000 	0.9981810964 	
81.0000000000 	0.9533079042 	0.0224366627 	0.0224365294 	0.0000000000 	0.9981810964 	
81.5000000000 	0.9536026398 	0.0222892844 	0.0222891722 	0.0000000000 	0.9981810964 	
82.0000000000 	0.9538953948 	0.0221428994 	0.0221428021 	0.0000000000 	0.9981810964 	
82.5000000000 	0.9541861919 	0.0219974918 	0.0219974127 	0.0000000000 	0.9981810964 	
83.0000000000 	0.9544750503 	0.0218530523 	0.0218529938 	0.0000000000 	0.9981810964 	
83.5000000000 	0.9547619778 	0.0217095776 	0.0217095410 	0.0000000000 	0.9981810964 	
84.0000000000 	0.9550469832 	0.0215670641 	0.0215670491 	0.0000000000 	0.9981810964 	
84.5000000000 	0.9553300765 	0.0214255070 	0.0214255129 	0.0000000000 	0.9981810964 	
85.0000000000 	0.9556112692 	0.0212849009 	0.0212849262 	0.0000000000 	0.9981810964 	
85.5000000000 	0.9558905742 	0.0211452398 	0.0211452823 	0.0000000000 	0.9981810963 	
86.0000000000 	0.9561680057 	0.0210065167 	0.0210065739 	0.0000000000 	0.9981810963 	
86.5000000000 	0.9564435788 	0.0208687243 	0.0208687932 	0.0000000000 	0.9981810963 	
87.0000000000 	0.9567173088 	0.0207318550 	0.0207319326 	0.0000000000 	0.9981810963 	
87.5000000000 	0.9569892110 	0.0205959009 	0.0205959845 	0.0000000000 	0.9981810963 	
88.0000000000 	0.9572593015 	0.0204608540 	0.0204609408 	0.0000000000 	0.9981810963 	
88.5000000000 	0.9575275962 	0.0203267065 	0.0203267937 	0.0000000000 	0.9981810963 	
89.0000000000 	0.9577941100 	0.0201934507 	0.0201935356 	0.0000000000 	0.9981810963 	
89.5000000000 	0.9580588570 	0.0200610797 	0.0200611596 	0.0000000000 	0.9981810963 	
90.0000000000 	0.9583218503 	0.0199295866 	0.0199296594 	0.0000000000 	0.9981810963 	
90.5000000000 	0.9585831022 	0.0197989652 	0.0197990289 	0.0000000000 	0.9981810963 	
91.0000000000 	0.9588426247 	0.0196692093 	0.0196692624 	0.0000000000 	0.9981810963 	
91.5000000000 	0.9591004293 	0.0195403128 	0.0195403542 	0.0000000000 	0.9981810963 	
92.0000000000 	0.9593565274 	0.0194122698 	0.0194122990 	0.0000000000 	0.9981810963 	
92.5000000000 	0.9596109306 	0.0192850745 	0.0192850912 	0.0000000000 	0.9981810963 	
93.0000000000 	0.9598636504 	0.0191587207 	0.0191587252 	0.0000000000 	0.9981810963 	
93.5000000000 	0.9601146984 	0.0190332026 	0.0190331954 	0.0000000000 	0.9981810963 	
94.0000000000 	0.9603640865 	0.0189085139 	0.0189084959 	0.0000000000 	0.9981810963 	
94.5000000000 	0.9606118268 	0.0187846486 	0.0187846209 	0.0000000000 	0.9981810963 	
95.0000000000 	0.9608579312 	0.0186616005 	0.0186615647 	0.0000000000 	0.9981810963 	
95.5000000000 	0.9611024116 	0.0185393635 	0.0185393212 	0.0000000000 	0.9981810963 	
96.0000000000 	0.9613452798 	0.0184179318 	0.0184178847 	0.0000000000 	0.9981810963 	
96.5000000000 	0.9615865474 	0.0182972995 	0.0182972494 	0.0000000000 	0.9981810963 	
97.0000000000 	0.9618262256 	0.0181774609 	0.0181774098 	0.0000000000 	0.9981810963 	
97.5000000000 	0.9620643256 	0.0180584106 	0.0180583601 	0.0000000000 	0.9981810963 	
98.0000000000 	0.9623008582 	0.0179401432 	0.0179400949 	0.0000000000 	0.9981810963 	
98.5000000000 	0.9625358341 	0.0178226534 	0.0178226088 	0.0000000000 	0.9981810963 	
99.0000000000 	0.9627692639 	0.0177059360 	0.0177058964 	0.0000000000 	0.9981810963 	
99.5000000000 	0.9630011578 	0.0175899861 	0.0175899524 	0.0000000000 	0.9981810963 	
100.0000000000 	0.9632315264 	0.0174747984 	0.0174747715 	0.0000000000 	0.9981810963 	
100.5000000000 	0.9634603798 	0.0173603681 	0.0173603485 	0.0000000000 	0.9981810963 	
101.0000000000 	0.9636877283 	0.0172466901 	0.0172466780 	0.0000000000 	0.9981810963 	
101.5000000000 	0.9639135821 	0.0171337594 	0.0171337548 	0.0000000000 	0.9981810963 	
102.0000000000 	0.9641379514 	0.0170215711 	0.0170215738 	0.0000000000 	0.9981810963 	
102.5000000000 	0.9643608463 	0.0169101203 	0.0169101297 	0.0000000000 	0.9981810963 	
103.0000000000 	0.9645822769 	0.0167994020 	0.0167994174 	0.0000000000 	0.9981810963 	
103.5000000000 	0.9648022531 	0.0166894114 	0.0166894318 	0.0000000000 	0.9981810963 	
104.0000000000 	0.9650207848 	0.0165801434 	0.0165801681 	0.0000000000 	0.9981810963 	
104.5000000000 	0.9652378818 	0.0164715934 	0.0164716211 	0.0000000000 	0.9981810963 	
105.0000000000 	0.9654535538 	0.0163637564 	0.0163637861 	0.0000000000 	0.9981810963 	
105.5000000000 	0.9656678103 	0.0162566278 	0.0162566583 	0.0000000000 	0.9981810963 	
106.0000000000 	0.9658806608 	0.0161502026 	0.0161502329 	0.0000000000 	0.9981810963 	
106.5000000000 	0.9660921147 	0.0160444763 	0.0160445053 	0.0000000000 	0.9981810963 	
107.0000000000 	0.9663021814 	0.0159394440 	0.0159394709 	0.0000000000 	0.9981810963 	
107.5000000000 	0.9665108700 	0.0158351012 	0.0158351251 	0.0000000000 	0.9981810963 	
108.0000000000 	0.9667181897 	0.0157309449 	0.0157309652 	0.0000000000 	0.9981800999 	
108.5000000000 	0.9669222692 	0.0156279861 	0.0156280098 	0.0000000000 	0.9981782650 	
109.0000000000 	0.9671268247 	0.0155257097 	0.0155257306 	0.0000000000 	0.9981782650 	
109.5000000000 	0.9673300417 	0.0154241052 	0.0154241181 	0.0000000000 	0.9981782650 	
110.0000000000 	0.9675319288 	0.0153231676 	0.0153231686 	0.0000000000 	0.9981782650 	
110.5000000000 	0.9677324948 	0.0152228920 	0.0152228782 	0.0000000000 	0.9981782650 	
111.0000000000 	0.9679317483 	0.0151232736 	0.0151232431 	0.0000000000 	0.9981782650 	
111.5000000000 	0.9681296978 	0.0150243075 	0.0150242597 	0.0000000000 	0.9981782650 	
112.0000000000 	0.9683263519 	0.0149259890 	0.0149259241 	0.0000000000 	0.9981782650 	
112.5000000000 	0.9685217190 	0.0148283134 	0.0148282326 	0.0000000000 	0.9981782650 	
113.0000000000 	0.9687158011 	0.0147312740 	0.0147311900 	0.0000000000 	0.9981782650 	
113.5000000000 	0.9689086211 	0.0146348621 	0.0146347818 	0.0000000000 	0.9981782650 	
114.0000000000 	0.9691001789 	0.0145390817 	0.0145390044 	0.0000000000 	0.9981782650 	
114.5000000000 	0.9692904829 	0.0144439281 	0.0144438540 	0.0000000000 	0.9981782650 	
115.0000000000 	0.9694795412 	0.0143493969 	0.0143493269 	0.0000000000 	0.9981782650 	
115.5000000000 	0.9696673621 	0.0142554838 	0.0142554190 	0.0000000000 	0.9981782650 	
116.0000000000 	0.9698539537 	0.0141621847 	0.0141621266 	0.0000000000 	0.9981782650 	
116.5000000000 	0.9700393240 	0.0140694954 	0.0140694456 	0.0000000000 	0.9981782650 	
117.0000000000 	0.9702234811 	0.0139774119 	0.0139773720 	0.0000000000 	0.9981782650 	
117.5000000000 	0.9704064329 	0.0138859304 	0.0138859017 	0.0000000000 	0.9981782650 	
118.0000000000 	0.9705881869 	0.0137950476 	0.0137950305 	0.0000000000 	0.9981782650 	
118.5000000000 	0.9707687512 	0.0137047599 	0.0137047539 	0.0000000000 	0.9981782650 	
119.0000000000 	0.9709481339 	0.0136150636 	0.0136150676 	0.0000000000 	0.9981782650 	
119.5000000000 	0.9711263427 	0.0135259546 	0.0135259677 	0.0000000000 	0.9981782650 	
120.0000000000 	0.9713033854 	0.0134374292 	0.0134374504 	0.0000000000 	0.9981782650 	
120.5000000000 	0.9714792695 	0.0133494836 	0.0133495119 	0.0000000000 	0.9981782650 	
121.0000000000 	0.9716540025 	0.0132621142 	0.0132621483 	0.0000000000 	0.9981782650 	
121.5000000000 	0.9718275920 	0.0131753171 	0.0131753558 	0.0000000000 	0.9981782650 	
122.0000000000 	0.9720000455 	0.0130890888 	0.0130891307 	0.0000000000 	0.9981782650 	
122.5000000000 	0.9721713704 	0.0130034256 	0.0130034690 	0.0000000000 	0.9981782650 	
123.0000000000 	0.9723415740 	0.0129183238 	0.0129183672 	0.0000000000 	0.9981782650 	
123.5000000000 	0.9725106637 	0.0128337796 	0.0128338217 	0.0000000000 	0.9981782650 	
124.0000000000 	0.9726786468 	0.0127497895 	0.0127498288 	0.0000000000 	0.9981782650 	
124.5000000000 	0.9728455304 	0.0126663495 	0.0126663851 	0.0000000000 	0.9981782650 	
125.0000000000 	0.9730113218 	0.0125834562 	0.0125834870 	0.0000000000 	0.9981782650 	
125.5000000000 	0.9731760282 	0.0125011057 	0.0125011312 	0.0000000000 	0.9981782650 	
126.0000000000 	0.9733396566 	0.0124192944 	0.0124193140 	0.0000000000 	0.9981782650 	
126.5000000000 	0.9735022142 	0.0123380187 	0.0123380321 	0.0000000000 	0.9981782650 	
127.0000000000 	0.9736637079 	0.0122572750 	0.0122572821 	0.0000000000 	0.9981782650 	
127.5000000000 	0.9738241448 	0.0121770597 	0.0121770606 	0.0000000000 	0.9981782650 	
128.0000000000 	0.9739835316 	0.0120973692 	0.0120973643 	0.0000000000 	0.9981782650 	
128.5000000000 	0.9741418754 	0.0120182000 	0.0120181897 	0.0000000000 	0.9981782650 	
129.0000000000 	0.9742991828 	0.0119395486 	0.0119395336 	0.0000000000 	0.9981782650 	
129.5000000000 	0.9744554608 	0.0118614116 	0.0118613927 	0.0000000000 	0.9981782650 	
130.0000000000 	0.9746107160 	0.0117837855 	0.0117837635 	0.0000000000 	0.9981782650 	
130.5000000000 	0.9747649551 	0.0117066671 	0.0117066429 	0.0000000000 	0.9981782650 	
131.0000000000 	0.9749181848 	0.0116300528 	0.0116300274 	0.0000000000 	0.9981782650 	
131.5000000000 	0.9750704116 	0.0115539396 	0.0115539139 	0.0000000000 	0.9981782650 	
132.0000000000 	0.9752216422 	0.0114783240 	0.0114782988 	0.0000000000 	0.9981782650 	
132.5000000000 	0.9753718831 	0.0114032029 	0.0114031791 	0.0000000000 	0.9981782650 	
133.0000000000 	0.9755211406 	0.0113285731 	0.0113285513 	0.0000000000 	0.9981782650 	
133.5000000000 	0.9756694214 	0.0112544313 	0.0112544123 	0.0000000000 	0.9981782650 	
134.0000000000 	0.9758167318 	0.0111807746 	0.0111807587 	0.0000000000 	0.9981782650 	
134.5000000000 	0.9759630780 	0.0111075997 	0.0111075873 	0.0000000000 	0.9981782650 	
135.0000000000 	0.9761084665 	0.0110349036 	0.0110348950 	0.0000000000 	0.9981782650 	
135.5000000000 	0.9762529035 	0.0109626832 	0.0109626784 	0.0000000000 	0.9981782650 	
136.0000000000 	0.9763963952 	0.0108909354 	0.0108909344 	0.0000000000 	0.9981782650 	
136.5000000000 	0.9765389478 	0.0108196573 	0.0108196599 	0.0000000000 	0.9981782650 	
137.0000000000 	0.9766805675 	0.0107488459 	0.0107488517 	0.0000000000 	0.9981782650 	
137.5000000000 	0.9768212604 	0.0106784980 	0.0106785067 	0.0000000000 	0.9981782650 	
138.0000000000 	0.9769610324 	0.0106086108 	0.0106086218 	0.0000000000 	0.9981782650 	
138.5000000000 	0.9770998898 	0.0105391811 	0.0105391941 	0.0000000000 	0.9981782650 	
139.0000000000 	0.9772378383 	0.0104702062 	0.0104702205 	0.0000000000 	0.9981782650 	
139.5000000000 	0.9773748841 	0.0104016829 	0.0104016980 	0.0000000000 	0.9981782650 	
140.0000000000 	0.9775110329 	0.0103336084 	0.0103336237 	0.0000000000 	0.9981782650 	
140.5000000000 	0.9776462907 	0.0102659796 	0.0102659946 	0.0000000000 	0.9981782650 	
141.0000000000 	0.9777806634 	0.0101987937 	0.0101988079 	0.0000000000 	0.9981782650 	
141.5000000000 	0.9779141566 	0.0101320478 	0.0101320607 	0.0000000000 	0.9981782650 	
142.0000000000 	0.9780467761 	0.0100657388 	0.0100657501 	0.0000000000 	0.9981782650 	
142.5000000000 	0.9781785277 	0.0099998639 	0.0099998734 	0.0000000000 	0.9981782650 	
143.0000000000 	0.9783094171 	0.0099344203 	0.0099344276 	0.0000000000 	0.9981782650 	
143.5000000000 	0.9784394498 	0.0098694051 	0.0098694101 	0.0000000000 	0.9981782650 	
144.0000000000 	0.9785686316 	0.0098048153 	0.0098048181 	0.0000000000 	0.9981782650 	
144.5000000000 	0.9786969679 	0.0097406483 	0.0097406489 	0.0000000000 	0.9981782650 	
145.0000000000 	0.9788244643 	0.0096769012 	0.0096768996 	0.0000000000 	0.9981782650 	
145.5000000000 	0.9789511263 	0.0096135711 	0.0096135676 	0.0000000000 	0.9981782650 	
146.0000000000 	0.9790769593 	0.0095506555 	0.0095506503 	0.0000000000 	0.9981782650 	
146.5000000000 	0.9792019689 	0.0094881514 	0.0094881448 	0.0000000000 	0.9981782650 	
147.0000000000 	0.9793261603 	0.0094260563 	0.0094260485 	0.0000000000 	0.9981782650 	
147.5000000000 	0.9794495389 	0.0093643673 	0.0093643588 	0.0000000000 	0.9981782650 	
148.0000000000 	0.9795721100 	0.0093030820 	0.0093030730 	0.0000000000 	0.9981782650 	
148.5000000000 	0.9796938790 	0.0092421975 	0.0092421885 	0.0000000000 	0.9981782650 	
149.0000000000 	0.9798148511 	0.0091817114 	0.0091817026 	0.0000000000 	0.9981782650 	
149.5000000000 	0.9799350314 	0.0091216210 	0.0091216126 	0.0000000000 	0.9981782650 	
150.0000000000 	0.9800544253 	0.0090619237 	0.0090619161 	0.0000000000 	0.9981782650 	
150.5000000000 	0.9801730377 	0.0090026170 	0.0090026104 	0.0000000000 	0.9981782650 	
151.0000000000 	0.9802908739 	0.0089436983 	0.0089436928 	0.0000000000 	0.9981782650 	
151.5000000000 	0.9804079389 	0.0088851652 	0.0088851610 	0.0000000000 	0.9981782650 	
152.0000000000 	0.9805242377 	0.0088270151 	0.0088270122 	0.0000000000 	0.9981782650 	
152.5000000000 	0.9806397755 	0.0087692456 	0.0087692440 	0.0000000000 	0.9981782650 	
153.0000000000 	0.9807545571 	0.0087118541 	0.0087118539 	0.0000000000 	0.9981782650 	
153.5000000000 	0.9808685875 	0.0086548383 	0.0086548393 	0.0000000000 	0.9981782650 	
154.0000000000 	0.9809818716 	0.0085981957 	0.0085981978 	0.0000000000 	0.9981782650 	
154.5000000000 	0.9810944143 	0.0085419238 	0.0085419269 	0.0000000000 	0.9981782650 	
155.0000000000 	0.9812062205 	0.0084860203 	0.0084860242 	0.0000000000 	0.9981782650 	
155.5000000000 	0.9813172950 	0.0084304827 	0.0084304873 	0.0000000000 	0.9981782650 	
156.0000000000 	0.9814276425 	0.0083753088 	0.0083753138 	0.0000000000 	0.9981782650 	
156.5000000000 	0.9815372678 	0.0083204960 	0.0083205012 	0.0000000000 	0.9981782650 	
157.0000000000 	0.9816461758 	0.0082660420 	0.0082660473 	0.0000000000 	0.9981782650 	
157.5000000000 	0.9817543709 	0.0082119445 	0.0082119496 	0.0000000000 	0.9981782650 	
158.0000000000 	0.9818618580 	0.0081582011 	0.0081582060 	0.0000000000 	0.9981782650 	
158.5000000000 	0.9819686416 	0.0081048095 	0.0081048139 	0.0000000000 	0.9981782650 	
159.0000000000 	0.9820747263 	0.0080517675 	0.0080517713 	0.0000000000 	0.9981782650 	
159.5000000000 	0.9821801168 	0.0079990725 	0.0079990757 	0.0000000000 	0.9981782650 	
160.0000000000 	0.9822848176 	0.0079467225 	0.0079467249 	0.0000000000 	0.9981782650 	
160.5000000000 	0.9823888331 	0.0078947152 	0.0078947168 	0.0000000000 	0.9981782650 	
161.0000000000 	0.9824921679 	0.0078430482 	0.0078430490 	0.0000000000 	0.9981782650 	
161.5000000000 	0.9825948264 	0.0077917193 	0.0077917194 	0.0000000000 	0.9981782650 	
162.0000000000 	0.9826968130 	0.0077407263 	0.0077407257 	0.0000000000 	0.9981782650 	
162.5000000000 	0.9827981322 	0.0076900671 	0.0076900658 	0.0000000000 	0.9981782650 	
163.0000000000 	0.9828987883 	0.0076397393 	0.0076397374 	0.0000000000 	0.9981782650 	
163.5000000000 	0.9829987857 	0.0075897408 	0.0075897385 	0.0000000000 	0.9981782650 	
164.0000000000 	0.9830981286 	0.0075400696 	0.0075400669 	0.0000000000 	0.9981782650 	
164.5000000000 	0.9831968214 	0.0074907233 	0.0074907204 	0.0000000000 	0.9981782650 	
165.0000000000 	0.9832948683 	0.0074416999 	0.0074416969 	0.0000000000 	0.9981782650 	
165.5000000000 	0.9833922735 	0.0073929973 	0.0073929942 	0.0000000000 	0.9981782650 	
166.0000000000 	0.9834890412 	0.0073446134 	0.0073446104 	0.0000000000 	0.9981782650 	
166.5000000000 	0.9835851756 	0.0072965461 	0.0072965433 	0.0000000000 	0.9981782650 	
167.0000000000 	0.9836806809 	0.0072487934 	0.0072487908 	0.0000000000 	0.9981782650 	
167.5000000000 	0.9837755611 	0.0072013531 	0.0072013509 	0.0000000000 	0.9981782650 	
168.0000000000 	0.9838698204 	0.0071542232 	0.0071542215 	0.0000000000 	0.9981782650 	
168.5000000000 	0.9839634627 	0.0071074018 	0.0071074005 	0.0000000000 	0.9981782650 	
169.0000000000 	0.9840564923 	0.0070608868 	0.0070608859 	0.0000000000 	0.9981782650 	
169.5000000000 	0.9841489130 	0.0070146763 	0.0070146758 	0.0000000000 	0.9981782650 	
170.0000000000 	0.9842407288 	0.0069687681 	0.0069687681 	0.0000000000 	0.9981782650 	
170.5000000000 	0.9843319438 	0.0069231604 	0.0069231608 	0.0000000000 	0.9981782650 	
171.0000000000 	0.9844225618 	0.0068778512 	0.0068778520 	0.0000000000 	0.9981782650 	
171.5000000000 	0.9845125867 	0.0068328386 	0.0068328397 	0.0000000000 	0.9981782650 	
172.0000000000 	0.9846020225 	0.0067881206 	0.0067881220 	0.0000000000 	0.9981782650 	
172.5000000000 	0.9846908730 	0.0067436952 	0.0067436968 	0.0000000000 	0.9981782650 	
173.0000000000 	0.9847791419 	0.0066995607 	0.0066995624 	0.0000000000 	0.9981782650 	
173.5000000000 	0.9848668332 	0.0066557150 	0.0066557168 	0.0000000000 	0.9981782650 	
174.0000000000 	0.9849539506 	0.0066121563 	0.0066121581 	0.0000000000 	0.9981782650 	
174.5000000000 	0.9850404978 	0.0065688827 	0.0065688845 	0.0000000000 	0.9981782650 	
175.0000000000 	0.9851264787 	0.0065258924 	0.0065258940 	0.0000000000 	0.9981782650 	
175.5000000000 	0.9852118968 	0.0064831834 	0.0064831849 	0.0000000000 	0.9981782650 	
176.0000000000 	0.9852967559 	0.0064407540 	0.0064407552 	0.0000000000 	0.9981782650 	
176.5000000000 	0.9853810596 	0.0063986022 	0.0063986032 	0.0000000000 	0.9981782650 	
177.0000000000 	0.9854648116 	0.0063567263 	0.0063567271 	0.0000000000 	0.9981782650 	
177.5000000000 	0.9855480155 	0.0063151245 	0.0063151250 	0.0000000000 	0.9981782650 	
178.0000000000 	0.9856306748 	0.0062737950 	0.0062737952 	0.0000000000 	0.9981782650 	
178.5000000000 	0.9857127932 	0.0062327359 	0.0062327359 	0.0000000000 	0.9981782650 	
179.0000000000 	0.9857943742 	0.0061919456 	0.0061919453 	0.0000000000 	0.9981782650 	
179.5000000000 	0.9858754212 	0.0061514221 	0.0061514217 	0.0000000000 	0.9981782650 	
180.0000000000 	0.9859559379 	0.0061111639 	0.0061111633 	0.0000000000 	0.9981782650 	
180.5000000000 	0.9860359275 	0.0060711692 	0.0060711683 	0.0000000000 	0.9981782650 	
181.0000000000 	0.9861153937 	0.0060314361 	0.0060314352 	0.0000000000 	0.9981782650 	
181.5000000000 	0.9861943398 	0.0059919631 	0.0059919621 	0.0000000000 	0.9981782650 	
182.0000000000 	0.9862727693 	0.0059527484 	0.0059527474 	0.0000000000 	0.9981782650 	
182.5000000000 	0.9863506854 	0.0059137903 	0.0059137893 	0.0000000000 	0.9981782650 	
183.0000000000 	0.9864280917 	0.0058750872 	0.0058750862 	0.0000000000 	0.9981782650 	
183.5000000000 	0.9865049913 	0.0058366373 	0.0058366364 	0.0000000000 	0.9981782650 	
184.0000000000 	0.9865813877 	0.0057984391 	0.0057984383 	0.0000000000 	0.9981782650 	
184.5000000000 	0.9866572841 	0.0057604908 	0.0057604901 	0.0000000000 	0.9981782650 	
185.0000000000 	0.9867326838 	0.0057227909 	0.0057227904 	0.0000000000 	0.9981782650 	
185.5000000000 	0.9868075900 	0.0056853378 	0.0056853373 	0.0000000000 	0.9981782651 	
186.0000000000 	0.9868820060 	0.0056481297 	0.0056481294 	0.0000000000 	0.9981782651 	
186.5000000000 	0.9869559350 	0.0056111651 	0.0056111650 	0.0000000000 	0.9981782651 	
187.0000000000 	0.9870293801 	0.0055744425 	0.0055744425 	0.0000000000 	0.9981782651 	
187.5000000000 	0.9871023446 	0.0055379602 	0.0055379603 	0.0000000000 	0.9981782651 	
188.0000000000 	0.9871748315 	0.0055017166 	0.0055017169 	0.0000000000 	0.9981782651 	
188.5000000000 	0.9872468441 	0.0054657103 	0.0054657107 	0.0000000000 	0.9981782651 	
189.0000000000 	0.9873183854 	0.0054299396 	0.0054299401 	0.0000000000 	0.9981782651 	
189.5000000000 	0.9873894584 	0.0053944030 	0.0053944036 	0.0000000000 	0.9981782651 	
190.0000000000 	0.9874600664 	0.0053590990 	0.0053590996 	0.0000000000 	0.9981782651 	
190.5000000000 	0.9875302122 	0.0053240261 	0.0053240267 	0.0000000000 	0.9981782651 	
191.0000000000 	0.9875998990 	0.0052891827 	0.0052891833 	0.0000000000 	0.9981782651 	
191.5000000000 	0.9876691297 	0.0052545674 	0.0052545680 	0.0000000000 	0.9981782651 	
192.0000000000 	0.9877379073 	0.0052201786 	0.0052201792 	0.0000000000 	0.9981782651 	
192.5000000000 	0.9878062347 	0.0051860149 	0.0051860154 	0.0000000000 	0.9981782651 	
193.0000000000 	0.9878741151 	0.0051520748 	0.0051520752 	0.0000000000 	0.9981782651 	
193.5000000000 	0.9879415511 	0.0051183568 	0.0051183571 	0.0000000000 	0.9981782651 	
194.0000000000 	0.9880085458 	0.0050848595 	0.0050848597 	0.0000000000 	0.9981782651 	
194.5000000000 	0.9880751021 	0.0050515814 	0.0050515815 	0.0000000000 	0.9981782651 	
195.0000000000 	0.9881412228 	0.0050185211 	0.0050185211 	0.0000000000 	0.9981782651 	
195.5000000000 	0.9882069108 	0.0049856771 	0.0049856771 	0.0000000000 	0.9981782651 	
196.0000000000 	0.9882721689 	0.0049530482 	0.0049530481 	0.0000000000 	0.9981782651 	
196.5000000000 	0.9883369998 	0.0049206327 	0.0049206325 	0.0000000000 	0.9981782651 	
197.0000000000 	0.9884014065 	0.0048884294 	0.0048884291 	0.0000000000 	0.9981782651 	
197.5000000000 	0.9884653917 	0.0048564368 	0.0048564365 	0.0000000000 	0.9981782651 	
198.0000000000 	0.9885289581 	0.0048246536 	0.0048246533 	0.0000000000 	0.9981782651 	
198.5000000000 	0.9885921085 	0.0047930784 	0.0047930781 	0.0000000000 	0.9981782651 	
199.0000000000 	0.9886548457 	0.0047617099 	0.0047617095 	0.0000000000 	0.9981782651 	
199.5000000000 	0.9887171722 	0.0047305466 	0.0047305463 	0.0000000000 	0.9981782651 	
200.0000000000 	0.9887790908 	0.0046995873 	0.0046995869 	0.0000000000 	0.9981782651 	
200.5000000000 	0.9888406042 	0.0046688306 	0.0046688303 	0.0000000000 	0.9981782651 	
201.0000000000 	0.9889017151 	0.0046382751 	0.0046382749 	0.0000000000 	0.9981782651 	
201.5000000000 	0.9889624259 	0.0046079197 	0.0046079194 	0.0000000000 	0.9981782651 	
202.0000000000 	0.9890227395 	0.0045777629 	0.0045777627 	0.0000000000 	0.9981782651 	
202.5000000000 	0.9890826583 	0.0045478034 	0.0045478033 	0.0000000000 	0.9981782651 	
203.0000000000 	0.9891421850 	0.0045180401 	0.0045180400 	0.0000000000 	0.9981782651 	
203.5000000000 	0.9892013221 	0.0044884715 	0.0044884714 	0.0000000000 	0.9981782651 	
204.0000000000 	0.9892600722 	0.0044590964 	0.0044590964 	0.0000000000 	0.9981782651 	
204.5000000000 	0.9893184378 	0.0044299136 	0.0044299137 	0.0000000000 	0.9981782651 	
205.0000000000 	0.9893764214 	0.0044009218 	0.0044009219 	0.0000000000 	0.9981782651 	
205.5000000000 	0.9894340256 	0.0043721197 	0.0043721198 	0.0000000000 	0.9981782651 	
206.0000000000 	0.9894912527 	0.0043435061 	0.0043435063 	0.0000000000 	0.9981782651 	
206.5000000000 	0.9895481053 	0.0043150798 	0.0043150800 	0.0000000000 	0.9981782651 	
207.0000000000 	0.9896045859 	0.0042868395 	0.0042868397 	0.0000000000 	0.9981782651 	
207.5000000000 	0.9896606968 	0.0042587840 	0.0042587842 	0.0000000000 	0.9981782651 	
208.0000000000 	0.9897164405 	0.0042309122 	0.0042309124 	0.0000000000 	0.9981782651 	
208.5000000000 	0.9897718193 	0.0042032228 	0.0042032230 	0.0000000000 	0.9981782651 	
209.0000000000 	0.9898268358 	0.0041757145 	0.0041757147 	0.0000000000 	0.9981782651 	
209.5000000000 	0.9898814922 	0.0041483864 	0.0041483865 	0.0000000000 	0.9981782651 	
210.0000000000 	0.9899357908 	0.0041212370 	0.0041212372 	0.0000000000 	0.9981782651 	
210.5000000000 	0.9899897342 	0.0040942654 	0.0040942655 	0.0000000000 	0.9981782651 	
211.0000000000 	0.9900433244 	0.0040674703 	0.0040674703 	0.0000000000 	0.9981782651 	
211.5000000000 	0.9900965640 	0.0040408505 	0.0040408506 	0.0000000000 	0.9981782651 	
212.0000000000 	0.9901494551 	0.0040144050 	0.0040144050 	0.0000000000 	0.9981782651 	
212.5000000000 	0.9902020001 	0.0039881325 	0.0039881325 	0.0000000000 	0.9981782651 	
213.0000000000 	0.9902542012 	0.0039620319 	0.0039620319 	0.0000000000 	0.9981782651 	
213.5000000000 	0.9903060607 	0.0039361022 	0.0039361022 	0.0000000000 	0.9981782651 	
214.0000000000 	0.9903575807 	0.0039103422 	0.0039103421 	0.0000000000 	0.9981782651 	
214.5000000000 	0.9904087636 	0.0038847508 	0.0038847507 	0.0000000000 	0.9981782651 	
215.0000000000 	0.9904596115 	0.0038593268 	0.0038593267 	0.0000000000 	0.9981782651 	
215.5000000000 	0.9905101267 	0.0038340692 	0.0038340691 	0.0000000000 	0.9981782651 	
216.0000000000 	0.9905603112 	0.0038089770 	0.0038089769 	0.0000000000 	0.9981782651 	
216.5000000000 	0.9906101673 	0.0037840489 	0.0037840488 	0.0000000000 	0.9981782651 	
217.0000000000 	0.9906596972 	0.0037592840 	0.0037592839 	0.0000000000 	0.9981782651 	
217.5000000000 	0.9907089028 	0.0037346812 	0.0037346811 	0.0000000000 	0.9981782651 	
218.0000000000 	0.9907577865 	0.0037102393 	0.0037102392 	0.0000000000 	0.9981782651 	
218.5000000000 	0.9908063502 	0.0036859575 	0.0036859574 	0.0000000000 	0.9981782651 	
219.0000000000 	0.9908545961 	0.0036618345 	0.0036618344 	0.0000000000 	0.9981782651 	
219.5000000000 	0.9909025263 	0.0036378694 	0.0036378694 	0.0000000000 	0.9981782651 	
220.0000000000 	0.9909501427 	0.0036140612 	0.0036140612 	0.0000000000 	0.9981782651 	
220.5000000000 	0.9909974476 	0.0035904088 	0.0035904087 	0.0000000000 	0.9981782651 	
221.0000000000 	0.9910444428 	0.0035669111 	0.0035669111 	0.0000000000 	0.9981782651 	
221.5000000000 	0.9910911305 	0.0035435673 	0.0035435673 	0.0000000000 	0.9981782651 	
222.0000000000 	0.9911375126 	0.0035203762 	0.0035203762 	0.0000000000 	0.9981782651 	
222.5000000000 	0.9911835912 	0.0034973369 	0.0034973369 	0.0000000000 	0.9981782651 	
223.0000000000 	0.9912293682 	0.0034744484 	0.0034744484 	0.0000000000 	0.9981782651 	
223.5000000000 	0.9912748457 	0.0034517097 	0.0034517097 	0.0000000000 	0.9981782651 	
224.0000000000 	0.9913200255 	0.0034291198 	0.0034291198 	0.0000000000 	0.9981782651 	
224.5000000000 	0.9913649096 	0.0034066777 	0.0034066778 	0.0000000000 	0.9981782651 	
225.0000000000 	0.9914095000 	0.0033843825 	0.0033843826 	0.0000000000 	0.9981782651 	
225.5000000000 	0.9914537985 	0.0033622332 	0.0033622333 	0.0000000000 	0.9981782651 	
226.0000000000 	0.9914978071 	0.0033402289 	0.0033402290 	0.0000000000 	0.9981782651 	
226.5000000000 	0.9915415278 	0.0033183686 	0.0033183687 	0.0000000000 	0.9981782651 	
227.0000000000 	0.9915849622 	0.0032966514 	0.0032966514 	0.0000000000 	0.9981782651 	
227.5000000000 	0.9916281125 	0.0032750763 	0.0032750763 	0.0000000000 	0.9981782651 	
228.0000000000 	0.9916709803 	0.0032536424 	0.0032536424 	0.0000000000 	0.9981782651 	
228.5000000000 	0.9917135676 	0.0032323487 	0.0032323488 	0.0000000000 	0.9981782651 	
229.0000000000 	0.9917558761 	0.0032111945 	0.0032111945 	0.0000000000 	0.9981782651 	
229.5000000000 	0.9917979078 	0.0031901786 	0.0031901786 	0.0000000000 	0.9981782651 	
230.0000000000 	0.9918396644 	0.0031693003 	0.0031693003 	0.0000000000 	0.9981782651 	
230.5000000000 	0.9918811477 	0.0031485587 	0.0031485587 	0.0000000000 	0.9981782651 	
231.0000000000 	0.9919223595 	0.0031279528 	0.0031279527 	0.0000000000 	0.9981782651 	
231.5000000000 	0.9919633016 	0.0031074817 	0.0031074817 	0.0000000000 	0.9981782651 	
232.0000000000 	0.9920039758 	0.0030871446 	0.0030871446 	0.0000000000 	0.9981782651 	
232.5000000000 	0.9920443838 	0.0030669407 	0.0030669406 	0.0000000000 	0.9981782651 	
233.0000000000 	0.9920845273 	0.0030468689 	0.0030468689 	0.0000000000 	0.9981782651 	
233.5000000000 	0.9921244081 	0.0030269285 	0.0030269285 	0.0000000000 	0.9981782651 	
234.0000000000 	0.9921640279 	0.0030071186 	0.0030071186 	0.0000000000 	0.9981782651 	
234.5000000000 	0.9922033884 	0.0029874384 	0.0029874383 	0.0000000000 	0.9981782651 	
235.0000000000 	0.9922424913 	0.0029678869 	0.0029678869 	0.0000000000 	0.9981782651 	
235.5000000000 	0.9922813383 	0.0029484634 	0.0029484634 	0.0000000000 	0.9981782651 	
236.0000000000 	0.9923199310 	0.0029291670 	0.0029291670 	0.0000000000 	0.9981782651 	
236.5000000000 	0.9923582712 	0.0029099969 	0.0029099969 	0.0000000000 	0.9981782651 	
237.0000000000 	0.9923963605 	0.0028909523 	0.0028909523 	0.0000000000 	0.9981782651 	
237.5000000000 	0.9924342005 	0.0028720323 	0.0028720323 	0.0000000000 	0.9981782651 	
238.0000000000 	0.9924717928 	0.0028532361 	0.0028532361 	0.0000000000 	0.9981782651 	
238.5000000000 	0.9925091391 	0.0028345630 	0.0028345630 	0.0000000000 	0.9981782651 	
239.0000000000 	0.9925462410 	0.0028160120 	0.0028160120 	0.0000000000 	0.9981782651 	
239.5000000000 	0.9925831001 	0.0027975825 	0.0027975825 	0.0000000000 	0.9981782651 	
240.0000000000 	0.9926197180 	0.0027792735 	0.0027792736 	0.0000000000 	0.9981782651 	
240.5000000000 	0.9926560962 	0.0027610844 	0.0027610844 	0.0000000000 	0.9981782651 	
241.0000000000 	0.9926922363 	0.0027430144 	0.0027430144 	0.0000000000 	0.9981782651 	
241.5000000000 	0.9927281399 	0.0027250626 	0.0027250626 	0.0000000000 	0.9981782651 	
242.0000000000 	0.9927638086 	0.0027072282 	0.0027072283 	0.0000000000 	0.9981782651 	
242.5000000000 	0.9927992438 	0.0026895106 	0.0026895107 	0.0000000000 	0.9981782651 	
243.0000000000 	0.9928344471 	0.0026719090 	0.0026719090 	0.0000000000 	0.9981782651 	
243.5000000000 	0.9928694200 	0.0026544225 	0.0026544226 	0.0000000000 	0.9981782651 	
244.0000000000 	0.9929041640 	0.0026370505 	0.0026370505 	0.0000000000 	0.9981782651 	
244.5000000000 	0.9929386806 	0.0026197922 	0.0026197922 	0.0000000000 	0.9981782651 	
245.0000000000 	0.9929729714 	0.0026026468 	0.0026026468 	0.0000000000 	0.9981782651 	
245.5000000000 	0.9930070377 	0.0025856137 	0.0025856137 	0.0000000000 	0.9981782651 	
246.0000000000 	0.9930408811 	0.0025686920 	0.0025686920 	0.0000000000 	0.9981782651 	
246.5000000000 	0.9930745030 	0.0025518810 	0.0025518810 	0.0000000000 	0.9981782651 	
247.0000000000 	0.9931079048 	0.0025351801 	0.0025351801 	0.0000000000 	0.9981782651 	
247.5000000000 	0.9931410881 	0.0025185885 	0.0025185885 	0.0000000000 	0.9981782651 	
248.0000000000 	0.9931740541 	0.0025021055 	0.0025021055 	0.0000000000 	0.9981782651 	
248.5000000000 	0.9932068045 	0.0024857303 	0.0024857303 	0.0000000000 	0.9981782651 	
249.0000000000 	0.9932393405 	0.0024694623 	0.0024694623 	0.0000000000 	0.9981782651 	
249.5000000000 	0.9932716635 	0.0024533008 	0.0024533008 	0.0000000000 	0.9981782651 	
250.0000000000 	0.9933037750 	0.0024372450 	0.0024372450 	0.0000000000 	0.9981782651 	
250.5000000000 	0.9933356764 	0.0024212943 	0.0024212943 	0.0000000000 	0.9981782651 	
251.0000000000 	0.9933673690 	0.0024054480 	0.0024054480 	0.0000000000 	0.9981782651 	
251.5000000000 	0.9933988542 	0.0023897055 	0.0023897054 	0.0000000000 	0.9981782651 	
252.0000000000 	0.9934301333 	0.0023740659 	0.0023740659 	0.0000000000 	0.9981782651 	
252.5000000000 	0.9934612077 	0.0023585287 	0.0023585287 	0.0000000000 	0.9981782651 	
253.0000000000 	0.9934920787 	0.0023430932 	0.0023430932 	0.0000000000 	0.9981782651 	
253.5000000000 	0.9935227477 	0.0023277587 	0.0023277587 	0.0000000000 	0.9981782651 	
254.0000000000 	0.9935532160 	0.0023125245 	0.0023125245 	0.0000000000 	0.9981782651 	
254.5000000000 	0.9935834849 	0.0022973901 	0.0022973901 	0.0000000000 	0.9981782651 	
255.0000000000 	0.9936135557 	0.0022823547 	0.0022823547 	0.0000000000 	0.9981782651 	
255.5000000000 	0.9936434296 	0.0022674177 	0.0022674177 	0.0000000000 	0.9981782651 	
256.0000000000 	0.9936731081 	0.0022525785 	0.0022525785 	0.0000000000 	0.9981782651 	
256.5000000000 	0.9937025924 	0.0022378363 	0.0022378364 	0.0000000000 	0.9981782651 	
257.0000000000 	0.9937318836 	0.0022231907 	0.0022231907 	0.0000000000 	0.9981782651 	
257.5000000000 	0.9937609832 	0.0022086409 	0.0022086409 	0.0000000000 	0.9981782651 	
258.0000000000 	0.9937898924 	0.0021941863 	0.0021941863 	0.0000000000 	0.9981782651 	
258.5000000000 	0.9938186123 	0.0021798264 	0.0021798264 	0.0000000000 	0.9981782651 	
259.0000000000 	0.9938471443 	0.0021655604 	0.0021655604 	0.0000000000 	0.9981782651 	
259.5000000000 	0.9938754896 	0.0021513878 	0.0021513878 	0.0000000000 	0.9981782651 	
260.0000000000 	0.9939036493 	0.0021373079 	0.0021373079 	0.0000000000 	0.9981782651 	
260.5000000000 	0.9939316248 	0.0021233202 	0.0021233202 	0.0000000000 	0.9981782651 	
261.0000000000 	0.9939594171 	0.0021094240 	0.0021094240 	0.0000000000 	0.9981782651 	
261.5000000000 	0.9939870276 	0.0020956187 	0.0020956187 	0.0000000000 	0.9981782651 	
262.0000000000 	0.9940144574 	0.0020819038 	0.0020819038 	0.0000000000 	0.9981782651 	
262.5000000000 	0.9940417076 	0.0020682787 	0.0020682787 	0.0000000000 	0.9981782651 	
263.0000000000 	0.9940687796 	0.0020547427 	0.0020547428 	0.0000000000 	0.9981782651 	
263.5000000000 	0.9940956743 	0.0020412954 	0.0020412954 	0.0000000000 	0.9981782651 	
264.0000000000 	0.9941223931 	0.0020279360 	0.0020279360 	0.0000000000 	0.9981782651 	
264.5000000000 	0.9941489369 	0.0020146641 	0.0020146641 	0.0000000000 	0.9981782651 	
265.0000000000 	0.9941753071 	0.0020014790 	0.0020014790 	0.0000000000 	0.9981782651 	
265.5000000000 	0.9942015047 	0.0019883802 	0.0019883802 	0.0000000000 	0.9981782651 	
266.0000000000 	0.9942275308 	0.0019753671 	0.0019753671 	0.0000000000 	0.9981782651 	
266.5000000000 	0.9942533866 	0.0019624392 	0.0019624392 	0.0000000000 	0.9981782651 	
267.0000000000 	0.9942790732 	0.0019495960 	0.0019495960 	0.0000000000 	0.9981782651 	
267.5000000000 	0.9943045916 	0.0019368367 	0.0019368367 	0.0000000000 	0.9981782651 	
268.0000000000 	0.9943299431 	0.0019241610 	0.0019241610 	0.0000000000 	0.9981782651 	
268.5000000000 	0.9943551286 	0.0019115682 	0.0019115682 	0.0000000000 	0.9981782651 	
269.0000000000 	0.9943801494 	0.0018990579 	0.0018990579 	0.0000000000 	0.9981782651 	
269.5000000000 	0.9944050063 	0.0018866294 	0.0018866294 	0.0000000000 	0.9981782651 	
270.0000000000 	0.9944297006 	0.0018742822 	0.0018742822 	0.0000000000 	0.9981782651 	
270.5000000000 	0.9944542333 	0.0018620159 	0.0018620159 	0.0000000000 	0.9981782651 	
271.0000000000 	0.9944786054 	0.0018498298 	0.0018498298 	0.0000000000 	0.9981782651 	
271.5000000000 	0.9945028181 	0.0018377235 	0.0018377235 	0.0000000000 	0.9981782651 	
272.0000000000 	0.9945268722 	0.0018256964 	0.0018256964 	0.0000000000 	0.9981782651 	
272.5000000000 	0.9945507690 	0.0018137481 	0.0018137481 	0.0000000000 	0.9981782651 	
273.0000000000 	0.9945745093 	0.0018018779 	0.0018018779 	0.0000000000 	0.9981782651 	
273.5000000000 	0.9945980943 	0.0017900854 	0.0017900854 	0.0000000000 	0.9981782651 	
274.0000000000 	0.9946215249 	0.0017783701 	0.0017783701 	0.0000000000 	0.9981782651 	
274.5000000000 	0.9946448022 	0.0017667314 	0.0017667314 	0.0000000000 	0.9981782651 	
275.0000000000 	0.9946679271 	0.0017551690 	0.0017551690 	0.0000000000 	0.9981782651 	
275.5000000000 	0.9946909007 	0.0017436822 	0.0017436822 	0.0000000000 	0.9981782651 	
276.0000000000 	0.9947137240 	0.0017322706 	0.0017322706 	0.0000000000 	0.9981782651 	
276.5000000000 	0.9947363978 	0.0017209336 	0.0017209336 	0.0000000000 	0.9981782651 	
277.0000000000 	0.9947589233 	0.0017096709 	0.0017096709 	0.0000000000 	0.9981782651 	
277.5000000000 	0.9947813014 	0.0016984818 	0.0016984818 	0.0000000000 	0.9981782651 	
278.0000000000 	0.9948035330 	0.0016873660 	0.0016873660 	0.0000000000 	0.9981782651 	
278.5000000000 	0.9948256191 	0.0016763230 	0.0016763230 	0.0000000000 	0.9981782651 	
279.0000000000 	0.9948475607 	0.0016653522 	0.0016653522 	0.0000000000 	0.9981782651 	
279.5000000000 	0.9948693587 	0.0016544532 	0.0016544532 	0.0000000000 	0.9981782651 	
280.0000000000 	0.9948910140 	0.0016436255 	0.0016436255 	0.0000000000 	0.9981782651 	
280.5000000000 	0.9949125276 	0.0016328687 	0.0016328687 	0.0000000000 	0.9981782651 	
281.0000000000 	0.9949339004 	0.0016221824 	0.0016221823 	0.0000000000 	0.9981782651 	
281.5000000000 	0.9949551333 	0.0016115659 	0.0016115659 	0.0000000000 	0.9981782651 	
282.0000000000 	0.9949762272 	0.0016010189 	0.0016010189 	0.0000000000 	0.9981782651 	
282.5000000000 	0.9949971832 	0.0015905410 	0.0015905410 	0.0000000000 	0.9981782651 	
283.0000000000 	0.9950180019 	0.0015801316 	0.0015801316 	0.0000000000 	0.9981782651 	
283.5000000000 	0.9950386844 	0.0015697903 	0.0015697903 	0.0000000000 	0.9981782651 	
284.0000000000 	0.9950592316 	0.0015595167 	0.0015595167 	0.0000000000 	0.9981782651 	
284.5000000000 	0.9950796443 	0.0015493104 	0.0015493104 	0.0000000000 	0.9981782651 	
285.0000000000 	0.9950999234 	0.0015391709 	0.0015391709 	0.0000000000 	0.9981782651 	
285.5000000000 	0.9951200697 	0.0015290977 	0.0015290977 	0.0000000000 	0.9981782651 	
286.0000000000 	0.9951400843 	0.0015190904 	0.0015190904 	0.0000000000 	0.9981782651 	
286.5000000000 	0.9951599678 	0.0015091486 	0.0015091486 	0.0000000000 	0.9981782651 	
287.0000000000 	0.9951797212 	0.0014992719 	0.0014992719 	0.0000000000 	0.9981782651 	
287.5000000000 	0.9951993453 	0.0014894599 	0.0014894599 	0.0000000000 	0.9981782651 	
288.0000000000 	0.9952188410 	0.0014797120 	0.0014797120 	0.0000000000 	0.9981782651 	
288.5000000000 	0.9952382092 	0.0014700280 	0.0014700280 	0.0000000000 	0.9981782651 	
289.0000000000 	0.9952574505 	0.0014604073 	0.0014604073 	0.0000000000 	0.9981782651 	
289.5000000000 	0.9952765659 	0.0014508496 	0.0014508496 	0.0000000000 	0.9981782651 	
290.0000000000 	0.9952955563 	0.0014413544 	0.0014413544 	0.0000000000 	0.9981782651 	
290.5000000000 	0.9953144223 	0.0014319214 	0.0014319214 	0.0000000000 	0.9981782651 	
291.0000000000 	0.9953331649 	0.0014225501 	0.0014225501 	0.0000000000 	0.9981782651 	
291.5000000000 	0.9953517848 	0.0014132401 	0.0014132401 	0.0000000000 	0.9981782651 	
292.0000000000 	0.9953702828 	0.0014039911 	0.0014039911 	0.0000000000 	0.9981782651 	
292.5000000000 	0.9953886598 	0.0013948026 	0.0013948026 	0.0000000000 	0.9981782651 	
293.0000000000 	0.9954069166 	0.0013856743 	0.0013856743 	0.0000000000 	0.9981782651 	
293.5000000000 	0.9954250538 	0.0013766056 	0.0013766056 	0.0000000000 	0.9981782651 	
294.0000000000 	0.9954430723 	0.0013675964 	0.0013675964 	0.0000000000 	0.9981782651 	
294.5000000000 	0.9954609730 	0.0013586461 	0.0013586461 	0.0000000000 	0.9981782651 	
295.0000000000 	0.9954787564 	0.0013497543 	0.0013497543 	0.0000000000 	0.9981782651 	
295.5000000000 	0.9954964235 	0.0013409208 	0.0013409208 	0.0000000000 	0.9981782651 	
296.0000000000 	0.9955139750 	0.0013321451 	0.0013321451 	0.0000000000 	0.9981782651 	
296.5000000000 	0.9955314115 	0.0013234268 	0.0013234268 	0.0000000000 	0.9981782651 	
297.0000000000 	0.9955487340 	0.0013147655 	0.0013147655 	0.0000000000 	0.9981782651 	
297.5000000000 	0.9955659431 	0.0013061610 	0.0013061610 	0.0000000000 	0.9981782651 	
298.0000000000 	0.9955830396 	0.0012976127 	0.0012976127 	0.0000000000 	0.9981782651 	
298.5000000000 	0.9956000242 	0.0012891204 	0.0012891204 	0.0000000000 	0.9981782651 	
299.0000000000 	0.9956168976 	0.0012806837 	0.0012806837 	0.0000000000 	0.9981782651 	
299.5000000000 	0.9956336606 	0.0012723022 	0.0012723022 	0.0000000000 	0.9981782651 	
# end of calculation 2019_08_27_17_24_48 
# time difference 00_00_00_00_00_14 -- in Minutes 0 in Seconds 14 
