#time 	S+S- 	 norm 
# 2019_08_19_14_55_26 
0.000000 	 1.000000e+00 	 0.000000e+00 
0.5000000000 	 0.9599303577 	          1 
1.0000000000 	 0.9203312489 	          1 
1.5000000000 	 0.8813029310 	          1 
2.0000000000 	 0.8429379425 	          1 
2.5000000000 	 0.8053212566 	          1 
3.0000000000 	 0.7685304502 	          1 
3.5000000000 	 0.7326358871 	          1 
4.0000000000 	 0.6977009138 	          1 
4.5000000000 	 0.6637820657 	          1 
5.0000000000 	 0.6379900231 	          1 
5.5000000000 	 0.6132901516 	          1 
6.0000000000 	 0.5896510222 	          1 
6.5000000000 	 0.5670442037 	          1 
7.0000000000 	 0.5454437134 	          1 
7.5000000000 	 0.5248256234 	          1 
8.0000000000 	 0.5051679129 	          1 
8.5000000000 	 0.4864498195 	          1 
9.0000000000 	 0.4686515198 	          1 
9.5000000000 	 0.4515547168 	          1 
10.0000000000 	 0.4349790172 	          1 
10.5000000000 	 0.4189658021 	          1 
11.0000000000 	 0.4035528078 	          1 
11.5000000000 	 0.3887740128 	          1 
12.0000000000 	 0.3746592511 	          1 
12.5000000000 	 0.3612346099 	          1 
13.0000000000 	 0.3485225276 	          1 
13.5000000000 	 0.3365418704 	          1 
14.0000000000 	 0.3253061203 	          1 
14.5000000000 	 0.3148218636 	          1 
15.0000000000 	 0.3050909429 	          1 
15.5000000000 	 0.2961135330 	          1 
16.0000000000 	 0.2878872011 	          1 
16.5000000000 	 0.2804070460 	          1 
17.0000000000 	 0.2736668038 	          1 
17.5000000000 	 0.2676579751 	          1 
18.0000000000 	 0.2623698622 	          1 
18.5000000000 	 0.2577908788 	          1 
19.0000000000 	 0.2539073375 	          1 
19.5000000000 	 0.2507041416 	          1 
20.0000000000 	 0.2481647653 	          1 
20.5000000000 	 0.2462714900 	          1 
21.0000000000 	 0.2450053986 	          1 
21.5000000000 	 0.2443461215 	          1 
22.0000000000 	 0.2442725833 	          1 
22.5000000000 	 0.2447625261 	          1 
23.0000000000 	 0.2457930154 	          1 
23.5000000000 	 0.2473403934 	          1 
24.0000000000 	 0.2493802348 	          1 
24.5000000000 	 0.2518876239 	          1 
25.0000000000 	 0.2548370548 	          1 
25.5000000000 	 0.2582028268 	          1 
26.0000000000 	 0.2619589009 	          1 
26.5000000000 	 0.2660790217 	          1 
27.0000000000 	 0.2705368040 	          1 
27.5000000000 	 0.2753058353 	          1 
28.0000000000 	 0.2803597559 	          1 
28.5000000000 	 0.2856723159 	          1 
29.0000000000 	 0.2912174647 	          1 
29.5000000000 	 0.2969694140 	          1 
30.0000000000 	 0.3029027016 	          1 
30.5000000000 	 0.3089922552 	          1 
31.0000000000 	 0.3152134530 	          1 
31.5000000000 	 0.3215421790 	          1 
32.0000000000 	 0.3279548753 	          1 
32.5000000000 	 0.3344285910 	          1 
33.0000000000 	 0.3409410268 	          1 
33.5000000000 	 0.3474705773 	          1 
34.0000000000 	 0.3539963693 	          1 
34.5000000000 	 0.3604982968 	          1 
35.0000000000 	 0.3669570522 	          1 
35.5000000000 	 0.3733541547 	          1 
36.0000000000 	 0.3796719740 	          1 
36.5000000000 	 0.3858937461 	          1 
37.0000000000 	 0.3920035724 	          1 
37.5000000000 	 0.3979865064 	          1 
38.0000000000 	 0.4038284940 	          1 
38.5000000000 	 0.4095164290 	          1 
39.0000000000 	 0.4150381021 	          1 
39.5000000000 	 0.4203821913 	          1 
40.0000000000 	 0.4255383195 	          1 
40.5000000000 	 0.4304970921 	          1 
41.0000000000 	 0.4352501325 	          1 
41.5000000000 	 0.4397897933 	          1 
42.0000000000 	 0.4441096026 	          1 
42.5000000000 	 0.4482037603 	          1 
43.0000000000 	 0.4520672203 	          1 
43.5000000000 	 0.4556960263 	          1 
44.0000000000 	 0.4590871473 	          1 
44.5000000000 	 0.4622381568 	          1 
45.0000000000 	 0.4651474024 	          1 
45.5000000000 	 0.4678141070 	          1 
46.0000000000 	 0.4702381792 	          1 
46.5000000000 	 0.4724201276 	          1 
47.0000000000 	 0.4743617647 	          1 
47.5000000000 	 0.4760649448 	          1 
48.0000000000 	 0.4775318998 	          1 
48.5000000000 	 0.4787664480 	          1 
49.0000000000 	 0.4797721915 	          1 
49.5000000000 	 0.4805534280 	          1 
50.0000000000 	 0.4811152433 	          1 
50.5000000000 	 0.4814629625 	          1 
51.0000000000 	 0.4816022091 	          1 
51.5000000000 	 0.4815394556 	          1 
52.0000000000 	 0.4812811285 	          1 
52.5000000000 	 0.4808341390 	          1 
53.0000000000 	 0.4802059618 	          1 
53.5000000000 	 0.4794041058 	          1 
54.0000000000 	 0.4784361536 	          1 
54.5000000000 	 0.4773104508 	          1 
55.0000000000 	 0.4760348447 	          1 
55.5000000000 	 0.4746178031 	          1 
56.0000000000 	 0.4730677963 	          1 
56.5000000000 	 0.4713933468 	          1 
57.0000000000 	 0.4696033270 	          1 
57.5000000000 	 0.4677060917 	          1 
58.0000000000 	 0.4657103847 	          1 
58.5000000000 	 0.4636250048 	          1 
59.0000000000 	 0.4614584373 	          1 
59.5000000000 	 0.4592194212 	          1 
60.0000000000 	 0.4569162433 	          1 
60.5000000000 	 0.4545574880 	          1 
61.0000000000 	 0.4521512019 	          1 
61.5000000000 	 0.4497054947 	          1 
62.0000000000 	 0.4472285890 	          1 
62.5000000000 	 0.4447278806 	          1 
63.0000000000 	 0.4422110237 	          1 
63.5000000000 	 0.4396854639 	          1 
64.0000000000 	 0.4371581001 	          1 
64.5000000000 	 0.4346360940 	          1 
65.0000000000 	 0.4321257739 	          1 
65.5000000000 	 0.4296335467 	          1 
66.0000000000 	 0.4271655721 	          1 
66.5000000000 	 0.4247276252 	          1 
67.0000000000 	 0.4223250290 	          1 
67.5000000000 	 0.4199633495 	          1 
68.0000000000 	 0.4176472766 	          1 
68.5000000000 	 0.4153813168 	          1 
69.0000000000 	 0.4131700487 	          1 
69.5000000000 	 0.4110172432 	          1 
70.0000000000 	 0.4089266418 	          1 
70.5000000000 	 0.4069016493 	          1 
71.0000000000 	 0.4049453989 	          1 
71.5000000000 	 0.4030604691 	          1 
72.0000000000 	 0.4012496545 	          1 
72.5000000000 	 0.3995149086 	          1 
73.0000000000 	 0.3978582064 	          1 
73.5000000000 	 0.3962809928 	          1 
74.0000000000 	 0.3947847323 	          1 
74.5000000000 	 0.3933703073 	          1 
75.0000000000 	 0.3920385705 	          1 
75.5000000000 	 0.3907898139 	          1 
76.0000000000 	 0.3896245654 	          1 
76.5000000000 	 0.3885426236 	          1 
77.0000000000 	 0.3875438941 	          1 
77.5000000000 	 0.3866276491 	          1 
78.0000000000 	 0.3857934841 	          1 
78.5000000000 	 0.3850402456 	          1 
79.0000000000 	 0.3843670195 	          1 
79.5000000000 	 0.3837722953 	          1 
80.0000000000 	 0.3832548147 	          1 
80.5000000000 	 0.3828127122 	          1 
81.0000000000 	 0.3824444026 	          1 
81.5000000000 	 0.3821477167 	          1 
82.0000000000 	 0.3819207851 	          1 
82.5000000000 	 0.3817611799 	          1 
83.0000000000 	 0.3816667919 	          1 
83.5000000000 	 0.3816349757 	          1 
84.0000000000 	 0.3816634256 	          1 
84.5000000000 	 0.3817493218 	          1 
85.0000000000 	 0.3818902047 	          1 
85.5000000000 	 0.3820831221 	          1 
86.0000000000 	 0.3823255021 	          1 
86.5000000000 	 0.3826143006 	          1 
87.0000000000 	 0.3829468732 	          1 
87.5000000000 	 0.3833201226 	          1 
88.0000000000 	 0.3837313694 	          1 
88.5000000000 	 0.3841774998 	          1 
89.0000000000 	 0.3846558354 	          1 
89.5000000000 	 0.3851632798 	          1 
90.0000000000 	 0.3856971886 	          1 
90.5000000000 	 0.3862545145 	          1 
91.0000000000 	 0.3868326775 	          1 
91.5000000000 	 0.3874287082 	          1 
92.0000000000 	 0.3880401184 	          1 
92.5000000000 	 0.3886640428 	          1 
93.0000000000 	 0.3892981097 	          1 
93.5000000000 	 0.3899395804 	          1 
94.0000000000 	 0.3905862211 	          1 
94.5000000000 	 0.3912354400 	          1 
95.0000000000 	 0.3918851595 	          1 
95.5000000000 	 0.3925329513 	          1 
96.0000000000 	 0.3931769097 	          1 
96.5000000000 	 0.3938147834 	          1 
97.0000000000 	 0.3944448507 	          1 
97.5000000000 	 0.3950650484 	          1 
98.0000000000 	 0.3956738480 	          1 
98.5000000000 	 0.3962693822 	          1 
99.0000000000 	 0.3968503223 	          1 
99.5000000000 	 0.3974150017 	          1 
100.0000000000 	 0.3979622954 	          1 
100.5000000000 	 0.3984907401 	          1 
101.0000000000 	 0.3989994152 	          1 
101.5000000000 	 0.3994870606 	          1 
102.0000000000 	 0.3999529591 	          1 
102.5000000000 	 0.4003960514 	          1 
103.0000000000 	 0.4008158198 	          1 
103.5000000000 	 0.4012114013 	          1 
104.0000000000 	 0.4015824724 	          1 
104.5000000000 	 0.4019283598 	          1 
105.0000000000 	 0.4022489267 	          1 
105.5000000000 	 0.4025436813 	          1 
106.0000000000 	 0.4028126643 	          1 
106.5000000000 	 0.4030555559 	          1 
107.0000000000 	 0.4032725639 	          1 
107.5000000000 	 0.4034635293 	          1 
108.0000000000 	 0.4036288154 	          1 
108.5000000000 	 0.4037684119 	          1 
109.0000000000 	 0.4038828251 	          1 
109.5000000000 	 0.4039721804 	          1 
110.0000000000 	 0.4040371136 	          1 
110.5000000000 	 0.4040778724 	          1 
111.0000000000 	 0.4040952082 	          1 
111.5000000000 	 0.4040894768 	          1 
112.0000000000 	 0.4040615310 	          1 
112.5000000000 	 0.4040118204 	          1 
113.0000000000 	 0.4039412846 	          1 
113.5000000000 	 0.4038504528 	          1 
114.0000000000 	 0.4037403372 	          1 
114.5000000000 	 0.4036115321 	          1 
115.0000000000 	 0.4034651078 	          1 
115.5000000000 	 0.4033017099 	          1 
116.0000000000 	 0.4031224530 	          1 
116.5000000000 	 0.4029280203 	          1 
117.0000000000 	 0.4027195572 	          1 
117.5000000000 	 0.4024977713 	          1 
118.0000000000 	 0.4022638261 	          1 
118.5000000000 	 0.4020184412 	          1 
119.0000000000 	 0.4017627858 	          1 
119.5000000000 	 0.4014975799 	          1 
120.0000000000 	 0.4012239870 	          1 
120.5000000000 	 0.4009427166 	          1 
121.0000000000 	 0.4006549161 	          1 
121.5000000000 	 0.4003612742 	          1 
122.0000000000 	 0.4000629128 	          1 
122.5000000000 	 0.3997604907 	          1 
123.0000000000 	 0.3994550955 	          1 
123.5000000000 	 0.3991473484 	          1 
124.0000000000 	 0.3988382948 	          1 
124.5000000000 	 0.3985285109 	          1 
125.0000000000 	 0.3982189937 	          1 
125.5000000000 	 0.3979102685 	          1 
126.0000000000 	 0.3976032779 	          1 
126.5000000000 	 0.3972984911 	          1 
127.0000000000 	 0.3969967922 	          1 
127.5000000000 	 0.3966985901 	          1 
128.0000000000 	 0.3964047065 	          1 
128.5000000000 	 0.3961154871 	          1 
129.0000000000 	 0.3958316889 	          1 
129.5000000000 	 0.3955535919 	          1 
130.0000000000 	 0.3952818865 	          1 
130.5000000000 	 0.3950167863 	          1 
131.0000000000 	 0.3947589141 	          1 
131.5000000000 	 0.3945084165 	          1 
132.0000000000 	 0.3942658489 	          1 
132.5000000000 	 0.3940312913 	          1 
133.0000000000 	 0.3938052325 	          1 
133.5000000000 	 0.3935876870 	          1 
134.0000000000 	 0.3933790786 	          1 
134.5000000000 	 0.3931793582 	          1 
135.0000000000 	 0.3929888865 	          1 
135.5000000000 	 0.3928075533 	          1 
136.0000000000 	 0.3926356590 	          1 
136.5000000000 	 0.3924730353 	          1 
137.0000000000 	 0.3923199256 	          1 
137.5000000000 	 0.3921761067 	          1 
138.0000000000 	 0.3920417687 	          1 
138.5000000000 	 0.3919166374 	          1 
139.0000000000 	 0.3918008536 	          1 
139.5000000000 	 0.3916940963 	          1 
140.0000000000 	 0.3915964612 	          1 
140.5000000000 	 0.3915075848 	          1 
141.0000000000 	 0.3914275224 	          1 
141.5000000000 	 0.3913558726 	          1 
142.0000000000 	 0.3912926548 	          1 
142.5000000000 	 0.3912374345 	          1 
143.0000000000 	 0.3911902000 	          1 
143.5000000000 	 0.3911504882 	          1 
144.0000000000 	 0.3911182612 	          1 
144.5000000000 	 0.3910930322 	          1 
145.0000000000 	 0.3910747417 	          1 
145.5000000000 	 0.3910628839 	          1 
146.0000000000 	 0.3910573825 	          1 
146.5000000000 	 0.3910577171 	          1 
147.0000000000 	 0.3910637989 	          1 
147.5000000000 	 0.3910750977 	          1 
148.0000000000 	 0.3910915167 	          1 
148.5000000000 	 0.3911125198 	          1 
149.0000000000 	 0.3911380063 	          1 
149.5000000000 	 0.3911674383 	          1 
150.0000000000 	 0.3912007152 	          1 
150.5000000000 	 0.3912373010 	          1 
151.0000000000 	 0.3912770989 	          1 
151.5000000000 	 0.3913195781 	          1 
152.0000000000 	 0.3913646488 	          1 
152.5000000000 	 0.3914117889 	          1 
153.0000000000 	 0.3914609185 	          1 
153.5000000000 	 0.3915115269 	          1 
154.0000000000 	 0.3915635470 	          1 
154.5000000000 	 0.3916164820 	          1 
155.0000000000 	 0.3916702798 	          1 
155.5000000000 	 0.3917244596 	          1 
156.0000000000 	 0.3917789865 	          1 
156.5000000000 	 0.3918333977 	          1 
157.0000000000 	 0.3918876770 	          1 
157.5000000000 	 0.3919413809 	          1 
158.0000000000 	 0.3919945136 	          1 
158.5000000000 	 0.3920466520 	          1 
159.0000000000 	 0.3920978214 	          1 
159.5000000000 	 0.3921476205 	          1 
160.0000000000 	 0.3921960962 	          1 
160.5000000000 	 0.3922428693 	          1 
161.0000000000 	 0.3922880089 	          1 
161.5000000000 	 0.3923311582 	          1 
162.0000000000 	 0.3923724087 	          1 
162.5000000000 	 0.3924114258 	          1 
163.0000000000 	 0.3924483235 	          1 
163.5000000000 	 0.3924827889 	          1 
164.0000000000 	 0.3925149581 	          1 
164.5000000000 	 0.3925445397 	          1 
165.0000000000 	 0.3925716910 	          1 
165.5000000000 	 0.3925961415 	          1 
166.0000000000 	 0.3926180689 	          1 
166.5000000000 	 0.3926372228 	          1 
167.0000000000 	 0.3926538002 	          1 
167.5000000000 	 0.3926675695 	          1 
168.0000000000 	 0.3926787462 	          1 
168.5000000000 	 0.3926871164 	          1 
169.0000000000 	 0.3926929125 	          1 
169.5000000000 	 0.3926959370 	          1 
170.0000000000 	 0.3926964381 	          1 
170.5000000000 	 0.3926942331 	          1 
171.0000000000 	 0.3926895845 	          1 
171.5000000000 	 0.3926823230 	          1 
172.0000000000 	 0.3926727237 	          1 
172.5000000000 	 0.3926606293 	          1 
173.0000000000 	 0.3926463261 	          1 
173.5000000000 	 0.3926296672 	          1 
174.0000000000 	 0.3926109483 	          1 
174.5000000000 	 0.3925900312 	          1 
175.0000000000 	 0.3925672197 	          1 
175.5000000000 	 0.3925423829 	          1 
176.0000000000 	 0.3925158309 	          1 
176.5000000000 	 0.3924874385 	          1 
177.0000000000 	 0.3924575206 	          1 
177.5000000000 	 0.3924259563 	          1 
178.0000000000 	 0.3923930639 	          1 
178.5000000000 	 0.3923587252 	          1 
179.0000000000 	 0.3923232606 	          1 
179.5000000000 	 0.3922865531 	          1 
180.0000000000 	 0.3922489240 	          1 
180.5000000000 	 0.3922102563 	          1 
181.0000000000 	 0.3921708706 	          1 
181.5000000000 	 0.3921306489 	          1 
182.0000000000 	 0.3920899102 	          1 
182.5000000000 	 0.3920485342 	          1 
183.0000000000 	 0.3920068369 	          1 
183.5000000000 	 0.3919646952 	          1 
184.0000000000 	 0.3919224212 	          1 
184.5000000000 	 0.3918798875 	          1 
185.0000000000 	 0.3918374020 	          1 
185.5000000000 	 0.3917948323 	          1 
186.0000000000 	 0.3917524809 	          1 
186.5000000000 	 0.3917102099 	          1 
187.0000000000 	 0.3916683160 	          1 
187.5000000000 	 0.3916266551 	          1 
188.0000000000 	 0.3915855176 	          1 
188.5000000000 	 0.3915447529 	          1 
189.0000000000 	 0.3915046444 	          1 
189.5000000000 	 0.3914650347 	          1 
190.0000000000 	 0.3914262001 	          1 
190.5000000000 	 0.3913879762 	          1 
191.0000000000 	 0.3913506320 	          1 
191.5000000000 	 0.3913139957 	          1 
192.0000000000 	 0.3912783290 	          1 
192.5000000000 	 0.3912434529 	          1 
193.0000000000 	 0.3912096216 	          1 
193.5000000000 	 0.3911766488 	          1 
194.0000000000 	 0.3911447816 	          1 
194.5000000000 	 0.3911138266 	          1 
195.0000000000 	 0.3910840236 	          1 
195.5000000000 	 0.3910551722 	          1 
196.0000000000 	 0.3910275055 	          1 
196.5000000000 	 0.3910008165 	          1 
197.0000000000 	 0.3909753315 	          1 
197.5000000000 	 0.3909508372 	          1 
198.0000000000 	 0.3909275537 	          1 
198.5000000000 	 0.3909052618 	          1 
199.0000000000 	 0.3908841757 	          1 
199.5000000000 	 0.3908640706 	          1 
200.0000000000 	 0.3908451554 	          1 
200.5000000000 	 0.3908272000 	          1 
201.0000000000 	 0.3908104086 	          1 
201.5000000000 	 0.3907945464 	          1 
202.0000000000 	 0.3907798131 	          1 
202.5000000000 	 0.3907659698 	          1 
203.0000000000 	 0.3907532122 	          1 
203.5000000000 	 0.3907412980 	          1 
204.0000000000 	 0.3907304194 	          1 
204.5000000000 	 0.3907203308 	          1 
205.0000000000 	 0.3907112218 	          1 
205.5000000000 	 0.3907028442 	          1 
206.0000000000 	 0.3906953850 	          1 
206.5000000000 	 0.3906885941 	          1 
207.0000000000 	 0.3906826566 	          1 
207.5000000000 	 0.3906773209 	          1 
208.0000000000 	 0.3906727708 	          1 
208.5000000000 	 0.3906687534 	          1 
209.0000000000 	 0.3906654517 	          1 
209.5000000000 	 0.3906626123 	          1 
210.0000000000 	 0.3906604176 	          1 
210.5000000000 	 0.3906586142 	          1 
211.0000000000 	 0.3906573844 	          1 
211.5000000000 	 0.3906564749 	          1 
212.0000000000 	 0.3906560687 	          1 
212.5000000000 	 0.3906559129 	          1 
213.0000000000 	 0.3906561912 	          1 
213.5000000000 	 0.3906566518 	          1 
214.0000000000 	 0.3906574795 	          1 
214.5000000000 	 0.3906584237 	          1 
215.0000000000 	 0.3906596706 	          1 
215.5000000000 	 0.3906609710 	          1 
216.0000000000 	 0.3906625130 	          1 
216.5000000000 	 0.3906640491 	          1 
217.0000000000 	 0.3906657691 	          1 
217.5000000000 	 0.3906674277 	          1 
218.0000000000 	 0.3906692166 	          1 
218.5000000000 	 0.3906708927 	          1 
219.0000000000 	 0.3906726500 	          1 
219.5000000000 	 0.3906742474 	          1 
220.0000000000 	 0.3906758815 	          1 
220.5000000000 	 0.3906773135 	          1 
221.0000000000 	 0.3906787423 	          1 
221.5000000000 	 0.3906799316 	          1 
222.0000000000 	 0.3906810827 	          1 
222.5000000000 	 0.3906819619 	          1 
223.0000000000 	 0.3906827727 	          1 
223.5000000000 	 0.3906832839 	          1 
224.0000000000 	 0.3906837016 	          1 
224.5000000000 	 0.3906837971 	          1 
225.0000000000 	 0.3906837787 	          1 
225.5000000000 	 0.3906834200 	          1 
226.0000000000 	 0.3906829319 	          1 
226.5000000000 	 0.3906820901 	          1 
227.0000000000 	 0.3906811078 	          1 
227.5000000000 	 0.3906797630 	          1 
228.0000000000 	 0.3906782708 	          1 
228.5000000000 	 0.3906764114 	          1 
229.0000000000 	 0.3906744020 	          1 
229.5000000000 	 0.3906720247 	          1 
230.0000000000 	 0.3906694986 	          1 
230.5000000000 	 0.3906666075 	          1 
231.0000000000 	 0.3906635722 	          1 
231.5000000000 	 0.3906601783 	          1 
232.0000000000 	 0.3906566482 	          1 
232.5000000000 	 0.3906527688 	          1 
233.0000000000 	 0.3906487639 	          1 
233.5000000000 	 0.3906444218 	          1 
234.0000000000 	 0.3906399676 	          1 
234.5000000000 	 0.3906351908 	          1 
235.0000000000 	 0.3906303172 	          1 
235.5000000000 	 0.3906251375 	          1 
236.0000000000 	 0.3906198786 	          1 
236.5000000000 	 0.3906143316 	          1 
237.0000000000 	 0.3906087243 	          1 
237.5000000000 	 0.3906028485 	          1 
238.0000000000 	 0.3905969324 	          1 
238.5000000000 	 0.3905907683 	          1 
239.0000000000 	 0.3905845849 	          1 
239.5000000000 	 0.3905781748 	          1 
240.0000000000 	 0.3905717668 	          1 
240.5000000000 	 0.3905651537 	          1 
241.0000000000 	 0.3905585644 	          1 
241.5000000000 	 0.3905517917 	          1 
242.0000000000 	 0.3905450645 	          1 
242.5000000000 	 0.3905381756 	          1 
243.0000000000 	 0.3905313534 	          1 
243.5000000000 	 0.3905243907 	          1 
244.0000000000 	 0.3905175156 	          1 
244.5000000000 	 0.3905105205 	          1 
245.0000000000 	 0.3905036331 	          1 
245.5000000000 	 0.3904966453 	          1 
246.0000000000 	 0.3904897846 	          1 
246.5000000000 	 0.3904828420 	          1 
247.0000000000 	 0.3904760445 	          1 
247.5000000000 	 0.3904691828 	          1 
248.0000000000 	 0.3904624830 	          1 
248.5000000000 	 0.3904557351 	          1 
249.0000000000 	 0.3904491647 	          1 
249.5000000000 	 0.3904425610 	          1 
250.0000000000 	 0.3904361488 	          1 
250.5000000000 	 0.3904297165 	          1 
251.0000000000 	 0.3904234884 	          1 
251.5000000000 	 0.3904172520 	          1 
252.0000000000 	 0.3904112306 	          1 
252.5000000000 	 0.3904052112 	          1 
253.0000000000 	 0.3903994161 	          1 
253.5000000000 	 0.3903936317 	          1 
254.0000000000 	 0.3903880794 	          1 
254.5000000000 	 0.3903825447 	          1 
255.0000000000 	 0.3903772484 	          1 
255.5000000000 	 0.3903719751 	          1 
256.0000000000 	 0.3903669449 	          1 
256.5000000000 	 0.3903619415 	          1 
257.0000000000 	 0.3903571844 	          1 
257.5000000000 	 0.3903524566 	          1 
258.0000000000 	 0.3903479768 	          1 
258.5000000000 	 0.3903435273 	          1 
259.0000000000 	 0.3903393261 	          1 
259.5000000000 	 0.3903351550 	          1 
260.0000000000 	 0.3903312313 	          1 
260.5000000000 	 0.3903273360 	          1 
261.0000000000 	 0.3903236860 	          1 
261.5000000000 	 0.3903200618 	          1 
262.0000000000 	 0.3903166797 	          1 
262.5000000000 	 0.3903133196 	          1 
263.0000000000 	 0.3903101974 	          1 
263.5000000000 	 0.3903070926 	          1 
264.0000000000 	 0.3903042205 	          1 
264.5000000000 	 0.3903013604 	          1 
265.0000000000 	 0.3902987272 	          1 
265.5000000000 	 0.3902960999 	          1 
266.0000000000 	 0.3902936929 	          1 
266.5000000000 	 0.3902912850 	          1 
267.0000000000 	 0.3902890904 	          1 
267.5000000000 	 0.3902868877 	          1 
268.0000000000 	 0.3902848908 	          1 
268.5000000000 	 0.3902828782 	          1 
269.0000000000 	 0.3902810637 	          1 
269.5000000000 	 0.3902792255 	          1 
270.0000000000 	 0.3902775775 	          1 
270.5000000000 	 0.3902758978 	          1 
271.0000000000 	 0.3902744002 	          1 
271.5000000000 	 0.3902728628 	          1 
272.0000000000 	 0.3902714993 	          1 
272.5000000000 	 0.3902700881 	          1 
273.0000000000 	 0.3902688427 	          1 
273.5000000000 	 0.3902675416 	          1 
274.0000000000 	 0.3902663985 	          1 
274.5000000000 	 0.3902651919 	          1 
275.0000000000 	 0.3902641357 	          1 
275.5000000000 	 0.3902630085 	          1 
276.0000000000 	 0.3902620244 	          1 
276.5000000000 	 0.3902609620 	          1 
277.0000000000 	 0.3902600358 	          1 
277.5000000000 	 0.3902590245 	          1 
278.0000000000 	 0.3902581428 	          1 
278.5000000000 	 0.3902571696 	          1 
279.0000000000 	 0.3902563199 	          1 
279.5000000000 	 0.3902553729 	          1 
280.0000000000 	 0.3902545436 	          1 
280.5000000000 	 0.3902536117 	          1 
281.0000000000 	 0.3902527923 	          1 
281.5000000000 	 0.3902518653 	          1 
282.0000000000 	 0.3902510464 	          1 
282.5000000000 	 0.3902501154 	          1 
283.0000000000 	 0.3902492884 	          1 
283.5000000000 	 0.3902483456 	          1 
284.0000000000 	 0.3902475032 	          1 
284.5000000000 	 0.3902465417 	          1 
285.0000000000 	 0.3902456776 	          1 
285.5000000000 	 0.3902446917 	          1 
286.0000000000 	 0.3902438007 	          1 
286.5000000000 	 0.3902427857 	          1 
287.0000000000 	 0.3902418636 	          1 
287.5000000000 	 0.3902408159 	          1 
288.0000000000 	 0.3902398597 	          1 
288.5000000000 	 0.3902387767 	          1 
289.0000000000 	 0.3902377841 	          1 
289.5000000000 	 0.3902366639 	          1 
290.0000000000 	 0.3902356338 	          1 
290.5000000000 	 0.3902344757 	          1 
291.0000000000 	 0.3902334076 	          1 
291.5000000000 	 0.3902322117 	          1 
292.0000000000 	 0.3902311060 	          1 
292.5000000000 	 0.3902298731 	          1 
293.0000000000 	 0.3902287310 	          1 
293.5000000000 	 0.3902274624 	          1 
294.0000000000 	 0.3902262857 	          1 
294.5000000000 	 0.3902249836 	          1 
295.0000000000 	 0.3902237747 	          1 
295.5000000000 	 0.3902224418 	          1 
296.0000000000 	 0.3902212035 	          1 
296.5000000000 	 0.3902198429 	          1 
297.0000000000 	 0.3902185786 	          1 
297.5000000000 	 0.3902171938 	          1 
298.0000000000 	 0.3902159073 	          1 
298.5000000000 	 0.3902145022 	          1 
299.0000000000 	 0.3902131973 	          1 
299.5000000000 	 0.3902117759 	          1 
300.0000000000 	 0.3902104569 	          1 
300.5000000000 	 0.3902090235 	          1 
301.0000000000 	 0.3902076947 	          1 
301.5000000000 	 0.3902062538 	          1 
302.0000000000 	 0.3902049196 	          1 
302.5000000000 	 0.3902034755 	          1 
303.0000000000 	 0.3902021403 	          1 
303.5000000000 	 0.3902006975 	          1 
304.0000000000 	 0.3901993658 	          1 
304.5000000000 	 0.3901979285 	          1 
305.0000000000 	 0.3901966045 	          1 
305.5000000000 	 0.3901951771 	          1 
306.0000000000 	 0.3901938650 	          1 
306.5000000000 	 0.3901924514 	          1 
307.0000000000 	 0.3901911552 	          1 
307.5000000000 	 0.3901897594 	          1 
308.0000000000 	 0.3901884827 	          1 
308.5000000000 	 0.3901871082 	          1 
309.0000000000 	 0.3901858546 	          1 
309.5000000000 	 0.3901845049 	          1 
310.0000000000 	 0.3901832775 	          1 
310.5000000000 	 0.3901819555 	          1 
311.0000000000 	 0.3901807573 	          1 
311.5000000000 	 0.3901794658 	          1 
312.0000000000 	 0.3901782993 	          1 
312.5000000000 	 0.3901770407 	          1 
313.0000000000 	 0.3901759082 	          1 
313.5000000000 	 0.3901746846 	          1 
314.0000000000 	 0.3901735879 	          1 
314.5000000000 	 0.3901724010 	          1 
315.0000000000 	 0.3901713418 	          1 
315.5000000000 	 0.3901701929 	          1 
316.0000000000 	 0.3901691723 	          1 
316.5000000000 	 0.3901680625 	          1 
317.0000000000 	 0.3901670814 	          1 
317.5000000000 	 0.3901660115 	          1 
318.0000000000 	 0.3901650705 	          1 
318.5000000000 	 0.3901640408 	          1 
319.0000000000 	 0.3901631401 	          1 
319.5000000000 	 0.3901621506 	          1 
320.0000000000 	 0.3901612902 	          1 
320.5000000000 	 0.3901603408 	          1 
321.0000000000 	 0.3901595203 	          1 
321.5000000000 	 0.3901586106 	          1 
322.0000000000 	 0.3901578293 	          1 
322.5000000000 	 0.3901569585 	          1 
323.0000000000 	 0.3901562156 	          1 
323.5000000000 	 0.3901553827 	          1 
324.0000000000 	 0.3901546773 	          1 
324.5000000000 	 0.3901538811 	          1 
325.0000000000 	 0.3901532118 	          1 
325.5000000000 	 0.3901524511 	          1 
326.0000000000 	 0.3901518164 	          1 
326.5000000000 	 0.3901510897 	          1 
327.0000000000 	 0.3901504882 	          1 
327.5000000000 	 0.3901497937 	          1 
328.0000000000 	 0.3901492236 	          1 
328.5000000000 	 0.3901485597 	          1 
329.0000000000 	 0.3901480192 	          1 
329.5000000000 	 0.3901473840 	          1 
330.0000000000 	 0.3901468713 	          1 
330.5000000000 	 0.3901462630 	          1 
331.0000000000 	 0.3901457762 	          1 
331.5000000000 	 0.3901451928 	          1 
332.0000000000 	 0.3901447300 	          1 
332.5000000000 	 0.3901441695 	          1 
333.0000000000 	 0.3901437287 	          1 
333.5000000000 	 0.3901431893 	          1 
334.0000000000 	 0.3901427686 	          1 
334.5000000000 	 0.3901422484 	          1 
335.0000000000 	 0.3901418459 	          1 
335.5000000000 	 0.3901413429 	          1 
336.0000000000 	 0.3901409568 	          1 
336.5000000000 	 0.3901404693 	          1 
337.0000000000 	 0.3901400978 	          1 
337.5000000000 	 0.3901396241 	          1 
338.0000000000 	 0.3901392654 	          1 
338.5000000000 	 0.3901388038 	          1 
339.0000000000 	 0.3901384564 	          1 
339.5000000000 	 0.3901380053 	          1 
340.0000000000 	 0.3901376677 	          1 
340.5000000000 	 0.3901372257 	          1 
341.0000000000 	 0.3901368965 	          1 
341.5000000000 	 0.3901364621 	          1 
342.0000000000 	 0.3901361400 	          1 
342.5000000000 	 0.3901357122 	          1 
343.0000000000 	 0.3901353960 	          1 
343.5000000000 	 0.3901349735 	          1 
344.0000000000 	 0.3901346621 	          1 
344.5000000000 	 0.3901342440 	          1 
345.0000000000 	 0.3901339366 	          1 
345.5000000000 	 0.3901335220 	          1 
346.0000000000 	 0.3901332177 	          1 
346.5000000000 	 0.3901328058 	          1 
347.0000000000 	 0.3901325039 	          1 
347.5000000000 	 0.3901320941 	          1 
348.0000000000 	 0.3901317941 	          1 
348.5000000000 	 0.3901313860 	          1 
349.0000000000 	 0.3901310873 	          1 
349.5000000000 	 0.3901306804 	          1 
350.0000000000 	 0.3901303827 	          1 
350.5000000000 	 0.3901299767 	          1 
351.0000000000 	 0.3901296799 	          1 
351.5000000000 	 0.3901292745 	          1 
352.0000000000 	 0.3901289783 	          1 
352.5000000000 	 0.3901285735 	          1 
353.0000000000 	 0.3901282779 	          1 
353.5000000000 	 0.3901278737 	          1 
354.0000000000 	 0.3901275787 	          1 
354.5000000000 	 0.3901271751 	          1 
355.0000000000 	 0.3901268808 	          1 
355.5000000000 	 0.3901264780 	          1 
356.0000000000 	 0.3901261845 	          1 
356.5000000000 	 0.3901257826 	          1 
357.0000000000 	 0.3901254902 	          1 
357.5000000000 	 0.3901250896 	          1 
358.0000000000 	 0.3901247985 	          1 
358.5000000000 	 0.3901243993 	          1 
359.0000000000 	 0.3901241099 	          1 
359.5000000000 	 0.3901237126 	          1 
360.0000000000 	 0.3901234251 	          1 
360.5000000000 	 0.3901230300 	          1 
361.0000000000 	 0.3901227449 	          1 
361.5000000000 	 0.3901223523 	          1 
362.0000000000 	 0.3901220700 	          1 
362.5000000000 	 0.3901216804 	          1 
363.0000000000 	 0.3901214012 	          1 
363.5000000000 	 0.3901210149 	          1 
364.0000000000 	 0.3901207393 	          1 
364.5000000000 	 0.3901203568 	          1 
365.0000000000 	 0.3901200851 	          1 
365.5000000000 	 0.3901197067 	          1 
366.0000000000 	 0.3901194394 	          1 
366.5000000000 	 0.3901190656 	          1 
367.0000000000 	 0.3901188030 	          1 
367.5000000000 	 0.3901184340 	          1 
368.0000000000 	 0.3901181765 	          1 
368.5000000000 	 0.3901178128 	          1 
369.0000000000 	 0.3901175608 	          1 
369.5000000000 	 0.3901172026 	          1 
370.0000000000 	 0.3901169563 	          1 
370.5000000000 	 0.3901166040 	          1 
371.0000000000 	 0.3901163637 	          1 
371.5000000000 	 0.3901160176 	          1 
372.0000000000 	 0.3901157835 	          1 
372.5000000000 	 0.3901154437 	          1 
373.0000000000 	 0.3901152161 	          1 
373.5000000000 	 0.3901148829 	          1 
374.0000000000 	 0.3901146619 	          1 
374.5000000000 	 0.3901143355 	          1 
375.0000000000 	 0.3901141213 	          1 
375.5000000000 	 0.3901138017 	          1 
376.0000000000 	 0.3901135944 	          1 
376.5000000000 	 0.3901132817 	          1 
377.0000000000 	 0.3901130814 	          1 
377.5000000000 	 0.3901127757 	          1 
378.0000000000 	 0.3901125824 	          1 
378.5000000000 	 0.3901122838 	          1 
379.0000000000 	 0.3901120975 	          1 
379.5000000000 	 0.3901118058 	          1 
380.0000000000 	 0.3901116265 	          1 
380.5000000000 	 0.3901113418 	          1 
381.0000000000 	 0.3901111694 	          1 
381.5000000000 	 0.3901108916 	          1 
382.0000000000 	 0.3901107260 	          1 
382.5000000000 	 0.3901104550 	          1 
383.0000000000 	 0.3901102961 	          1 
383.5000000000 	 0.3901100317 	          1 
384.0000000000 	 0.3901098794 	          1 
384.5000000000 	 0.3901096214 	          1 
385.0000000000 	 0.3901094755 	          1 
385.5000000000 	 0.3901092239 	          1 
386.0000000000 	 0.3901090841 	          1 
386.5000000000 	 0.3901088386 	          1 
387.0000000000 	 0.3901087049 	          1 
387.5000000000 	 0.3901084652 	          1 
388.0000000000 	 0.3901083373 	          1 
388.5000000000 	 0.3901081033 	          1 
389.0000000000 	 0.3901079809 	          1 
389.5000000000 	 0.3901077524 	          1 
390.0000000000 	 0.3901076353 	          1 
390.5000000000 	 0.3901074119 	          1 
391.0000000000 	 0.3901072999 	          1 
391.5000000000 	 0.3901070815 	          1 
392.0000000000 	 0.3901069742 	          1 
392.5000000000 	 0.3901067605 	          1 
393.0000000000 	 0.3901066578 	          1 
393.5000000000 	 0.3901064485 	          1 
394.0000000000 	 0.3901063501 	          1 
394.5000000000 	 0.3901061449 	          1 
395.0000000000 	 0.3901060506 	          1 
395.5000000000 	 0.3901058494 	          1 
396.0000000000 	 0.3901057588 	          1 
396.5000000000 	 0.3901055613 	          1 
397.0000000000 	 0.3901054743 	          1 
397.5000000000 	 0.3901052801 	          1 
398.0000000000 	 0.3901051965 	          1 
398.5000000000 	 0.3901050056 	          1 
399.0000000000 	 0.3901049250 	          1 
399.5000000000 	 0.3901047371 	          1 
400.0000000000 	 0.3901046595 	          1 
400.5000000000 	 0.3901044743 	          1 
401.0000000000 	 0.3901043993 	          1 
401.5000000000 	 0.3901042168 	          1 
402.0000000000 	 0.3901041443 	          1 
402.5000000000 	 0.3901039641 	          1 
403.0000000000 	 0.3901038940 	          1 
403.5000000000 	 0.3901037161 	          1 
404.0000000000 	 0.3901036481 	          1 
404.5000000000 	 0.3901034722 	          1 
405.0000000000 	 0.3901034063 	          1 
405.5000000000 	 0.3901032324 	          1 
406.0000000000 	 0.3901031682 	          1 
406.5000000000 	 0.3901029962 	          1 
407.0000000000 	 0.3901029338 	          1 
407.5000000000 	 0.3901027634 	          1 
408.0000000000 	 0.3901027027 	          1 
408.5000000000 	 0.3901025339 	          1 
409.0000000000 	 0.3901024747 	          1 
409.5000000000 	 0.3901023075 	          1 
410.0000000000 	 0.3901022498 	          1 
410.5000000000 	 0.3901020839 	          1 
411.0000000000 	 0.3901020276 	          1 
411.5000000000 	 0.3901018632 	          1 
412.0000000000 	 0.3901018082 	          1 
412.5000000000 	 0.3901016451 	          1 
413.0000000000 	 0.3901015915 	          1 
413.5000000000 	 0.3901014296 	          1 
414.0000000000 	 0.3901013773 	          1 
414.5000000000 	 0.3901012167 	          1 
415.0000000000 	 0.3901011656 	          1 
415.5000000000 	 0.3901010062 	          1 
416.0000000000 	 0.3901009563 	          1 
416.5000000000 	 0.3901007982 	          1 
417.0000000000 	 0.3901007495 	          1 
417.5000000000 	 0.3901005926 	          1 
418.0000000000 	 0.3901005452 	          1 
418.5000000000 	 0.3901003895 	          1 
419.0000000000 	 0.3901003433 	          1 
419.5000000000 	 0.3901001888 	          1 
420.0000000000 	 0.3901001438 	          1 
420.5000000000 	 0.3900999906 	          1 
421.0000000000 	 0.3900999469 	          1 
421.5000000000 	 0.3900997949 	          1 
422.0000000000 	 0.3900997525 	          1 
422.5000000000 	 0.3900996018 	          1 
423.0000000000 	 0.3900995606 	          1 
423.5000000000 	 0.3900994113 	          1 
424.0000000000 	 0.3900993714 	          1 
424.5000000000 	 0.3900992234 	          1 
425.0000000000 	 0.3900991848 	          1 
425.5000000000 	 0.3900990381 	          1 
426.0000000000 	 0.3900990010 	          1 
426.5000000000 	 0.3900988556 	          1 
427.0000000000 	 0.3900988198 	          1 
427.5000000000 	 0.3900986759 	          1 
428.0000000000 	 0.3900986415 	          1 
428.5000000000 	 0.3900984990 	          1 
429.0000000000 	 0.3900984660 	          1 
429.5000000000 	 0.3900983249 	          1 
430.0000000000 	 0.3900982934 	          1 
430.5000000000 	 0.3900981537 	          1 
431.0000000000 	 0.3900981236 	          1 
431.5000000000 	 0.3900979854 	          1 
432.0000000000 	 0.3900979568 	          1 
432.5000000000 	 0.3900978201 	          1 
433.0000000000 	 0.3900977930 	          1 
433.5000000000 	 0.3900976577 	          1 
434.0000000000 	 0.3900976321 	          1 
434.5000000000 	 0.3900974983 	          1 
435.0000000000 	 0.3900974742 	          1 
435.5000000000 	 0.3900973419 	          1 
436.0000000000 	 0.3900973192 	          1 
436.5000000000 	 0.3900971884 	          1 
437.0000000000 	 0.3900971672 	          1 
437.5000000000 	 0.3900970379 	          1 
438.0000000000 	 0.3900970181 	          1 
438.5000000000 	 0.3900968903 	          1 
439.0000000000 	 0.3900968720 	          1 
439.5000000000 	 0.3900967456 	          1 
440.0000000000 	 0.3900967288 	          1 
440.5000000000 	 0.3900966038 	          1 
441.0000000000 	 0.3900965884 	          1 
441.5000000000 	 0.3900964649 	          1 
442.0000000000 	 0.3900964509 	          1 
442.5000000000 	 0.3900963287 	          1 
443.0000000000 	 0.3900963161 	          1 
443.5000000000 	 0.3900961953 	          1 
444.0000000000 	 0.3900961841 	          1 
444.5000000000 	 0.3900960646 	          1 
445.0000000000 	 0.3900960547 	          1 
445.5000000000 	 0.3900959365 	          1 
446.0000000000 	 0.3900959279 	          1 
446.5000000000 	 0.3900958110 	          1 
447.0000000000 	 0.3900958036 	          1 
447.5000000000 	 0.3900956880 	          1 
448.0000000000 	 0.3900956819 	          1 
448.5000000000 	 0.3900955675 	          1 
449.0000000000 	 0.3900955625 	          1 
449.5000000000 	 0.3900954492 	          1 
450.0000000000 	 0.3900954454 	          1 
450.5000000000 	 0.3900953333 	          1 
451.0000000000 	 0.3900953306 	          1 
451.5000000000 	 0.3900952196 	          1 
452.0000000000 	 0.3900952179 	          1 
452.5000000000 	 0.3900951080 	          1 
453.0000000000 	 0.3900951074 	          1 
453.5000000000 	 0.3900949984 	          1 
454.0000000000 	 0.3900949988 	          1 
454.5000000000 	 0.3900948908 	          1 
455.0000000000 	 0.3900948922 	          1 
455.5000000000 	 0.3900947851 	          1 
456.0000000000 	 0.3900947874 	          1 
456.5000000000 	 0.3900946813 	          1 
457.0000000000 	 0.3900946844 	          1 
457.5000000000 	 0.3900945791 	          1 
458.0000000000 	 0.3900945831 	          1 
458.5000000000 	 0.3900944787 	          1 
459.0000000000 	 0.3900944835 	          1 
459.5000000000 	 0.3900943798 	          1 
460.0000000000 	 0.3900943854 	          1 
460.5000000000 	 0.3900942825 	          1 
461.0000000000 	 0.3900942888 	          1 
461.5000000000 	 0.3900941866 	          1 
462.0000000000 	 0.3900941936 	          1 
462.5000000000 	 0.3900940922 	          1 
463.0000000000 	 0.3900940999 	          1 
463.5000000000 	 0.3900939990 	          1 
464.0000000000 	 0.3900940074 	          1 
464.5000000000 	 0.3900939072 	          1 
465.0000000000 	 0.3900939162 	          1 
465.5000000000 	 0.3900938166 	          1 
466.0000000000 	 0.3900938262 	          1 
466.5000000000 	 0.3900937272 	          1 
467.0000000000 	 0.3900937374 	          1 
467.5000000000 	 0.3900936390 	          1 
468.0000000000 	 0.3900936497 	          1 
468.5000000000 	 0.3900935518 	          1 
469.0000000000 	 0.3900935631 	          1 
469.5000000000 	 0.3900934658 	          1 
470.0000000000 	 0.3900934775 	          1 
470.5000000000 	 0.3900933807 	          1 
471.0000000000 	 0.3900933930 	          1 
471.5000000000 	 0.3900932966 	          1 
472.0000000000 	 0.3900933094 	          1 
472.5000000000 	 0.3900932135 	          1 
473.0000000000 	 0.3900932268 	          1 
473.5000000000 	 0.3900931314 	          1 
474.0000000000 	 0.3900931451 	          1 
474.5000000000 	 0.3900930502 	          1 
475.0000000000 	 0.3900930643 	          1 
475.5000000000 	 0.3900929698 	          1 
476.0000000000 	 0.3900929844 	          1 
476.5000000000 	 0.3900928903 	          1 
477.0000000000 	 0.3900929054 	          1 
477.5000000000 	 0.3900928117 	          1 
478.0000000000 	 0.3900928272 	          1 
478.5000000000 	 0.3900927340 	          1 
479.0000000000 	 0.3900927499 	          1 
479.5000000000 	 0.3900926571 	          1 
480.0000000000 	 0.3900926733 	          1 
480.5000000000 	 0.3900925810 	          1 
481.0000000000 	 0.3900925977 	          1 
481.5000000000 	 0.3900925057 	          1 
482.0000000000 	 0.3900925228 	          1 
482.5000000000 	 0.3900924312 	          1 
483.0000000000 	 0.3900924487 	          1 
483.5000000000 	 0.3900923575 	          1 
484.0000000000 	 0.3900923754 	          1 
484.5000000000 	 0.3900922846 	          1 
485.0000000000 	 0.3900923029 	          1 
485.5000000000 	 0.3900922125 	          1 
486.0000000000 	 0.3900922312 	          1 
486.5000000000 	 0.3900921412 	          1 
487.0000000000 	 0.3900921602 	          1 
487.5000000000 	 0.3900920706 	          1 
488.0000000000 	 0.3900920901 	          1 
488.5000000000 	 0.3900920008 	          1 
489.0000000000 	 0.3900920207 	          1 
489.5000000000 	 0.3900919318 	          1 
490.0000000000 	 0.3900919520 	          1 
490.5000000000 	 0.3900918635 	          1 
491.0000000000 	 0.3900918841 	          1 
491.5000000000 	 0.3900917960 	          1 
492.0000000000 	 0.3900918170 	          1 
492.5000000000 	 0.3900917292 	          1 
493.0000000000 	 0.3900917506 	          1 
493.5000000000 	 0.3900916632 	          1 
494.0000000000 	 0.3900916849 	          1 
494.5000000000 	 0.3900915979 	          1 
495.0000000000 	 0.3900916199 	          1 
495.5000000000 	 0.3900915333 	          1 
496.0000000000 	 0.3900915557 	          1 
496.5000000000 	 0.3900914694 	          1 
497.0000000000 	 0.3900914922 	          1 
497.5000000000 	 0.3900914062 	          1 
498.0000000000 	 0.3900914293 	          1 
498.5000000000 	 0.3900913438 	          1 
499.0000000000 	 0.3900913672 	          1 
499.5000000000 	 0.3900912820 	          1 
500.0000000000 	 0.3900913057 	          1 
500.5000000000 	 0.3900912208 	          1 
501.0000000000 	 0.3900912450 	          1 
501.5000000000 	 0.3900911604 	          1 
502.0000000000 	 0.3900911848 	          1 
502.5000000000 	 0.3900911006 	          1 
503.0000000000 	 0.3900911253 	          1 
503.5000000000 	 0.3900910414 	          1 
504.0000000000 	 0.3900910665 	          1 
504.5000000000 	 0.3900909829 	          1 
505.0000000000 	 0.3900910082 	          1 
505.5000000000 	 0.3900909249 	          1 
506.0000000000 	 0.3900909506 	          1 
506.5000000000 	 0.3900908676 	          1 
507.0000000000 	 0.3900908936 	          1 
507.5000000000 	 0.3900908109 	          1 
508.0000000000 	 0.3900908371 	          1 
508.5000000000 	 0.3900907547 	          1 
509.0000000000 	 0.3900907812 	          1 
509.5000000000 	 0.3900906991 	          1 
510.0000000000 	 0.3900907259 	          1 
510.5000000000 	 0.3900906440 	          1 
511.0000000000 	 0.3900906711 	          1 
511.5000000000 	 0.3900905895 	          1 
512.0000000000 	 0.3900906168 	          1 
512.5000000000 	 0.3900905354 	          1 
513.0000000000 	 0.3900905630 	          1 
513.5000000000 	 0.3900904819 	          1 
514.0000000000 	 0.3900905097 	          1 
514.5000000000 	 0.3900904288 	          1 
515.0000000000 	 0.3900904569 	          1 
515.5000000000 	 0.3900903763 	          1 
516.0000000000 	 0.3900904046 	          1 
516.5000000000 	 0.3900903241 	          1 
517.0000000000 	 0.3900903527 	          1 
517.5000000000 	 0.3900902725 	          1 
518.0000000000 	 0.3900903012 	          1 
518.5000000000 	 0.3900902212 	          1 
519.0000000000 	 0.3900902502 	          1 
519.5000000000 	 0.3900901704 	          1 
520.0000000000 	 0.3900901996 	          1 
520.5000000000 	 0.3900901200 	          1 
521.0000000000 	 0.3900901493 	          1 
521.5000000000 	 0.3900900699 	          1 
522.0000000000 	 0.3900900995 	          1 
522.5000000000 	 0.3900900203 	          1 
523.0000000000 	 0.3900900500 	          1 
523.5000000000 	 0.3900899710 	          1 
524.0000000000 	 0.3900900009 	          1 
524.5000000000 	 0.3900899220 	          1 
525.0000000000 	 0.3900899521 	          1 
525.5000000000 	 0.3900898734 	          1 
526.0000000000 	 0.3900899037 	          1 
526.5000000000 	 0.3900898252 	          1 
527.0000000000 	 0.3900898556 	          1 
527.5000000000 	 0.3900897772 	          1 
528.0000000000 	 0.3900898078 	          1 
528.5000000000 	 0.3900897296 	          1 
529.0000000000 	 0.3900897604 	          1 
529.5000000000 	 0.3900896823 	          1 
530.0000000000 	 0.3900897132 	          1 
530.5000000000 	 0.3900896353 	          1 
531.0000000000 	 0.3900896663 	          1 
531.5000000000 	 0.3900895886 	          1 
532.0000000000 	 0.3900896198 	          1 
532.5000000000 	 0.3900895422 	          1 
533.0000000000 	 0.3900895735 	          1 
533.5000000000 	 0.3900894960 	          1 
534.0000000000 	 0.3900895275 	          1 
534.5000000000 	 0.3900894501 	          1 
535.0000000000 	 0.3900894817 	          1 
535.5000000000 	 0.3900894045 	          1 
536.0000000000 	 0.3900894362 	          1 
536.5000000000 	 0.3900893591 	          1 
537.0000000000 	 0.3900893910 	          1 
537.5000000000 	 0.3900893140 	          1 
538.0000000000 	 0.3900893460 	          1 
538.5000000000 	 0.3900892691 	          1 
539.0000000000 	 0.3900893012 	          1 
539.5000000000 	 0.3900892245 	          1 
540.0000000000 	 0.3900892567 	          1 
540.5000000000 	 0.3900891801 	          1 
541.0000000000 	 0.3900892125 	          1 
541.5000000000 	 0.3900891360 	          1 
542.0000000000 	 0.3900891684 	          1 
542.5000000000 	 0.3900890921 	          1 
543.0000000000 	 0.3900891246 	          1 
543.5000000000 	 0.3900890484 	          1 
544.0000000000 	 0.3900890810 	          1 
544.5000000000 	 0.3900890049 	          1 
545.0000000000 	 0.3900890376 	          1 
545.5000000000 	 0.3900889616 	          1 
546.0000000000 	 0.3900889945 	          1 
546.5000000000 	 0.3900889186 	          1 
547.0000000000 	 0.3900889515 	          1 
547.5000000000 	 0.3900888757 	          1 
548.0000000000 	 0.3900889088 	          1 
548.5000000000 	 0.3900888331 	          1 
549.0000000000 	 0.3900888663 	          1 
549.5000000000 	 0.3900887907 	          1 
550.0000000000 	 0.3900888240 	          1 
550.5000000000 	 0.3900887484 	          1 
551.0000000000 	 0.3900887818 	          1 
551.5000000000 	 0.3900887064 	          1 
552.0000000000 	 0.3900887399 	          1 
552.5000000000 	 0.3900886646 	          1 
553.0000000000 	 0.3900886981 	          1 
553.5000000000 	 0.3900886229 	          1 
554.0000000000 	 0.3900886566 	          1 
554.5000000000 	 0.3900885815 	          1 
555.0000000000 	 0.3900886152 	          1 
555.5000000000 	 0.3900885402 	          1 
556.0000000000 	 0.3900885740 	          1 
556.5000000000 	 0.3900884991 	          1 
557.0000000000 	 0.3900885330 	          1 
557.5000000000 	 0.3900884582 	          1 
558.0000000000 	 0.3900884922 	          1 
558.5000000000 	 0.3900884174 	          1 
559.0000000000 	 0.3900884516 	          1 
559.5000000000 	 0.3900883769 	          1 
560.0000000000 	 0.3900884111 	          1 
560.5000000000 	 0.3900883365 	          1 
561.0000000000 	 0.3900883708 	          1 
561.5000000000 	 0.3900882962 	          1 
562.0000000000 	 0.3900883306 	          1 
562.5000000000 	 0.3900882562 	          1 
563.0000000000 	 0.3900882906 	          1 
563.5000000000 	 0.3900882163 	          1 
564.0000000000 	 0.3900882508 	          1 
564.5000000000 	 0.3900881765 	          1 
565.0000000000 	 0.3900882111 	          1 
565.5000000000 	 0.3900881369 	          1 
566.0000000000 	 0.3900881716 	          1 
566.5000000000 	 0.3900880975 	          1 
567.0000000000 	 0.3900881322 	          1 
567.5000000000 	 0.3900880581 	          1 
568.0000000000 	 0.3900880930 	          1 
568.5000000000 	 0.3900880190 	          1 
569.0000000000 	 0.3900880539 	          1 
569.5000000000 	 0.3900879799 	          1 
570.0000000000 	 0.3900880149 	          1 
570.5000000000 	 0.3900879411 	          1 
571.0000000000 	 0.3900879761 	          1 
571.5000000000 	 0.3900879023 	          1 
572.0000000000 	 0.3900879374 	          1 
572.5000000000 	 0.3900878637 	          1 
573.0000000000 	 0.3900878988 	          1 
573.5000000000 	 0.3900878252 	          1 
574.0000000000 	 0.3900878604 	          1 
574.5000000000 	 0.3900877868 	          1 
575.0000000000 	 0.3900878221 	          1 
575.5000000000 	 0.3900877485 	          1 
576.0000000000 	 0.3900877839 	          1 
576.5000000000 	 0.3900877104 	          1 
577.0000000000 	 0.3900877458 	          1 
577.5000000000 	 0.3900876724 	          1 
578.0000000000 	 0.3900877078 	          1 
578.5000000000 	 0.3900876344 	          1 
579.0000000000 	 0.3900876700 	          1 
579.5000000000 	 0.3900875966 	          1 
580.0000000000 	 0.3900876322 	          1 
580.5000000000 	 0.3900875589 	          1 
581.0000000000 	 0.3900875946 	          1 
581.5000000000 	 0.3900875213 	          1 
582.0000000000 	 0.3900875570 	          1 
582.5000000000 	 0.3900874838 	          1 
583.0000000000 	 0.3900875196 	          1 
583.5000000000 	 0.3900874464 	          1 
584.0000000000 	 0.3900874822 	          1 
584.5000000000 	 0.3900874091 	          1 
585.0000000000 	 0.3900874449 	          1 
585.5000000000 	 0.3900873719 	          1 
586.0000000000 	 0.3900874078 	          1 
586.5000000000 	 0.3900873348 	          1 
587.0000000000 	 0.3900873707 	          1 
587.5000000000 	 0.3900872978 	          1 
588.0000000000 	 0.3900873337 	          1 
588.5000000000 	 0.3900872608 	          1 
589.0000000000 	 0.3900872968 	          1 
589.5000000000 	 0.3900872240 	          1 
590.0000000000 	 0.3900872600 	          1 
590.5000000000 	 0.3900871872 	          1 
591.0000000000 	 0.3900872232 	          1 
591.5000000000 	 0.3900871505 	          1 
592.0000000000 	 0.3900871866 	          1 
592.5000000000 	 0.3900871138 	          1 
593.0000000000 	 0.3900871500 	          1 
593.5000000000 	 0.3900870773 	          1 
594.0000000000 	 0.3900871135 	          1 
594.5000000000 	 0.3900870408 	          1 
595.0000000000 	 0.3900870770 	          1 
# end of calculation 2019_08_19_14_55_34 
# time difference 00_00_00_00_00_08 
