#time 	S+S- 	 norm 
# 2019_08_19_15_00_34 
0.000000 	 1.000000e+00 	 0.000000e+00 
0.5000000000 	 0.9599303577 	          1 
1.0000000000 	 0.9203312489 	          1 
1.5000000000 	 0.8813029310 	          1 
2.0000000000 	 0.8429379425 	          1 
2.5000000000 	 0.8053212566 	          1 
3.0000000000 	 0.7685304502 	          1 
3.5000000000 	 0.7326358871 	          1 
4.0000000000 	 0.6977009138 	          1 
4.5000000000 	 0.6637820657 	          1 
5.0000000000 	 0.6309292843 	          1 
5.5000000000 	 0.5991861419 	          1 
6.0000000000 	 0.5685900741 	          1 
6.5000000000 	 0.5391726184 	          1 
7.0000000000 	 0.5109596570 	          1 
7.5000000000 	 0.4839716682 	          1 
8.0000000000 	 0.4582239948 	          1 
8.5000000000 	 0.4337270529 	          1 
9.0000000000 	 0.4104866169 	          1 
9.5000000000 	 0.3885040609 	          1 
10.0000000000 	 0.3677766235 	          1 
10.5000000000 	 0.3482976603 	          1 
11.0000000000 	 0.3300568811 	          1 
11.5000000000 	 0.3130405950 	          1 
12.0000000000 	 0.2972319632 	          1 
12.5000000000 	 0.2826112351 	          1 
13.0000000000 	 0.2691559789 	          1 
13.5000000000 	 0.2568413268 	          1 
14.0000000000 	 0.2456401809 	          1 
14.5000000000 	 0.2355234347 	          1 
15.0000000000 	 0.2297329091 	          1 
15.5000000000 	 0.2248592167 	          1 
16.0000000000 	 0.2208298740 	          1 
16.5000000000 	 0.2175778489 	          1 
17.0000000000 	 0.2150411683 	          1 
17.5000000000 	 0.2131624722 	          1 
18.0000000000 	 0.2118886849 	          1 
18.5000000000 	 0.2111708749 	          1 
19.0000000000 	 0.2109635675 	          1 
19.5000000000 	 0.2112246071 	          1 
20.0000000000 	 0.2119150218 	          1 
20.5000000000 	 0.2129984354 	          1 
21.0000000000 	 0.2144411964 	          1 
21.5000000000 	 0.2162118591 	          1 
22.0000000000 	 0.2182808344 	          1 
22.5000000000 	 0.2206206980 	          1 
23.0000000000 	 0.2232056308 	          1 
23.5000000000 	 0.2260113787 	          1 
24.0000000000 	 0.2290148343 	          1 
24.5000000000 	 0.2321943256 	          1 
25.0000000000 	 0.2355299291 	          1 
25.5000000000 	 0.2390015727 	          1 
26.0000000000 	 0.2425923813 	          1 
26.5000000000 	 0.2462831435 	          1 
27.0000000000 	 0.2500593661 	          1 
27.5000000000 	 0.2539055782 	          1 
28.0000000000 	 0.2578061149 	          1 
28.5000000000 	 0.2617478731 	          1 
29.0000000000 	 0.2657206644 	          1 
29.5000000000 	 0.2697432555 	          1 
30.0000000000 	 0.2738451449 	          1 
30.5000000000 	 0.2780269356 	          1 
31.0000000000 	 0.2822892423 	          1 
31.5000000000 	 0.2866301556 	          1 
32.0000000000 	 0.2910446765 	          1 
32.5000000000 	 0.2955285800 	          1 
33.0000000000 	 0.3000776786 	          1 
33.5000000000 	 0.3046866344 	          1 
34.0000000000 	 0.3093479510 	          1 
34.5000000000 	 0.3140516457 	          1 
35.0000000000 	 0.3187937529 	          1 
35.5000000000 	 0.3235642793 	          1 
36.0000000000 	 0.3283531228 	          1 
36.5000000000 	 0.3331528201 	          1 
37.0000000000 	 0.3379535969 	          1 
37.5000000000 	 0.3427458209 	          1 
38.0000000000 	 0.3475205484 	          1 
38.5000000000 	 0.3522705167 	          1 
39.0000000000 	 0.3569826901 	          1 
39.5000000000 	 0.3616483451 	          1 
40.0000000000 	 0.3662615454 	          1 
40.5000000000 	 0.3708127399 	          1 
41.0000000000 	 0.3752904887 	          1 
41.5000000000 	 0.3796870808 	          1 
42.0000000000 	 0.3839953474 	          1 
42.5000000000 	 0.3882080414 	          1 
43.0000000000 	 0.3923165398 	          1 
43.5000000000 	 0.3963132165 	          1 
44.0000000000 	 0.4001925399 	          1 
44.5000000000 	 0.4039459544 	          1 
45.0000000000 	 0.4075704595 	          1 
45.5000000000 	 0.4110623341 	          1 
46.0000000000 	 0.4144169746 	          1 
46.5000000000 	 0.4176299602 	          1 
47.0000000000 	 0.4206994169 	          1 
47.5000000000 	 0.4236254985 	          1 
48.0000000000 	 0.4264052225 	          1 
48.5000000000 	 0.4290360631 	          1 
49.0000000000 	 0.4315172032 	          1 
49.5000000000 	 0.4338485309 	          1 
50.0000000000 	 0.4360310089 	          1 
50.5000000000 	 0.4380643561 	          1 
51.0000000000 	 0.4399491801 	          1 
51.5000000000 	 0.4416877922 	          1 
52.0000000000 	 0.4432823719 	          1 
52.5000000000 	 0.4447327574 	          1 
53.0000000000 	 0.4460418661 	          1 
53.5000000000 	 0.4472148819 	          1 
54.0000000000 	 0.4482519144 	          1 
54.5000000000 	 0.4491536898 	          1 
55.0000000000 	 0.4499259866 	          1 
55.5000000000 	 0.4505718738 	          1 
56.0000000000 	 0.4510929520 	          1 
56.5000000000 	 0.4514935117 	          1 
57.0000000000 	 0.4517785397 	          1 
57.5000000000 	 0.4519505286 	          1 
58.0000000000 	 0.4520112460 	          1 
58.5000000000 	 0.4519715534 	          1 
59.0000000000 	 0.4518299102 	          1 
59.5000000000 	 0.4515880903 	          1 
60.0000000000 	 0.4512538757 	          1 
60.5000000000 	 0.4508308773 	          1 
61.0000000000 	 0.4503201000 	          1 
61.5000000000 	 0.4497267446 	          1 
62.0000000000 	 0.4490601727 	          1 
62.5000000000 	 0.4483178993 	          1 
63.0000000000 	 0.4475025590 	          1 
63.5000000000 	 0.4466236679 	          1 
64.0000000000 	 0.4456830227 	          1 
64.5000000000 	 0.4446825742 	          1 
65.0000000000 	 0.4436285588 	          1 
65.5000000000 	 0.4425264244 	          1 
66.0000000000 	 0.4413769764 	          1 
66.5000000000 	 0.4401836790 	          1 
67.0000000000 	 0.4389530282 	          1 
67.5000000000 	 0.4376893840 	          1 
68.0000000000 	 0.4363900598 	          1 
68.5000000000 	 0.4350661551 	          1 
69.0000000000 	 0.4337198711 	          1 
69.5000000000 	 0.4323489091 	          1 
70.0000000000 	 0.4309640212 	          1 
70.5000000000 	 0.4295643505 	          1 
71.0000000000 	 0.4281541678 	          1 
71.5000000000 	 0.4267364450 	          1 
72.0000000000 	 0.4253147710 	          1 
72.5000000000 	 0.4238925500 	          1 
73.0000000000 	 0.4224722396 	          1 
73.5000000000 	 0.4210563702 	          1 
74.0000000000 	 0.4196492990 	          1 
74.5000000000 	 0.4182543029 	          1 
75.0000000000 	 0.4168686851 	          1 
75.5000000000 	 0.4155041398 	          1 
76.0000000000 	 0.4141554130 	          1 
76.5000000000 	 0.4128267425 	          1 
77.0000000000 	 0.4115208126 	          1 
77.5000000000 	 0.4102413688 	          1 
78.0000000000 	 0.4089900669 	          1 
78.5000000000 	 0.4077643144 	          1 
79.0000000000 	 0.4065731737 	          1 
79.5000000000 	 0.4054149833 	          1 
80.0000000000 	 0.4042874301 	          1 
80.5000000000 	 0.4031988310 	          1 
81.0000000000 	 0.4021471711 	          1 
81.5000000000 	 0.4011312183 	          1 
82.0000000000 	 0.4001555334 	          1 
82.5000000000 	 0.3992220998 	          1 
83.0000000000 	 0.3983269335 	          1 
83.5000000000 	 0.3974755260 	          1 
84.0000000000 	 0.3966668321 	          1 
84.5000000000 	 0.3959009849 	          1 
85.0000000000 	 0.3951785102 	          1 
85.5000000000 	 0.3945002994 	          1 
86.0000000000 	 0.3938672812 	          1 
86.5000000000 	 0.3932780300 	          1 
87.0000000000 	 0.3927326834 	          1 
87.5000000000 	 0.3922335737 	          1 
88.0000000000 	 0.3917783149 	          1 
88.5000000000 	 0.3913649698 	          1 
89.0000000000 	 0.3909980170 	          1 
89.5000000000 	 0.3906737552 	          1 
90.0000000000 	 0.3903918519 	          1 
90.5000000000 	 0.3901517877 	          1 
91.0000000000 	 0.3899532403 	          1 
91.5000000000 	 0.3897965089 	          1 
92.0000000000 	 0.3896791048 	          1 
92.5000000000 	 0.3896000893 	          1 
93.0000000000 	 0.3895612757 	          1 
93.5000000000 	 0.3895604802 	          1 
94.0000000000 	 0.3895936695 	          1 
94.5000000000 	 0.3896654830 	          1 
95.0000000000 	 0.3897694113 	          1 
95.5000000000 	 0.3899063612 	          1 
96.0000000000 	 0.3900778334 	          1 
96.5000000000 	 0.3902797657 	          1 
97.0000000000 	 0.3905091636 	          1 
97.5000000000 	 0.3907707604 	          1 
98.0000000000 	 0.3910591172 	          1 
98.5000000000 	 0.3913729100 	          1 
99.0000000000 	 0.3917130044 	          1 
99.5000000000 	 0.3920795962 	          1 
100.0000000000 	 0.3924654669 	          1 
100.5000000000 	 0.3928723775 	          1 
101.0000000000 	 0.3933024350 	          1 
101.5000000000 	 0.3937483994 	          1 
102.0000000000 	 0.3942119224 	          1 
102.5000000000 	 0.3946916262 	          1 
103.0000000000 	 0.3951855580 	          1 
103.5000000000 	 0.3956937552 	          1 
104.0000000000 	 0.3962135753 	          1 
104.5000000000 	 0.3967420371 	          1 
105.0000000000 	 0.3972831926 	          1 
105.5000000000 	 0.3978321738 	          1 
106.0000000000 	 0.3983844727 	          1 
106.5000000000 	 0.3989461093 	          1 
107.0000000000 	 0.3995126356 	          1 
107.5000000000 	 0.4000804611 	          1 
108.0000000000 	 0.4006511559 	          1 
108.5000000000 	 0.4012261092 	          1 
109.0000000000 	 0.4017996951 	          1 
109.5000000000 	 0.4023731789 	          1 
110.0000000000 	 0.4029446279 	          1 
110.5000000000 	 0.4035141051 	          1 
111.0000000000 	 0.4040796879 	          1 
111.5000000000 	 0.4046383320 	          1 
112.0000000000 	 0.4051960146 	          1 
112.5000000000 	 0.4057446183 	          1 
113.0000000000 	 0.4062869094 	          1 
113.5000000000 	 0.4068209149 	          1 
114.0000000000 	 0.4073469357 	          1 
114.5000000000 	 0.4078641202 	          1 
115.0000000000 	 0.4083712407 	          1 
115.5000000000 	 0.4088679240 	          1 
116.0000000000 	 0.4093538245 	          1 
116.5000000000 	 0.4098313040 	          1 
117.0000000000 	 0.4102939016 	          1 
117.5000000000 	 0.4107445059 	          1 
118.0000000000 	 0.4111847375 	          1 
118.5000000000 	 0.4116105060 	          1 
119.0000000000 	 0.4120218314 	          1 
119.5000000000 	 0.4124193480 	          1 
120.0000000000 	 0.4128034066 	          1 
120.5000000000 	 0.4131729182 	          1 
121.0000000000 	 0.4135268773 	          1 
121.5000000000 	 0.4138679260 	          1 
122.0000000000 	 0.4141937925 	          1 
122.5000000000 	 0.4145036852 	          1 
123.0000000000 	 0.4147986412 	          1 
123.5000000000 	 0.4150793373 	          1 
124.0000000000 	 0.4153446066 	          1 
124.5000000000 	 0.4155937032 	          1 
125.0000000000 	 0.4158289984 	          1 
125.5000000000 	 0.4160505492 	          1 
126.0000000000 	 0.4162561464 	          1 
126.5000000000 	 0.4164477661 	          1 
127.0000000000 	 0.4166247044 	          1 
127.5000000000 	 0.4167859121 	          1 
128.0000000000 	 0.4169334377 	          1 
128.5000000000 	 0.4170684289 	          1 
129.0000000000 	 0.4171873502 	          1 
129.5000000000 	 0.4172935872 	          1 
130.0000000000 	 0.4173882082 	          1 
130.5000000000 	 0.4174698650 	          1 
131.0000000000 	 0.4175360133 	          1 
131.5000000000 	 0.4175940563 	          1 
132.0000000000 	 0.4176404367 	          1 
132.5000000000 	 0.4176708163 	          1 
133.0000000000 	 0.4176938559 	          1 
133.5000000000 	 0.4177062429 	          1 
134.0000000000 	 0.4177060526 	          1 
134.5000000000 	 0.4176958493 	          1 
135.0000000000 	 0.4176763910 	          1 
135.5000000000 	 0.4176490747 	          1 
136.0000000000 	 0.4176122304 	          1 
136.5000000000 	 0.4175658880 	          1 
137.0000000000 	 0.4175130826 	          1 
137.5000000000 	 0.4174550535 	          1 
138.0000000000 	 0.4173871475 	          1 
138.5000000000 	 0.4173126704 	          1 
139.0000000000 	 0.4172346772 	          1 
139.5000000000 	 0.4171504361 	          1 
140.0000000000 	 0.4170582881 	          1 
140.5000000000 	 0.4169637746 	          1 
141.0000000000 	 0.4168649021 	          1 
141.5000000000 	 0.4167598985 	          1 
142.0000000000 	 0.4166515823 	          1 
142.5000000000 	 0.4165403679 	          1 
143.0000000000 	 0.4164256449 	          1 
143.5000000000 	 0.4163098164 	          1 
144.0000000000 	 0.4161918364 	          1 
144.5000000000 	 0.4160715924 	          1 
145.0000000000 	 0.4159499281 	          1 
145.5000000000 	 0.4158283277 	          1 
146.0000000000 	 0.4157059749 	          1 
146.5000000000 	 0.4155817536 	          1 
147.0000000000 	 0.4154606519 	          1 
147.5000000000 	 0.4153401247 	          1 
148.0000000000 	 0.4152178625 	          1 
148.5000000000 	 0.4150985283 	          1 
149.0000000000 	 0.4149810330 	          1 
149.5000000000 	 0.4148632728 	          1 
150.0000000000 	 0.4147469810 	          1 
150.5000000000 	 0.4146348224 	          1 
151.0000000000 	 0.4145241639 	          1 
151.5000000000 	 0.4144150586 	          1 
152.0000000000 	 0.4143086037 	          1 
152.5000000000 	 0.4142060239 	          1 
153.0000000000 	 0.4141078509 	          1 
153.5000000000 	 0.4140092488 	          1 
154.0000000000 	 0.4139173444 	          1 
154.5000000000 	 0.4138295401 	          1 
155.0000000000 	 0.4137427435 	          1 
155.5000000000 	 0.4136619956 	          1 
156.0000000000 	 0.4135842233 	          1 
156.5000000000 	 0.4135102442 	          1 
157.0000000000 	 0.4134406168 	          1 
157.5000000000 	 0.4133746257 	          1 
158.0000000000 	 0.4133133361 	          1 
158.5000000000 	 0.4132551184 	          1 
159.0000000000 	 0.4132049453 	          1 
159.5000000000 	 0.4131563884 	          1 
160.0000000000 	 0.4131111635 	          1 
160.5000000000 	 0.4130719537 	          1 
161.0000000000 	 0.4130383886 	          1 
161.5000000000 	 0.4130060929 	          1 
162.0000000000 	 0.4129798090 	          1 
162.5000000000 	 0.4129591441 	          1 
163.0000000000 	 0.4129426525 	          1 
163.5000000000 	 0.4129285350 	          1 
164.0000000000 	 0.4129194956 	          1 
164.5000000000 	 0.4129167303 	          1 
165.0000000000 	 0.4129172579 	          1 
165.5000000000 	 0.4129188492 	          1 
166.0000000000 	 0.4129289750 	          1 
166.5000000000 	 0.4129429738 	          1 
167.0000000000 	 0.4129579676 	          1 
167.5000000000 	 0.4129764210 	          1 
168.0000000000 	 0.4130012830 	          1 
168.5000000000 	 0.4130291623 	          1 
169.0000000000 	 0.4130575853 	          1 
169.5000000000 	 0.4130918995 	          1 
170.0000000000 	 0.4131296694 	          1 
170.5000000000 	 0.4131689929 	          1 
171.0000000000 	 0.4132115276 	          1 
171.5000000000 	 0.4132589079 	          1 
172.0000000000 	 0.4133083871 	          1 
172.5000000000 	 0.4133587537 	          1 
173.0000000000 	 0.4134136586 	          1 
173.5000000000 	 0.4134706123 	          1 
174.0000000000 	 0.4135283031 	          1 
174.5000000000 	 0.4135892614 	          1 
175.0000000000 	 0.4136537278 	          1 
175.5000000000 	 0.4137172648 	          1 
176.0000000000 	 0.4137857276 	          1 
176.5000000000 	 0.4138537951 	          1 
177.0000000000 	 0.4139242906 	          1 
177.5000000000 	 0.4139944707 	          1 
178.0000000000 	 0.4140668734 	          1 
178.5000000000 	 0.4141406750 	          1 
179.0000000000 	 0.4142147009 	          1 
179.5000000000 	 0.4142888842 	          1 
180.0000000000 	 0.4143644576 	          1 
180.5000000000 	 0.4144406452 	          1 
181.0000000000 	 0.4145164265 	          1 
181.5000000000 	 0.4145924139 	          1 
182.0000000000 	 0.4146687575 	          1 
182.5000000000 	 0.4147465153 	          1 
183.0000000000 	 0.4148229870 	          1 
183.5000000000 	 0.4148983080 	          1 
184.0000000000 	 0.4149752498 	          1 
184.5000000000 	 0.4150519452 	          1 
185.0000000000 	 0.4151277770 	          1 
185.5000000000 	 0.4152018422 	          1 
186.0000000000 	 0.4152763287 	          1 
186.5000000000 	 0.4153496518 	          1 
187.0000000000 	 0.4154205849 	          1 
187.5000000000 	 0.4154922246 	          1 
188.0000000000 	 0.4155625457 	          1 
188.5000000000 	 0.4156310271 	          1 
189.0000000000 	 0.4156990290 	          1 
189.5000000000 	 0.4157680418 	          1 
190.0000000000 	 0.4158329994 	          1 
190.5000000000 	 0.4158988142 	          1 
191.0000000000 	 0.4159640556 	          1 
191.5000000000 	 0.4160266257 	          1 
192.0000000000 	 0.4160864489 	          1 
192.5000000000 	 0.4161457203 	          1 
193.0000000000 	 0.4162046588 	          1 
193.5000000000 	 0.4162598610 	          1 
194.0000000000 	 0.4163132046 	          1 
194.5000000000 	 0.4163669431 	          1 
195.0000000000 	 0.4164188023 	          1 
195.5000000000 	 0.4164671010 	          1 
196.0000000000 	 0.4165143386 	          1 
196.5000000000 	 0.4165604490 	          1 
197.0000000000 	 0.4166036844 	          1 
197.5000000000 	 0.4166456209 	          1 
198.0000000000 	 0.4166858471 	          1 
198.5000000000 	 0.4167242597 	          1 
199.0000000000 	 0.4167622707 	          1 
199.5000000000 	 0.4167972289 	          1 
200.0000000000 	 0.4168326057 	          1 
200.5000000000 	 0.4168653204 	          1 
201.0000000000 	 0.4168957531 	          1 
201.5000000000 	 0.4169278931 	          1 
202.0000000000 	 0.4169553382 	          1 
202.5000000000 	 0.4169816744 	          1 
203.0000000000 	 0.4170067006 	          1 
203.5000000000 	 0.4170303051 	          1 
204.0000000000 	 0.4170518802 	          1 
204.5000000000 	 0.4170709910 	          1 
205.0000000000 	 0.4170910068 	          1 
205.5000000000 	 0.4171087834 	          1 
206.0000000000 	 0.4171232874 	          1 
206.5000000000 	 0.4171376356 	          1 
207.0000000000 	 0.4171534960 	          1 
207.5000000000 	 0.4171643877 	          1 
208.0000000000 	 0.4171746330 	          1 
208.5000000000 	 0.4171869926 	          1 
209.0000000000 	 0.4171961194 	          1 
209.5000000000 	 0.4172026927 	          1 
210.0000000000 	 0.4172099620 	          1 
210.5000000000 	 0.4172162320 	          1 
211.0000000000 	 0.4172202696 	          1 
211.5000000000 	 0.4172246793 	          1 
212.0000000000 	 0.4172290047 	          1 
212.5000000000 	 0.4172310436 	          1 
213.0000000000 	 0.4172317759 	          1 
213.5000000000 	 0.4172337666 	          1 
214.0000000000 	 0.4172343505 	          1 
214.5000000000 	 0.4172328253 	          1 
215.0000000000 	 0.4172345214 	          1 
215.5000000000 	 0.4172333183 	          1 
216.0000000000 	 0.4172308808 	          1 
216.5000000000 	 0.4172295391 	          1 
217.0000000000 	 0.4172272340 	          1 
217.5000000000 	 0.4172232784 	          1 
218.0000000000 	 0.4172217407 	          1 
218.5000000000 	 0.4172190398 	          1 
219.0000000000 	 0.4172145623 	          1 
219.5000000000 	 0.4172120189 	          1 
220.0000000000 	 0.4172094433 	          1 
220.5000000000 	 0.4172054892 	          1 
221.0000000000 	 0.4172020203 	          1 
221.5000000000 	 0.4171997635 	          1 
222.0000000000 	 0.4171965468 	          1 
222.5000000000 	 0.4171948370 	          1 
223.0000000000 	 0.4171922080 	          1 
223.5000000000 	 0.4171886054 	          1 
224.0000000000 	 0.4171858112 	          1 
224.5000000000 	 0.4171834408 	          1 
225.0000000000 	 0.4171797629 	          1 
225.5000000000 	 0.4171758598 	          1 
226.0000000000 	 0.4171733581 	          1 
226.5000000000 	 0.4171710264 	          1 
227.0000000000 	 0.4171677400 	          1 
227.5000000000 	 0.4171650699 	          1 
228.0000000000 	 0.4171635448 	          1 
228.5000000000 	 0.4171627005 	          1 
229.0000000000 	 0.4171614130 	          1 
229.5000000000 	 0.4171626449 	          1 
230.0000000000 	 0.4171621801 	          1 
230.5000000000 	 0.4171624452 	          1 
231.0000000000 	 0.4171628043 	          1 
231.5000000000 	 0.4171630635 	          1 
232.0000000000 	 0.4171632450 	          1 
232.5000000000 	 0.4171641011 	          1 
233.0000000000 	 0.4171660167 	          1 
233.5000000000 	 0.4171675418 	          1 
234.0000000000 	 0.4171687457 	          1 
234.5000000000 	 0.4171726866 	          1 
235.0000000000 	 0.4171758782 	          1 
235.5000000000 	 0.4171792173 	          1 
236.0000000000 	 0.4171832101 	          1 
236.5000000000 	 0.4171891559 	          1 
237.0000000000 	 0.4171946313 	          1 
237.5000000000 	 0.4172007963 	          1 
238.0000000000 	 0.4172073585 	          1 
238.5000000000 	 0.4172133457 	          1 
239.0000000000 	 0.4172199839 	          1 
239.5000000000 	 0.4172262715 	          1 
240.0000000000 	 0.4172335884 	          1 
240.5000000000 	 0.4172410137 	          1 
241.0000000000 	 0.4172502814 	          1 
241.5000000000 	 0.4172587941 	          1 
242.0000000000 	 0.4172684118 	          1 
242.5000000000 	 0.4172781025 	          1 
243.0000000000 	 0.4172878270 	          1 
243.5000000000 	 0.4172993944 	          1 
244.0000000000 	 0.4173101813 	          1 
244.5000000000 	 0.4173206925 	          1 
245.0000000000 	 0.4173323104 	          1 
245.5000000000 	 0.4173444348 	          1 
246.0000000000 	 0.4173555237 	          1 
246.5000000000 	 0.4173672438 	          1 
247.0000000000 	 0.4173800794 	          1 
247.5000000000 	 0.4173933403 	          1 
248.0000000000 	 0.4174057239 	          1 
248.5000000000 	 0.4174177669 	          1 
249.0000000000 	 0.4174320366 	          1 
249.5000000000 	 0.4174444158 	          1 
250.0000000000 	 0.4174592373 	          1 
250.5000000000 	 0.4174723635 	          1 
251.0000000000 	 0.4174862050 	          1 
251.5000000000 	 0.4174988277 	          1 
252.0000000000 	 0.4175114164 	          1 
252.5000000000 	 0.4175248947 	          1 
253.0000000000 	 0.4175381932 	          1 
253.5000000000 	 0.4175506627 	          1 
254.0000000000 	 0.4175641440 	          1 
254.5000000000 	 0.4175800388 	          1 
255.0000000000 	 0.4175936218 	          1 
255.5000000000 	 0.4176069535 	          1 
256.0000000000 	 0.4176219487 	          1 
256.5000000000 	 0.4176350349 	          1 
257.0000000000 	 0.4176481295 	          1 
257.5000000000 	 0.4176618011 	          1 
258.0000000000 	 0.4176750310 	          1 
258.5000000000 	 0.4176871184 	          1 
259.0000000000 	 0.4177015039 	          1 
259.5000000000 	 0.4177135595 	          1 
260.0000000000 	 0.4177267360 	          1 
260.5000000000 	 0.4177382992 	          1 
261.0000000000 	 0.4177515510 	          1 
261.5000000000 	 0.4177634540 	          1 
262.0000000000 	 0.4177751375 	          1 
262.5000000000 	 0.4177877726 	          1 
263.0000000000 	 0.4178001172 	          1 
263.5000000000 	 0.4178109023 	          1 
264.0000000000 	 0.4178235606 	          1 
264.5000000000 	 0.4178355581 	          1 
265.0000000000 	 0.4178446305 	          1 
265.5000000000 	 0.4178567832 	          1 
266.0000000000 	 0.4178680235 	          1 
266.5000000000 	 0.4178757551 	          1 
267.0000000000 	 0.4178874030 	          1 
267.5000000000 	 0.4178974584 	          1 
268.0000000000 	 0.4179050233 	          1 
268.5000000000 	 0.4179173202 	          1 
269.0000000000 	 0.4179270942 	          1 
269.5000000000 	 0.4179363381 	          1 
270.0000000000 	 0.4179461210 	          1 
270.5000000000 	 0.4179553778 	          1 
271.0000000000 	 0.4179642881 	          1 
271.5000000000 	 0.4179725968 	          1 
272.0000000000 	 0.4179813642 	          1 
272.5000000000 	 0.4179903076 	          1 
273.0000000000 	 0.4179988794 	          1 
273.5000000000 	 0.4180068179 	          1 
274.0000000000 	 0.4180142487 	          1 
274.5000000000 	 0.4180250362 	          1 
275.0000000000 	 0.4180332821 	          1 
275.5000000000 	 0.4180402715 	          1 
276.0000000000 	 0.4180473897 	          1 
276.5000000000 	 0.4180549457 	          1 
277.0000000000 	 0.4180617188 	          1 
277.5000000000 	 0.4180662774 	          1 
278.0000000000 	 0.4180725155 	          1 
278.5000000000 	 0.4180788599 	          1 
279.0000000000 	 0.4180820677 	          1 
279.5000000000 	 0.4180888518 	          1 
280.0000000000 	 0.4180953403 	          1 
280.5000000000 	 0.4180976811 	          1 
281.0000000000 	 0.4181053234 	          1 
281.5000000000 	 0.4181097993 	          1 
282.0000000000 	 0.4181141422 	          1 
282.5000000000 	 0.4181200096 	          1 
283.0000000000 	 0.4181247538 	          1 
283.5000000000 	 0.4181282426 	          1 
284.0000000000 	 0.4181329856 	          1 
284.5000000000 	 0.4181377353 	          1 
285.0000000000 	 0.4181413302 	          1 
285.5000000000 	 0.4181433065 	          1 
286.0000000000 	 0.4181477829 	          1 
286.5000000000 	 0.4181523550 	          1 
287.0000000000 	 0.4181542199 	          1 
287.5000000000 	 0.4181585989 	          1 
288.0000000000 	 0.4181636947 	          1 
288.5000000000 	 0.4181666709 	          1 
289.0000000000 	 0.4181703967 	          1 
289.5000000000 	 0.4181730922 	          1 
290.0000000000 	 0.4181746113 	          1 
290.5000000000 	 0.4181787433 	          1 
291.0000000000 	 0.4181810446 	          1 
291.5000000000 	 0.4181832182 	          1 
292.0000000000 	 0.4181877260 	          1 
292.5000000000 	 0.4181905016 	          1 
293.0000000000 	 0.4181932814 	          1 
293.5000000000 	 0.4181962760 	          1 
294.0000000000 	 0.4181993219 	          1 
294.5000000000 	 0.4182021924 	          1 
295.0000000000 	 0.4182052267 	          1 
295.5000000000 	 0.4182081747 	          1 
296.0000000000 	 0.4182107639 	          1 
296.5000000000 	 0.4182156698 	          1 
297.0000000000 	 0.4182178359 	          1 
297.5000000000 	 0.4182193690 	          1 
298.0000000000 	 0.4182227689 	          1 
298.5000000000 	 0.4182249302 	          1 
299.0000000000 	 0.4182247739 	          1 
299.5000000000 	 0.4182283813 	          1 
300.0000000000 	 0.4182303139 	          1 
300.5000000000 	 0.4182304820 	          1 
301.0000000000 	 0.4182336744 	          1 
301.5000000000 	 0.4182361082 	          1 
302.0000000000 	 0.4182357634 	          1 
302.5000000000 	 0.4182411716 	          1 
303.0000000000 	 0.4182431822 	          1 
303.5000000000 	 0.4182450891 	          1 
304.0000000000 	 0.4182478456 	          1 
304.5000000000 	 0.4182499918 	          1 
305.0000000000 	 0.4182513524 	          1 
305.5000000000 	 0.4182547963 	          1 
306.0000000000 	 0.4182580674 	          1 
306.5000000000 	 0.4182589695 	          1 
307.0000000000 	 0.4182652289 	          1 
307.5000000000 	 0.4182685778 	          1 
308.0000000000 	 0.4182727412 	          1 
308.5000000000 	 0.4182752266 	          1 
309.0000000000 	 0.4182791559 	          1 
309.5000000000 	 0.4182826205 	          1 
310.0000000000 	 0.4182840692 	          1 
310.5000000000 	 0.4182870946 	          1 
311.0000000000 	 0.4182898485 	          1 
311.5000000000 	 0.4182923270 	          1 
312.0000000000 	 0.4182937890 	          1 
312.5000000000 	 0.4182958350 	          1 
313.0000000000 	 0.4183010793 	          1 
313.5000000000 	 0.4183032289 	          1 
314.0000000000 	 0.4183063050 	          1 
314.5000000000 	 0.4183099913 	          1 
315.0000000000 	 0.4183135899 	          1 
315.5000000000 	 0.4183165550 	          1 
316.0000000000 	 0.4183179238 	          1 
316.5000000000 	 0.4183224627 	          1 
317.0000000000 	 0.4183267016 	          1 
317.5000000000 	 0.4183275841 	          1 
318.0000000000 	 0.4183327537 	          1 
318.5000000000 	 0.4183357245 	          1 
319.0000000000 	 0.4183386678 	          1 
319.5000000000 	 0.4183423409 	          1 
320.0000000000 	 0.4183446154 	          1 
320.5000000000 	 0.4183473998 	          1 
321.0000000000 	 0.4183514203 	          1 
321.5000000000 	 0.4183550958 	          1 
322.0000000000 	 0.4183578094 	          1 
322.5000000000 	 0.4183604320 	          1 
323.0000000000 	 0.4183640160 	          1 
323.5000000000 	 0.4183675937 	          1 
324.0000000000 	 0.4183706396 	          1 
324.5000000000 	 0.4183732705 	          1 
325.0000000000 	 0.4183770795 	          1 
325.5000000000 	 0.4183807030 	          1 
326.0000000000 	 0.4183832546 	          1 
326.5000000000 	 0.4183869897 	          1 
327.0000000000 	 0.4183918908 	          1 
327.5000000000 	 0.4183941246 	          1 
328.0000000000 	 0.4183975259 	          1 
328.5000000000 	 0.4184014983 	          1 
329.0000000000 	 0.4184043108 	          1 
329.5000000000 	 0.4184057210 	          1 
330.0000000000 	 0.4184092471 	          1 
330.5000000000 	 0.4184129210 	          1 
331.0000000000 	 0.4184136909 	          1 
331.5000000000 	 0.4184178180 	          1 
332.0000000000 	 0.4184218437 	          1 
332.5000000000 	 0.4184233009 	          1 
333.0000000000 	 0.4184280891 	          1 
333.5000000000 	 0.4184314966 	          1 
334.0000000000 	 0.4184329688 	          1 
334.5000000000 	 0.4184375745 	          1 
335.0000000000 	 0.4184398800 	          1 
335.5000000000 	 0.4184418884 	          1 
336.0000000000 	 0.4184446859 	          1 
336.5000000000 	 0.4184473701 	          1 
337.0000000000 	 0.4184476789 	          1 
337.5000000000 	 0.4184511695 	          1 
338.0000000000 	 0.4184547020 	          1 
338.5000000000 	 0.4184544884 	          1 
339.0000000000 	 0.4184599702 	          1 
339.5000000000 	 0.4184631198 	          1 
340.0000000000 	 0.4184657614 	          1 
340.5000000000 	 0.4184677115 	          1 
341.0000000000 	 0.4184701732 	          1 
341.5000000000 	 0.4184744751 	          1 
342.0000000000 	 0.4184760000 	          1 
342.5000000000 	 0.4184794535 	          1 
343.0000000000 	 0.4184824931 	          1 
343.5000000000 	 0.4184835964 	          1 
344.0000000000 	 0.4184850538 	          1 
344.5000000000 	 0.4184891345 	          1 
345.0000000000 	 0.4184919684 	          1 
345.5000000000 	 0.4184939585 	          1 
346.0000000000 	 0.4184969710 	          1 
346.5000000000 	 0.4185010033 	          1 
347.0000000000 	 0.4185036237 	          1 
347.5000000000 	 0.4185049466 	          1 
348.0000000000 	 0.4185087380 	          1 
348.5000000000 	 0.4185113682 	          1 
349.0000000000 	 0.4185119571 	          1 
349.5000000000 	 0.4185138148 	          1 
350.0000000000 	 0.4185182655 	          1 
350.5000000000 	 0.4185194629 	          1 
351.0000000000 	 0.4185229252 	          1 
351.5000000000 	 0.4185264531 	          1 
352.0000000000 	 0.4185282311 	          1 
352.5000000000 	 0.4185304166 	          1 
353.0000000000 	 0.4185336503 	          1 
353.5000000000 	 0.4185352799 	          1 
354.0000000000 	 0.4185362203 	          1 
354.5000000000 	 0.4185383154 	          1 
355.0000000000 	 0.4185401607 	          1 
355.5000000000 	 0.4185412389 	          1 
356.0000000000 	 0.4185431385 	          1 
356.5000000000 	 0.4185456539 	          1 
357.0000000000 	 0.4185465666 	          1 
357.5000000000 	 0.4185504081 	          1 
358.0000000000 	 0.4185515921 	          1 
358.5000000000 	 0.4185526783 	          1 
359.0000000000 	 0.4185547989 	          1 
359.5000000000 	 0.4185562298 	          1 
360.0000000000 	 0.4185555423 	          1 
360.5000000000 	 0.4185589940 	          1 
361.0000000000 	 0.4185602517 	          1 
361.5000000000 	 0.4185595015 	          1 
362.0000000000 	 0.4185617207 	          1 
362.5000000000 	 0.4185637006 	          1 
363.0000000000 	 0.4185619735 	          1 
363.5000000000 	 0.4185659230 	          1 
364.0000000000 	 0.4185680612 	          1 
364.5000000000 	 0.4185667678 	          1 
365.0000000000 	 0.4185690248 	          1 
365.5000000000 	 0.4185709024 	          1 
366.0000000000 	 0.4185698601 	          1 
366.5000000000 	 0.4185740815 	          1 
367.0000000000 	 0.4185757133 	          1 
367.5000000000 	 0.4185758475 	          1 
368.0000000000 	 0.4185784753 	          1 
368.5000000000 	 0.4185803814 	          1 
369.0000000000 	 0.4185798347 	          1 
369.5000000000 	 0.4185841825 	          1 
370.0000000000 	 0.4185856273 	          1 
370.5000000000 	 0.4185865153 	          1 
371.0000000000 	 0.4185877264 	          1 
371.5000000000 	 0.4185891777 	          1 
372.0000000000 	 0.4185912638 	          1 
372.5000000000 	 0.4185922283 	          1 
373.0000000000 	 0.4185932673 	          1 
373.5000000000 	 0.4185950036 	          1 
374.0000000000 	 0.4185960162 	          1 
374.5000000000 	 0.4185967018 	          1 
375.0000000000 	 0.4185965219 	          1 
375.5000000000 	 0.4185977606 	          1 
376.0000000000 	 0.4185987341 	          1 
376.5000000000 	 0.4185977836 	          1 
377.0000000000 	 0.4186013727 	          1 
377.5000000000 	 0.4186026444 	          1 
378.0000000000 	 0.4186027711 	          1 
378.5000000000 	 0.4186036949 	          1 
379.0000000000 	 0.4186055990 	          1 
379.5000000000 	 0.4186058140 	          1 
380.0000000000 	 0.4186063479 	          1 
380.5000000000 	 0.4186075902 	          1 
381.0000000000 	 0.4186091172 	          1 
381.5000000000 	 0.4186092457 	          1 
382.0000000000 	 0.4186081738 	          1 
382.5000000000 	 0.4186100157 	          1 
383.0000000000 	 0.4186117306 	          1 
383.5000000000 	 0.4186099323 	          1 
384.0000000000 	 0.4186114785 	          1 
384.5000000000 	 0.4186121936 	          1 
385.0000000000 	 0.4186116164 	          1 
385.5000000000 	 0.4186115114 	          1 
386.0000000000 	 0.4186155375 	          1 
386.5000000000 	 0.4186165373 	          1 
387.0000000000 	 0.4186185622 	          1 
387.5000000000 	 0.4186202544 	          1 
388.0000000000 	 0.4186200192 	          1 
388.5000000000 	 0.4186222921 	          1 
389.0000000000 	 0.4186238608 	          1 
389.5000000000 	 0.4186229825 	          1 
390.0000000000 	 0.4186229554 	          1 
390.5000000000 	 0.4186247044 	          1 
391.0000000000 	 0.4186249509 	          1 
391.5000000000 	 0.4186238708 	          1 
392.0000000000 	 0.4186254630 	          1 
392.5000000000 	 0.4186266412 	          1 
393.0000000000 	 0.4186263053 	          1 
393.5000000000 	 0.4186303481 	          1 
394.0000000000 	 0.4186304066 	          1 
394.5000000000 	 0.4186316413 	          1 
395.0000000000 	 0.4186333933 	          1 
395.5000000000 	 0.4186336907 	          1 
396.0000000000 	 0.4186336550 	          1 
396.5000000000 	 0.4186344108 	          1 
397.0000000000 	 0.4186354542 	          1 
397.5000000000 	 0.4186349560 	          1 
398.0000000000 	 0.4186352188 	          1 
398.5000000000 	 0.4186359389 	          1 
399.0000000000 	 0.4186360959 	          1 
399.5000000000 	 0.4186359732 	          1 
400.0000000000 	 0.4186368554 	          1 
400.5000000000 	 0.4186372514 	          1 
401.0000000000 	 0.4186365043 	          1 
401.5000000000 	 0.4186390726 	          1 
402.0000000000 	 0.4186388605 	          1 
402.5000000000 	 0.4186384906 	          1 
403.0000000000 	 0.4186411029 	          1 
403.5000000000 	 0.4186410766 	          1 
404.0000000000 	 0.4186417551 	          1 
404.5000000000 	 0.4186427038 	          1 
405.0000000000 	 0.4186433519 	          1 
405.5000000000 	 0.4186445313 	          1 
406.0000000000 	 0.4186451019 	          1 
406.5000000000 	 0.4186459468 	          1 
407.0000000000 	 0.4186468043 	          1 
407.5000000000 	 0.4186477607 	          1 
408.0000000000 	 0.4186507661 	          1 
408.5000000000 	 0.4186505666 	          1 
409.0000000000 	 0.4186535479 	          1 
409.5000000000 	 0.4186560274 	          1 
410.0000000000 	 0.4186558069 	          1 
410.5000000000 	 0.4186555247 	          1 
411.0000000000 	 0.4186571226 	          1 
411.5000000000 	 0.4186582916 	          1 
412.0000000000 	 0.4186571794 	          1 
412.5000000000 	 0.4186598390 	          1 
413.0000000000 	 0.4186613989 	          1 
413.5000000000 	 0.4186615095 	          1 
414.0000000000 	 0.4186631050 	          1 
414.5000000000 	 0.4186645882 	          1 
415.0000000000 	 0.4186646743 	          1 
415.5000000000 	 0.4186667657 	          1 
416.0000000000 	 0.4186677632 	          1 
416.5000000000 	 0.4186662672 	          1 
417.0000000000 	 0.4186689283 	          1 
417.5000000000 	 0.4186696818 	          1 
418.0000000000 	 0.4186683095 	          1 
418.5000000000 	 0.4186686055 	          1 
419.0000000000 	 0.4186711769 	          1 
419.5000000000 	 0.4186691253 	          1 
420.0000000000 	 0.4186698762 	          1 
420.5000000000 	 0.4186723239 	          1 
421.0000000000 	 0.4186687528 	          1 
421.5000000000 	 0.4186705527 	          1 
422.0000000000 	 0.4186708548 	          1 
422.5000000000 	 0.4186699421 	          1 
423.0000000000 	 0.4186721967 	          1 
423.5000000000 	 0.4186737135 	          1 
424.0000000000 	 0.4186739689 	          1 
424.5000000000 	 0.4186753061 	          1 
425.0000000000 	 0.4186765851 	          1 
425.5000000000 	 0.4186775296 	          1 
426.0000000000 	 0.4186786151 	          1 
426.5000000000 	 0.4186800621 	          1 
427.0000000000 	 0.4186803502 	          1 
427.5000000000 	 0.4186817709 	          1 
428.0000000000 	 0.4186840848 	          1 
428.5000000000 	 0.4186853104 	          1 
429.0000000000 	 0.4186848971 	          1 
429.5000000000 	 0.4186857226 	          1 
430.0000000000 	 0.4186881396 	          1 
430.5000000000 	 0.4186876434 	          1 
431.0000000000 	 0.4186867215 	          1 
431.5000000000 	 0.4186891997 	          1 
432.0000000000 	 0.4186911220 	          1 
432.5000000000 	 0.4186897366 	          1 
433.0000000000 	 0.4186926002 	          1 
433.5000000000 	 0.4186938460 	          1 
434.0000000000 	 0.4186933244 	          1 
434.5000000000 	 0.4186947375 	          1 
435.0000000000 	 0.4186957509 	          1 
435.5000000000 	 0.4186971385 	          1 
436.0000000000 	 0.4186978780 	          1 
436.5000000000 	 0.4186981075 	          1 
437.0000000000 	 0.4186986853 	          1 
437.5000000000 	 0.4187003048 	          1 
438.0000000000 	 0.4187008043 	          1 
438.5000000000 	 0.4186998416 	          1 
439.0000000000 	 0.4187020134 	          1 
439.5000000000 	 0.4187029509 	          1 
440.0000000000 	 0.4187022090 	          1 
440.5000000000 	 0.4187019839 	          1 
441.0000000000 	 0.4187020578 	          1 
441.5000000000 	 0.4187020658 	          1 
442.0000000000 	 0.4187008860 	          1 
442.5000000000 	 0.4187008116 	          1 
443.0000000000 	 0.4186996955 	          1 
443.5000000000 	 0.4186989128 	          1 
444.0000000000 	 0.4186984887 	          1 
444.5000000000 	 0.4186991150 	          1 
445.0000000000 	 0.4186987607 	          1 
445.5000000000 	 0.4187006224 	          1 
446.0000000000 	 0.4187018606 	          1 
446.5000000000 	 0.4187006502 	          1 
447.0000000000 	 0.4187024950 	          1 
447.5000000000 	 0.4187036264 	          1 
448.0000000000 	 0.4187027484 	          1 
448.5000000000 	 0.4187020777 	          1 
449.0000000000 	 0.4187029681 	          1 
449.5000000000 	 0.4187024178 	          1 
450.0000000000 	 0.4187020384 	          1 
450.5000000000 	 0.4187024010 	          1 
451.0000000000 	 0.4187020123 	          1 
451.5000000000 	 0.4187010884 	          1 
452.0000000000 	 0.4187029553 	          1 
452.5000000000 	 0.4187038488 	          1 
453.0000000000 	 0.4187042876 	          1 
453.5000000000 	 0.4187057065 	          1 
454.0000000000 	 0.4187070776 	          1 
454.5000000000 	 0.4187072644 	          1 
455.0000000000 	 0.4187072988 	          1 
455.5000000000 	 0.4187082258 	          1 
456.0000000000 	 0.4187087135 	          1 
456.5000000000 	 0.4187077246 	          1 
457.0000000000 	 0.4187092224 	          1 
457.5000000000 	 0.4187097569 	          1 
458.0000000000 	 0.4187093965 	          1 
458.5000000000 	 0.4187094481 	          1 
459.0000000000 	 0.4187099497 	          1 
459.5000000000 	 0.4187089693 	          1 
460.0000000000 	 0.4187099316 	          1 
460.5000000000 	 0.4187106604 	          1 
461.0000000000 	 0.4187095841 	          1 
461.5000000000 	 0.4187122765 	          1 
462.0000000000 	 0.4187119974 	          1 
462.5000000000 	 0.4187115179 	          1 
463.0000000000 	 0.4187143819 	          1 
463.5000000000 	 0.4187166543 	          1 
464.0000000000 	 0.4187143613 	          1 
464.5000000000 	 0.4187172757 	          1 
465.0000000000 	 0.4187206682 	          1 
465.5000000000 	 0.4187196162 	          1 
466.0000000000 	 0.4187188323 	          1 
466.5000000000 	 0.4187212434 	          1 
467.0000000000 	 0.4187224807 	          1 
467.5000000000 	 0.4187201777 	          1 
468.0000000000 	 0.4187198438 	          1 
468.5000000000 	 0.4187222032 	          1 
469.0000000000 	 0.4187219849 	          1 
469.5000000000 	 0.4187202044 	          1 
470.0000000000 	 0.4187211288 	          1 
470.5000000000 	 0.4187226847 	          1 
471.0000000000 	 0.4187207496 	          1 
471.5000000000 	 0.4187234809 	          1 
472.0000000000 	 0.4187228179 	          1 
472.5000000000 	 0.4187232134 	          1 
473.0000000000 	 0.4187225356 	          1 
473.5000000000 	 0.4187210988 	          1 
474.0000000000 	 0.4187214398 	          1 
474.5000000000 	 0.4187208818 	          1 
475.0000000000 	 0.4187189819 	          1 
475.5000000000 	 0.4187202229 	          1 
476.0000000000 	 0.4187203010 	          1 
476.5000000000 	 0.4187204142 	          1 
477.0000000000 	 0.4187205646 	          1 
477.5000000000 	 0.4187210236 	          1 
478.0000000000 	 0.4187214651 	          1 
478.5000000000 	 0.4187222909 	          1 
479.0000000000 	 0.4187227292 	          1 
479.5000000000 	 0.4187225490 	          1 
480.0000000000 	 0.4187258749 	          1 
480.5000000000 	 0.4187252889 	          1 
481.0000000000 	 0.4187266124 	          1 
481.5000000000 	 0.4187274022 	          1 
482.0000000000 	 0.4187268319 	          1 
482.5000000000 	 0.4187250843 	          1 
483.0000000000 	 0.4187250616 	          1 
483.5000000000 	 0.4187248905 	          1 
484.0000000000 	 0.4187228405 	          1 
484.5000000000 	 0.4187240215 	          1 
485.0000000000 	 0.4187251827 	          1 
485.5000000000 	 0.4187257660 	          1 
486.0000000000 	 0.4187261157 	          1 
486.5000000000 	 0.4187274308 	          1 
487.0000000000 	 0.4187274549 	          1 
487.5000000000 	 0.4187266917 	          1 
488.0000000000 	 0.4187279092 	          1 
488.5000000000 	 0.4187288664 	          1 
489.0000000000 	 0.4187280815 	          1 
489.5000000000 	 0.4187278838 	          1 
490.0000000000 	 0.4187294600 	          1 
490.5000000000 	 0.4187310390 	          1 
491.0000000000 	 0.4187303680 	          1 
491.5000000000 	 0.4187320765 	          1 
492.0000000000 	 0.4187320083 	          1 
492.5000000000 	 0.4187309194 	          1 
493.0000000000 	 0.4187311032 	          1 
493.5000000000 	 0.4187309772 	          1 
494.0000000000 	 0.4187306780 	          1 
494.5000000000 	 0.4187294791 	          1 
495.0000000000 	 0.4187311666 	          1 
495.5000000000 	 0.4187317728 	          1 
496.0000000000 	 0.4187326377 	          1 
496.5000000000 	 0.4187332318 	          1 
497.0000000000 	 0.4187331019 	          1 
497.5000000000 	 0.4187332479 	          1 
498.0000000000 	 0.4187333423 	          1 
498.5000000000 	 0.4187334012 	          1 
499.0000000000 	 0.4187330051 	          1 
499.5000000000 	 0.4187337450 	          1 
500.0000000000 	 0.4187338250 	          1 
500.5000000000 	 0.4187327001 	          1 
501.0000000000 	 0.4187319378 	          1 
501.5000000000 	 0.4187323650 	          1 
502.0000000000 	 0.4187312264 	          1 
502.5000000000 	 0.4187298406 	          1 
503.0000000000 	 0.4187314255 	          1 
503.5000000000 	 0.4187309792 	          1 
504.0000000000 	 0.4187290612 	          1 
504.5000000000 	 0.4187297326 	          1 
505.0000000000 	 0.4187297898 	          1 
505.5000000000 	 0.4187272658 	          1 
506.0000000000 	 0.4187296015 	          1 
506.5000000000 	 0.4187295215 	          1 
507.0000000000 	 0.4187283195 	          1 
507.5000000000 	 0.4187281353 	          1 
508.0000000000 	 0.4187289464 	          1 
508.5000000000 	 0.4187279868 	          1 
509.0000000000 	 0.4187285033 	          1 
509.5000000000 	 0.4187296947 	          1 
510.0000000000 	 0.4187288488 	          1 
510.5000000000 	 0.4187302064 	          1 
511.0000000000 	 0.4187311803 	          1 
511.5000000000 	 0.4187301448 	          1 
512.0000000000 	 0.4187332102 	          1 
512.5000000000 	 0.4187336629 	          1 
513.0000000000 	 0.4187335444 	          1 
513.5000000000 	 0.4187342861 	          1 
514.0000000000 	 0.4187351340 	          1 
514.5000000000 	 0.4187325382 	          1 
515.0000000000 	 0.4187334968 	          1 
515.5000000000 	 0.4187345844 	          1 
516.0000000000 	 0.4187315279 	          1 
516.5000000000 	 0.4187338181 	          1 
517.0000000000 	 0.4187342007 	          1 
517.5000000000 	 0.4187333903 	          1 
518.0000000000 	 0.4187327407 	          1 
518.5000000000 	 0.4187342347 	          1 
519.0000000000 	 0.4187351422 	          1 
519.5000000000 	 0.4187343018 	          1 
520.0000000000 	 0.4187347436 	          1 
520.5000000000 	 0.4187382419 	          1 
521.0000000000 	 0.4187374322 	          1 
521.5000000000 	 0.4187367095 	          1 
522.0000000000 	 0.4187385094 	          1 
522.5000000000 	 0.4187397869 	          1 
523.0000000000 	 0.4187384150 	          1 
523.5000000000 	 0.4187399551 	          1 
524.0000000000 	 0.4187410765 	          1 
524.5000000000 	 0.4187393249 	          1 
525.0000000000 	 0.4187403848 	          1 
525.5000000000 	 0.4187385666 	          1 
526.0000000000 	 0.4187380188 	          1 
526.5000000000 	 0.4187373385 	          1 
527.0000000000 	 0.4187361571 	          1 
527.5000000000 	 0.4187346288 	          1 
528.0000000000 	 0.4187349569 	          1 
528.5000000000 	 0.4187334626 	          1 
529.0000000000 	 0.4187337125 	          1 
529.5000000000 	 0.4187334251 	          1 
530.0000000000 	 0.4187321527 	          1 
530.5000000000 	 0.4187337746 	          1 
531.0000000000 	 0.4187334180 	          1 
531.5000000000 	 0.4187328226 	          1 
532.0000000000 	 0.4187321680 	          1 
532.5000000000 	 0.4187315303 	          1 
533.0000000000 	 0.4187310778 	          1 
533.5000000000 	 0.4187304906 	          1 
534.0000000000 	 0.4187300228 	          1 
534.5000000000 	 0.4187317108 	          1 
535.0000000000 	 0.4187309006 	          1 
535.5000000000 	 0.4187309324 	          1 
536.0000000000 	 0.4187307854 	          1 
536.5000000000 	 0.4187292649 	          1 
537.0000000000 	 0.4187288018 	          1 
537.5000000000 	 0.4187279005 	          1 
538.0000000000 	 0.4187261090 	          1 
538.5000000000 	 0.4187268839 	          1 
539.0000000000 	 0.4187254480 	          1 
539.5000000000 	 0.4187240129 	          1 
540.0000000000 	 0.4187244074 	          1 
540.5000000000 	 0.4187261238 	          1 
541.0000000000 	 0.4187246268 	          1 
541.5000000000 	 0.4187269229 	          1 
542.0000000000 	 0.4187297738 	          1 
542.5000000000 	 0.4187279931 	          1 
543.0000000000 	 0.4187293761 	          1 
543.5000000000 	 0.4187308228 	          1 
544.0000000000 	 0.4187298903 	          1 
544.5000000000 	 0.4187312873 	          1 
545.0000000000 	 0.4187336566 	          1 
545.5000000000 	 0.4187350388 	          1 
546.0000000000 	 0.4187347494 	          1 
546.5000000000 	 0.4187360509 	          1 
547.0000000000 	 0.4187372716 	          1 
547.5000000000 	 0.4187374646 	          1 
548.0000000000 	 0.4187373871 	          1 
548.5000000000 	 0.4187379826 	          1 
549.0000000000 	 0.4187384137 	          1 
549.5000000000 	 0.4187382624 	          1 
550.0000000000 	 0.4187378810 	          1 
550.5000000000 	 0.4187382805 	          1 
551.0000000000 	 0.4187388434 	          1 
551.5000000000 	 0.4187386884 	          1 
552.0000000000 	 0.4187378001 	          1 
552.5000000000 	 0.4187371108 	          1 
553.0000000000 	 0.4187387137 	          1 
553.5000000000 	 0.4187381860 	          1 
554.0000000000 	 0.4187396966 	          1 
554.5000000000 	 0.4187410517 	          1 
555.0000000000 	 0.4187409343 	          1 
555.5000000000 	 0.4187405286 	          1 
556.0000000000 	 0.4187408639 	          1 
556.5000000000 	 0.4187409009 	          1 
557.0000000000 	 0.4187403826 	          1 
557.5000000000 	 0.4187397723 	          1 
558.0000000000 	 0.4187399649 	          1 
558.5000000000 	 0.4187410081 	          1 
559.0000000000 	 0.4187402569 	          1 
559.5000000000 	 0.4187391733 	          1 
560.0000000000 	 0.4187398107 	          1 
560.5000000000 	 0.4187418885 	          1 
561.0000000000 	 0.4187391940 	          1 
561.5000000000 	 0.4187406397 	          1 
562.0000000000 	 0.4187417426 	          1 
562.5000000000 	 0.4187394253 	          1 
563.0000000000 	 0.4187370191 	          1 
563.5000000000 	 0.4187386252 	          1 
564.0000000000 	 0.4187377071 	          1 
564.5000000000 	 0.4187366193 	          1 
565.0000000000 	 0.4187372796 	          1 
565.5000000000 	 0.4187382916 	          1 
566.0000000000 	 0.4187366775 	          1 
566.5000000000 	 0.4187362728 	          1 
567.0000000000 	 0.4187362940 	          1 
567.5000000000 	 0.4187359276 	          1 
568.0000000000 	 0.4187357382 	          1 
568.5000000000 	 0.4187352103 	          1 
569.0000000000 	 0.4187349401 	          1 
569.5000000000 	 0.4187376277 	          1 
570.0000000000 	 0.4187367102 	          1 
570.5000000000 	 0.4187375538 	          1 
571.0000000000 	 0.4187373045 	          1 
571.5000000000 	 0.4187371295 	          1 
572.0000000000 	 0.4187363617 	          1 
572.5000000000 	 0.4187366597 	          1 
573.0000000000 	 0.4187358241 	          1 
573.5000000000 	 0.4187354491 	          1 
574.0000000000 	 0.4187347412 	          1 
574.5000000000 	 0.4187334754 	          1 
575.0000000000 	 0.4187337998 	          1 
575.5000000000 	 0.4187334844 	          1 
576.0000000000 	 0.4187327120 	          1 
576.5000000000 	 0.4187339953 	          1 
577.0000000000 	 0.4187343237 	          1 
577.5000000000 	 0.4187336566 	          1 
578.0000000000 	 0.4187359276 	          1 
578.5000000000 	 0.4187372269 	          1 
579.0000000000 	 0.4187377723 	          1 
579.5000000000 	 0.4187378400 	          1 
580.0000000000 	 0.4187380433 	          1 
580.5000000000 	 0.4187394011 	          1 
581.0000000000 	 0.4187392344 	          1 
581.5000000000 	 0.4187374766 	          1 
582.0000000000 	 0.4187399507 	          1 
582.5000000000 	 0.4187402479 	          1 
583.0000000000 	 0.4187383907 	          1 
583.5000000000 	 0.4187381801 	          1 
584.0000000000 	 0.4187410095 	          1 
584.5000000000 	 0.4187385752 	          1 
585.0000000000 	 0.4187393854 	          1 
585.5000000000 	 0.4187408559 	          1 
586.0000000000 	 0.4187388137 	          1 
586.5000000000 	 0.4187372672 	          1 
587.0000000000 	 0.4187371466 	          1 
587.5000000000 	 0.4187366008 	          1 
588.0000000000 	 0.4187370539 	          1 
588.5000000000 	 0.4187369098 	          1 
589.0000000000 	 0.4187363852 	          1 
589.5000000000 	 0.4187371534 	          1 
590.0000000000 	 0.4187378543 	          1 
590.5000000000 	 0.4187356819 	          1 
591.0000000000 	 0.4187371276 	          1 
591.5000000000 	 0.4187381339 	          1 
592.0000000000 	 0.4187380508 	          1 
592.5000000000 	 0.4187372271 	          1 
593.0000000000 	 0.4187405303 	          1 
593.5000000000 	 0.4187409883 	          1 
594.0000000000 	 0.4187409791 	          1 
594.5000000000 	 0.4187410249 	          1 
595.0000000000 	 0.4187411542 	          1 
595.5000000000 	 0.4187418594 	          1 
596.0000000000 	 0.4187420257 	          1 
596.5000000000 	 0.4187408121 	          1 
597.0000000000 	 0.4187421399 	          1 
597.5000000000 	 0.4187425313 	          1 
598.0000000000 	 0.4187398368 	          1 
598.5000000000 	 0.4187415107 	          1 
599.0000000000 	 0.4187402673 	          1 
599.5000000000 	 0.4187383290 	          1 
600.0000000000 	 0.4187389811 	          1 
600.5000000000 	 0.4187395611 	          1 
601.0000000000 	 0.4187362981 	          1 
601.5000000000 	 0.4187391106 	          1 
602.0000000000 	 0.4187400403 	          1 
602.5000000000 	 0.4187385349 	          1 
603.0000000000 	 0.4187374152 	          1 
603.5000000000 	 0.4187390196 	          1 
604.0000000000 	 0.4187379535 	          1 
604.5000000000 	 0.4187365423 	          1 
605.0000000000 	 0.4187378307 	          1 
605.5000000000 	 0.4187387287 	          1 
606.0000000000 	 0.4187362151 	          1 
606.5000000000 	 0.4187397235 	          1 
607.0000000000 	 0.4187402297 	          1 
607.5000000000 	 0.4187397988 	          1 
608.0000000000 	 0.4187399675 	          1 
608.5000000000 	 0.4187416808 	          1 
609.0000000000 	 0.4187397477 	          1 
609.5000000000 	 0.4187414606 	          1 
610.0000000000 	 0.4187419531 	          1 
610.5000000000 	 0.4187421621 	          1 
611.0000000000 	 0.4187420318 	          1 
611.5000000000 	 0.4187413685 	          1 
612.0000000000 	 0.4187420955 	          1 
612.5000000000 	 0.4187423447 	          1 
613.0000000000 	 0.4187403400 	          1 
613.5000000000 	 0.4187416181 	          1 
614.0000000000 	 0.4187422625 	          1 
614.5000000000 	 0.4187391884 	          1 
615.0000000000 	 0.4187396387 	          1 
615.5000000000 	 0.4187390602 	          1 
616.0000000000 	 0.4187361005 	          1 
616.5000000000 	 0.4187359386 	          1 
617.0000000000 	 0.4187356956 	          1 
617.5000000000 	 0.4187331212 	          1 
618.0000000000 	 0.4187357412 	          1 
618.5000000000 	 0.4187347806 	          1 
619.0000000000 	 0.4187356844 	          1 
619.5000000000 	 0.4187361395 	          1 
620.0000000000 	 0.4187343342 	          1 
620.5000000000 	 0.4187356383 	          1 
621.0000000000 	 0.4187343442 	          1 
621.5000000000 	 0.4187333890 	          1 
622.0000000000 	 0.4187348630 	          1 
622.5000000000 	 0.4187348153 	          1 
623.0000000000 	 0.4187348527 	          1 
623.5000000000 	 0.4187349158 	          1 
624.0000000000 	 0.4187351010 	          1 
624.5000000000 	 0.4187354464 	          1 
625.0000000000 	 0.4187352559 	          1 
625.5000000000 	 0.4187345069 	          1 
626.0000000000 	 0.4187364817 	          1 
626.5000000000 	 0.4187360510 	          1 
627.0000000000 	 0.4187360079 	          1 
627.5000000000 	 0.4187384149 	          1 
628.0000000000 	 0.4187372881 	          1 
628.5000000000 	 0.4187379355 	          1 
629.0000000000 	 0.4187379640 	          1 
629.5000000000 	 0.4187371404 	          1 
630.0000000000 	 0.4187392221 	          1 
630.5000000000 	 0.4187392393 	          1 
631.0000000000 	 0.4187399289 	          1 
631.5000000000 	 0.4187406019 	          1 
632.0000000000 	 0.4187408432 	          1 
632.5000000000 	 0.4187427374 	          1 
633.0000000000 	 0.4187434599 	          1 
633.5000000000 	 0.4187448323 	          1 
634.0000000000 	 0.4187453221 	          1 
634.5000000000 	 0.4187453560 	          1 
635.0000000000 	 0.4187448910 	          1 
635.5000000000 	 0.4187445644 	          1 
636.0000000000 	 0.4187448639 	          1 
636.5000000000 	 0.4187438909 	          1 
637.0000000000 	 0.4187439078 	          1 
637.5000000000 	 0.4187437227 	          1 
638.0000000000 	 0.4187427510 	          1 
638.5000000000 	 0.4187444738 	          1 
639.0000000000 	 0.4187428890 	          1 
639.5000000000 	 0.4187429704 	          1 
640.0000000000 	 0.4187443224 	          1 
640.5000000000 	 0.4187442378 	          1 
641.0000000000 	 0.4187430838 	          1 
641.5000000000 	 0.4187425525 	          1 
642.0000000000 	 0.4187424617 	          1 
642.5000000000 	 0.4187415454 	          1 
643.0000000000 	 0.4187399567 	          1 
643.5000000000 	 0.4187405941 	          1 
644.0000000000 	 0.4187394209 	          1 
644.5000000000 	 0.4187399259 	          1 
645.0000000000 	 0.4187408294 	          1 
645.5000000000 	 0.4187404491 	          1 
646.0000000000 	 0.4187397151 	          1 
646.5000000000 	 0.4187396589 	          1 
647.0000000000 	 0.4187390251 	          1 
647.5000000000 	 0.4187375699 	          1 
648.0000000000 	 0.4187387086 	          1 
648.5000000000 	 0.4187387100 	          1 
649.0000000000 	 0.4187371047 	          1 
649.5000000000 	 0.4187383818 	          1 
650.0000000000 	 0.4187391713 	          1 
650.5000000000 	 0.4187381426 	          1 
651.0000000000 	 0.4187370828 	          1 
651.5000000000 	 0.4187394630 	          1 
652.0000000000 	 0.4187400424 	          1 
652.5000000000 	 0.4187396718 	          1 
653.0000000000 	 0.4187402970 	          1 
653.5000000000 	 0.4187412114 	          1 
654.0000000000 	 0.4187410220 	          1 
654.5000000000 	 0.4187393500 	          1 
655.0000000000 	 0.4187397134 	          1 
655.5000000000 	 0.4187397147 	          1 
656.0000000000 	 0.4187382524 	          1 
656.5000000000 	 0.4187374252 	          1 
657.0000000000 	 0.4187383960 	          1 
657.5000000000 	 0.4187378819 	          1 
658.0000000000 	 0.4187384790 	          1 
658.5000000000 	 0.4187386750 	          1 
659.0000000000 	 0.4187374022 	          1 
659.5000000000 	 0.4187366019 	          1 
660.0000000000 	 0.4187366598 	          1 
660.5000000000 	 0.4187359545 	          1 
661.0000000000 	 0.4187339871 	          1 
661.5000000000 	 0.4187344841 	          1 
662.0000000000 	 0.4187337319 	          1 
662.5000000000 	 0.4187324130 	          1 
663.0000000000 	 0.4187324300 	          1 
663.5000000000 	 0.4187323832 	          1 
664.0000000000 	 0.4187300525 	          1 
664.5000000000 	 0.4187308321 	          1 
665.0000000000 	 0.4187319151 	          1 
665.5000000000 	 0.4187292539 	          1 
666.0000000000 	 0.4187327729 	          1 
666.5000000000 	 0.4187344578 	          1 
667.0000000000 	 0.4187337046 	          1 
667.5000000000 	 0.4187338114 	          1 
668.0000000000 	 0.4187354440 	          1 
668.5000000000 	 0.4187341614 	          1 
669.0000000000 	 0.4187343809 	          1 
669.5000000000 	 0.4187357851 	          1 
670.0000000000 	 0.4187354083 	          1 
670.5000000000 	 0.4187358835 	          1 
671.0000000000 	 0.4187359442 	          1 
671.5000000000 	 0.4187357089 	          1 
672.0000000000 	 0.4187355567 	          1 
672.5000000000 	 0.4187355753 	          1 
673.0000000000 	 0.4187353048 	          1 
673.5000000000 	 0.4187354199 	          1 
674.0000000000 	 0.4187357423 	          1 
674.5000000000 	 0.4187348045 	          1 
675.0000000000 	 0.4187357166 	          1 
675.5000000000 	 0.4187366502 	          1 
676.0000000000 	 0.4187366025 	          1 
676.5000000000 	 0.4187345653 	          1 
677.0000000000 	 0.4187367212 	          1 
677.5000000000 	 0.4187374832 	          1 
678.0000000000 	 0.4187347571 	          1 
678.5000000000 	 0.4187350458 	          1 
679.0000000000 	 0.4187365430 	          1 
679.5000000000 	 0.4187330758 	          1 
680.0000000000 	 0.4187341074 	          1 
680.5000000000 	 0.4187352469 	          1 
681.0000000000 	 0.4187329556 	          1 
681.5000000000 	 0.4187347474 	          1 
682.0000000000 	 0.4187348427 	          1 
682.5000000000 	 0.4187344316 	          1 
683.0000000000 	 0.4187345493 	          1 
683.5000000000 	 0.4187354316 	          1 
684.0000000000 	 0.4187359404 	          1 
684.5000000000 	 0.4187355686 	          1 
685.0000000000 	 0.4187354505 	          1 
685.5000000000 	 0.4187366038 	          1 
686.0000000000 	 0.4187359947 	          1 
686.5000000000 	 0.4187356958 	          1 
687.0000000000 	 0.4187368851 	          1 
687.5000000000 	 0.4187371119 	          1 
688.0000000000 	 0.4187353404 	          1 
688.5000000000 	 0.4187354623 	          1 
689.0000000000 	 0.4187372327 	          1 
689.5000000000 	 0.4187355903 	          1 
690.0000000000 	 0.4187366462 	          1 
690.5000000000 	 0.4187364351 	          1 
691.0000000000 	 0.4187360456 	          1 
691.5000000000 	 0.4187351689 	          1 
692.0000000000 	 0.4187345338 	          1 
692.5000000000 	 0.4187341623 	          1 
693.0000000000 	 0.4187323487 	          1 
693.5000000000 	 0.4187310355 	          1 
694.0000000000 	 0.4187314683 	          1 
694.5000000000 	 0.4187292455 	          1 
695.0000000000 	 0.4187304170 	          1 
695.5000000000 	 0.4187301601 	          1 
696.0000000000 	 0.4187294475 	          1 
696.5000000000 	 0.4187293826 	          1 
697.0000000000 	 0.4187312709 	          1 
697.5000000000 	 0.4187300609 	          1 
698.0000000000 	 0.4187307823 	          1 
698.5000000000 	 0.4187317357 	          1 
699.0000000000 	 0.4187308821 	          1 
699.5000000000 	 0.4187332561 	          1 
700.0000000000 	 0.4187334290 	          1 
700.5000000000 	 0.4187334781 	          1 
701.0000000000 	 0.4187343299 	          1 
701.5000000000 	 0.4187347622 	          1 
702.0000000000 	 0.4187342885 	          1 
702.5000000000 	 0.4187339445 	          1 
703.0000000000 	 0.4187337658 	          1 
703.5000000000 	 0.4187340136 	          1 
704.0000000000 	 0.4187333206 	          1 
704.5000000000 	 0.4187314554 	          1 
705.0000000000 	 0.4187305952 	          1 
705.5000000000 	 0.4187306648 	          1 
706.0000000000 	 0.4187298042 	          1 
706.5000000000 	 0.4187304208 	          1 
707.0000000000 	 0.4187309016 	          1 
707.5000000000 	 0.4187308141 	          1 
708.0000000000 	 0.4187309791 	          1 
708.5000000000 	 0.4187319384 	          1 
709.0000000000 	 0.4187315159 	          1 
709.5000000000 	 0.4187307579 	          1 
710.0000000000 	 0.4187312740 	          1 
710.5000000000 	 0.4187321053 	          1 
711.0000000000 	 0.4187318496 	          1 
711.5000000000 	 0.4187316704 	          1 
712.0000000000 	 0.4187317475 	          1 
712.5000000000 	 0.4187322464 	          1 
713.0000000000 	 0.4187324842 	          1 
713.5000000000 	 0.4187317396 	          1 
714.0000000000 	 0.4187318342 	          1 
714.5000000000 	 0.4187312435 	          1 
715.0000000000 	 0.4187292025 	          1 
715.5000000000 	 0.4187300150 	          1 
716.0000000000 	 0.4187310179 	          1 
716.5000000000 	 0.4187299766 	          1 
717.0000000000 	 0.4187292101 	          1 
717.5000000000 	 0.4187302251 	          1 
718.0000000000 	 0.4187303186 	          1 
718.5000000000 	 0.4187285169 	          1 
719.0000000000 	 0.4187283708 	          1 
719.5000000000 	 0.4187301786 	          1 
720.0000000000 	 0.4187285423 	          1 
720.5000000000 	 0.4187298172 	          1 
721.0000000000 	 0.4187298129 	          1 
721.5000000000 	 0.4187273076 	          1 
722.0000000000 	 0.4187267950 	          1 
722.5000000000 	 0.4187266709 	          1 
723.0000000000 	 0.4187238449 	          1 
723.5000000000 	 0.4187239467 	          1 
724.0000000000 	 0.4187235340 	          1 
724.5000000000 	 0.4187224404 	          1 
725.0000000000 	 0.4187227374 	          1 
725.5000000000 	 0.4187229378 	          1 
726.0000000000 	 0.4187223020 	          1 
726.5000000000 	 0.4187258530 	          1 
727.0000000000 	 0.4187249177 	          1 
727.5000000000 	 0.4187259495 	          1 
728.0000000000 	 0.4187273371 	          1 
728.5000000000 	 0.4187270122 	          1 
729.0000000000 	 0.4187272254 	          1 
729.5000000000 	 0.4187267535 	          1 
730.0000000000 	 0.4187262373 	          1 
730.5000000000 	 0.4187265494 	          1 
731.0000000000 	 0.4187257243 	          1 
731.5000000000 	 0.4187246845 	          1 
732.0000000000 	 0.4187248402 	          1 
732.5000000000 	 0.4187247532 	          1 
733.0000000000 	 0.4187236872 	          1 
733.5000000000 	 0.4187251974 	          1 
734.0000000000 	 0.4187242805 	          1 
734.5000000000 	 0.4187242370 	          1 
735.0000000000 	 0.4187258638 	          1 
735.5000000000 	 0.4187264209 	          1 
736.0000000000 	 0.4187256673 	          1 
736.5000000000 	 0.4187257259 	          1 
737.0000000000 	 0.4187259826 	          1 
737.5000000000 	 0.4187254424 	          1 
738.0000000000 	 0.4187250502 	          1 
738.5000000000 	 0.4187275546 	          1 
739.0000000000 	 0.4187274929 	          1 
739.5000000000 	 0.4187285733 	          1 
740.0000000000 	 0.4187297394 	          1 
740.5000000000 	 0.4187303327 	          1 
741.0000000000 	 0.4187307907 	          1 
741.5000000000 	 0.4187309769 	          1 
742.0000000000 	 0.4187313495 	          1 
742.5000000000 	 0.4187316219 	          1 
743.0000000000 	 0.4187315643 	          1 
743.5000000000 	 0.4187309486 	          1 
744.0000000000 	 0.4187303156 	          1 
744.5000000000 	 0.4187321227 	          1 
745.0000000000 	 0.4187313738 	          1 
745.5000000000 	 0.4187295260 	          1 
746.0000000000 	 0.4187320661 	          1 
746.5000000000 	 0.4187311846 	          1 
747.0000000000 	 0.4187306586 	          1 
747.5000000000 	 0.4187307951 	          1 
748.0000000000 	 0.4187301269 	          1 
748.5000000000 	 0.4187298237 	          1 
749.0000000000 	 0.4187282928 	          1 
749.5000000000 	 0.4187258598 	          1 
750.0000000000 	 0.4187261057 	          1 
750.5000000000 	 0.4187258136 	          1 
751.0000000000 	 0.4187230185 	          1 
751.5000000000 	 0.4187233845 	          1 
752.0000000000 	 0.4187229538 	          1 
752.5000000000 	 0.4187223990 	          1 
753.0000000000 	 0.4187210704 	          1 
753.5000000000 	 0.4187237445 	          1 
754.0000000000 	 0.4187231174 	          1 
754.5000000000 	 0.4187221458 	          1 
755.0000000000 	 0.4187217426 	          1 
755.5000000000 	 0.4187225903 	          1 
756.0000000000 	 0.4187218596 	          1 
756.5000000000 	 0.4187218598 	          1 
757.0000000000 	 0.4187239827 	          1 
757.5000000000 	 0.4187235809 	          1 
758.0000000000 	 0.4187228541 	          1 
758.5000000000 	 0.4187233584 	          1 
759.0000000000 	 0.4187233861 	          1 
759.5000000000 	 0.4187221519 	          1 
760.0000000000 	 0.4187216604 	          1 
760.5000000000 	 0.4187221715 	          1 
761.0000000000 	 0.4187221435 	          1 
761.5000000000 	 0.4187220834 	          1 
762.0000000000 	 0.4187220093 	          1 
762.5000000000 	 0.4187223968 	          1 
763.0000000000 	 0.4187242798 	          1 
763.5000000000 	 0.4187226523 	          1 
764.0000000000 	 0.4187241246 	          1 
764.5000000000 	 0.4187253200 	          1 
765.0000000000 	 0.4187227947 	          1 
765.5000000000 	 0.4187235028 	          1 
766.0000000000 	 0.4187235268 	          1 
766.5000000000 	 0.4187207133 	          1 
767.0000000000 	 0.4187213562 	          1 
767.5000000000 	 0.4187216779 	          1 
768.0000000000 	 0.4187180394 	          1 
768.5000000000 	 0.4187203873 	          1 
769.0000000000 	 0.4187206543 	          1 
769.5000000000 	 0.4187180284 	          1 
770.0000000000 	 0.4187185139 	          1 
770.5000000000 	 0.4187187128 	          1 
771.0000000000 	 0.4187165148 	          1 
771.5000000000 	 0.4187195105 	          1 
772.0000000000 	 0.4187197643 	          1 
772.5000000000 	 0.4187184816 	          1 
773.0000000000 	 0.4187197937 	          1 
773.5000000000 	 0.4187204389 	          1 
774.0000000000 	 0.4187181105 	          1 
774.5000000000 	 0.4187211867 	          1 
775.0000000000 	 0.4187221528 	          1 
775.5000000000 	 0.4187214934 	          1 
776.0000000000 	 0.4187207948 	          1 
776.5000000000 	 0.4187222754 	          1 
777.0000000000 	 0.4187233025 	          1 
777.5000000000 	 0.4187223606 	          1 
778.0000000000 	 0.4187241248 	          1 
778.5000000000 	 0.4187250708 	          1 
779.0000000000 	 0.4187241228 	          1 
779.5000000000 	 0.4187249274 	          1 
780.0000000000 	 0.4187247494 	          1 
780.5000000000 	 0.4187256423 	          1 
781.0000000000 	 0.4187259716 	          1 
781.5000000000 	 0.4187248773 	          1 
782.0000000000 	 0.4187263861 	          1 
782.5000000000 	 0.4187273187 	          1 
783.0000000000 	 0.4187248419 	          1 
783.5000000000 	 0.4187263428 	          1 
784.0000000000 	 0.4187270425 	          1 
784.5000000000 	 0.4187240821 	          1 
785.0000000000 	 0.4187245586 	          1 
# end of calculation 2019_08_19_15_03_41 
# time difference 00_00_00_00_03_07 
