#time 	S+S- 	 norm 
# 2019_08_19_15_12_25 
0.000000 	 1.000000e+00 	 0.000000e+00 
0.5000000000 	 0.9599303577 	          1 
1.0000000000 	 0.9203312489 	          1 
1.5000000000 	 0.8813029306 	          1 
2.0000000000 	 0.8429379410 	          1 
2.5000000000 	 0.8053212543 	          1 
3.0000000000 	 0.7685304453 	          1 
3.5000000000 	 0.7326358804 	          1 
4.0000000000 	 0.6977009032 	          1 
4.5000000000 	 0.6637820519 	          1 
5.0000000000 	 0.6309292651 	          1 
5.5000000000 	 0.5991861169 	          1 
6.0000000000 	 0.5685900411 	          1 
6.5000000000 	 0.5391725736 	          1 
7.0000000000 	 0.5109595958 	          1 
7.5000000000 	 0.4839715880 	          1 
8.0000000000 	 0.4582238600 	          1 
8.5000000000 	 0.4337268363 	          1 
9.0000000000 	 0.4104862649 	          1 
9.5000000000 	 0.3885035178 	          1 
10.0000000000 	 0.3677758320 	          1 
10.5000000000 	 0.3482966117 	          1 
11.0000000000 	 0.3300555979 	          1 
11.5000000000 	 0.3130390819 	          1 
12.0000000000 	 0.2972301973 	          1 
12.5000000000 	 0.2826091125 	          1 
13.0000000000 	 0.2691535357 	          1 
13.5000000000 	 0.2568385384 	          1 
14.0000000000 	 0.2456372011 	          1 
14.5000000000 	 0.2355203084 	          1 
15.0000000000 	 0.2264567951 	          1 
15.5000000000 	 0.2184144290 	          1 
16.0000000000 	 0.2113591283 	          1 
16.5000000000 	 0.2052558833 	          1 
17.0000000000 	 0.2000683564 	          1 
17.5000000000 	 0.1957599914 	          1 
18.0000000000 	 0.1922932205 	          1 
18.5000000000 	 0.1896296764 	          1 
19.0000000000 	 0.1877308899 	          1 
19.5000000000 	 0.1865581591 	          1 
20.0000000000 	 0.1860727237 	          1 
20.5000000000 	 0.1862358979 	          1 
21.0000000000 	 0.1870091027 	          1 
21.5000000000 	 0.1883540842 	          1 
22.0000000000 	 0.1902329710 	          1 
22.5000000000 	 0.1926084402 	          1 
23.0000000000 	 0.1954436302 	          1 
23.5000000000 	 0.1987026503 	          1 
24.0000000000 	 0.2023498146 	          1 
24.5000000000 	 0.2063508353 	          1 
25.0000000000 	 0.2119948216 	          1 
25.5000000000 	 0.2178157343 	          1 
26.0000000000 	 0.2237588310 	          1 
26.5000000000 	 0.2297754613 	          1 
27.0000000000 	 0.2358226748 	          1 
27.5000000000 	 0.2418626832 	          1 
28.0000000000 	 0.2478619269 	          1 
28.5000000000 	 0.2537921625 	          1 
29.0000000000 	 0.2596287328 	          1 
29.5000000000 	 0.2653509216 	          1 
30.0000000000 	 0.2709414184 	          1 
30.5000000000 	 0.2763866689 	          1 
31.0000000000 	 0.2816751583 	          1 
31.5000000000 	 0.2867973896 	          1 
32.0000000000 	 0.2917469631 	          1 
32.5000000000 	 0.2965186020 	          1 
33.0000000000 	 0.3011104223 	          1 
33.5000000000 	 0.3055207554 	          1 
34.0000000000 	 0.3097491215 	          1 
34.5000000000 	 0.3137969923 	          1 
35.0000000000 	 0.3176661163 	          1 
35.5000000000 	 0.3213585071 	          1 
36.0000000000 	 0.3248776968 	          1 
36.5000000000 	 0.3282272706 	          1 
37.0000000000 	 0.3314129772 	          1 
37.5000000000 	 0.3344388910 	          1 
38.0000000000 	 0.3373102306 	          1 
38.5000000000 	 0.3400318810 	          1 
39.0000000000 	 0.3426095376 	          1 
39.5000000000 	 0.3450503556 	          1 
40.0000000000 	 0.3473568718 	          1 
40.5000000000 	 0.3495383904 	          1 
41.0000000000 	 0.3516002322 	          1 
41.5000000000 	 0.3535480655 	          1 
42.0000000000 	 0.3553872364 	          1 
42.5000000000 	 0.3571233360 	          1 
43.0000000000 	 0.3587596442 	          1 
43.5000000000 	 0.3603031875 	          1 
44.0000000000 	 0.3617591590 	          1 
44.5000000000 	 0.3631331108 	          1 
45.0000000000 	 0.3644301829 	          1 
45.5000000000 	 0.3656544774 	          1 
46.0000000000 	 0.3668119671 	          1 
46.5000000000 	 0.3679096798 	          1 
47.0000000000 	 0.3689518011 	          1 
47.5000000000 	 0.3699439404 	          1 
48.0000000000 	 0.3708903483 	          1 
48.5000000000 	 0.3717951815 	          1 
49.0000000000 	 0.3726602537 	          1 
49.5000000000 	 0.3735311098 	          1 
50.0000000000 	 0.3744489934 	          1 
50.5000000000 	 0.3754097034 	          1 
51.0000000000 	 0.3764043568 	          1 
51.5000000000 	 0.3774272106 	          1 
52.0000000000 	 0.3784719290 	          1 
52.5000000000 	 0.3795323803 	          1 
53.0000000000 	 0.3806062183 	          1 
53.5000000000 	 0.3816865643 	          1 
54.0000000000 	 0.3827647028 	          1 
54.5000000000 	 0.3838381701 	          1 
55.0000000000 	 0.3849019826 	          1 
55.5000000000 	 0.3859512754 	          1 
56.0000000000 	 0.3869809305 	          1 
56.5000000000 	 0.3879856760 	          1 
57.0000000000 	 0.3889593203 	          1 
57.5000000000 	 0.3898974000 	          1 
58.0000000000 	 0.3907946799 	          1 
58.5000000000 	 0.3916512443 	          1 
59.0000000000 	 0.3924678058 	          1 
59.5000000000 	 0.3932367435 	          1 
60.0000000000 	 0.3939551095 	          1 
60.5000000000 	 0.3946159648 	          1 
61.0000000000 	 0.3952195332 	          1 
61.5000000000 	 0.3957666960 	          1 
62.0000000000 	 0.3962570606 	          1 
62.5000000000 	 0.3966920614 	          1 
63.0000000000 	 0.3970684667 	          1 
63.5000000000 	 0.3973849908 	          1 
64.0000000000 	 0.3976397749 	          1 
64.5000000000 	 0.3978318134 	          1 
65.0000000000 	 0.3979593492 	          1 
65.5000000000 	 0.3980348260 	          1 
66.0000000000 	 0.3980679408 	          1 
66.5000000000 	 0.3980376044 	          1 
67.0000000000 	 0.3979451129 	          1 
67.5000000000 	 0.3977952886 	          1 
68.0000000000 	 0.3975894199 	          1 
68.5000000000 	 0.3973292258 	          1 
69.0000000000 	 0.3970164131 	          1 
69.5000000000 	 0.3966522786 	          1 
70.0000000000 	 0.3962383783 	          1 
70.5000000000 	 0.3957760411 	          1 
71.0000000000 	 0.3952675572 	          1 
71.5000000000 	 0.3947121807 	          1 
72.0000000000 	 0.3941124185 	          1 
72.5000000000 	 0.3934716201 	          1 
73.0000000000 	 0.3927914253 	          1 
73.5000000000 	 0.3920761845 	          1 
74.0000000000 	 0.3913292230 	          1 
74.5000000000 	 0.3905560308 	          1 
75.0000000000 	 0.3897612509 	          1 
75.5000000000 	 0.3889364732 	          1 
76.0000000000 	 0.3880886559 	          1 
76.5000000000 	 0.3872234781 	          1 
77.0000000000 	 0.3863462138 	          1 
77.5000000000 	 0.3854597330 	          1 
78.0000000000 	 0.3845656082 	          1 
78.5000000000 	 0.3836645978 	          1 
79.0000000000 	 0.3827617219 	          1 
79.5000000000 	 0.3818541070 	          1 
80.0000000000 	 0.3809464502 	          1 
80.5000000000 	 0.3800427231 	          1 
81.0000000000 	 0.3791451898 	          1 
81.5000000000 	 0.3782562504 	          1 
82.0000000000 	 0.3773783434 	          1 
82.5000000000 	 0.3765118572 	          1 
83.0000000000 	 0.3756618487 	          1 
83.5000000000 	 0.3748216984 	          1 
84.0000000000 	 0.3739953179 	          1 
84.5000000000 	 0.3731846063 	          1 
85.0000000000 	 0.3723926256 	          1 
85.5000000000 	 0.3716191538 	          1 
86.0000000000 	 0.3708673662 	          1 
86.5000000000 	 0.3701302268 	          1 
87.0000000000 	 0.3694102365 	          1 
87.5000000000 	 0.3687125200 	          1 
88.0000000000 	 0.3680389587 	          1 
88.5000000000 	 0.3673836485 	          1 
89.0000000000 	 0.3667458452 	          1 
89.5000000000 	 0.3661257320 	          1 
90.0000000000 	 0.3655263760 	          1 
90.5000000000 	 0.3649543647 	          1 
91.0000000000 	 0.3644128124 	          1 
91.5000000000 	 0.3638843801 	          1 
92.0000000000 	 0.3633718354 	          1 
92.5000000000 	 0.3628864837 	          1 
93.0000000000 	 0.3624214743 	          1 
93.5000000000 	 0.3619762745 	          1 
94.0000000000 	 0.3615532581 	          1 
94.5000000000 	 0.3611467581 	          1 
95.0000000000 	 0.3607576396 	          1 
95.5000000000 	 0.3603858983 	          1 
96.0000000000 	 0.3600354160 	          1 
96.5000000000 	 0.3597078667 	          1 
97.0000000000 	 0.3593949368 	          1 
97.5000000000 	 0.3590968109 	          1 
98.0000000000 	 0.3588172692 	          1 
98.5000000000 	 0.3585572340 	          1 
99.0000000000 	 0.3583144022 	          1 
99.5000000000 	 0.3580867535 	          1 
100.0000000000 	 0.3578722349 	          1 
100.5000000000 	 0.3576724204 	          1 
101.0000000000 	 0.3574936990 	          1 
101.5000000000 	 0.3573345830 	          1 
102.0000000000 	 0.3571856659 	          1 
102.5000000000 	 0.3570498314 	          1 
103.0000000000 	 0.3569317975 	          1 
103.5000000000 	 0.3568284218 	          1 
104.0000000000 	 0.3567383588 	          1 
104.5000000000 	 0.3566599789 	          1 
105.0000000000 	 0.3565954507 	          1 
105.5000000000 	 0.3565368386 	          1 
106.0000000000 	 0.3564892040 	          1 
106.5000000000 	 0.3564529228 	          1 
107.0000000000 	 0.3564322369 	          1 
107.5000000000 	 0.3564261290 	          1 
108.0000000000 	 0.3564284164 	          1 
108.5000000000 	 0.3564367203 	          1 
109.0000000000 	 0.3564519985 	          1 
109.5000000000 	 0.3564767240 	          1 
110.0000000000 	 0.3565181287 	          1 
110.5000000000 	 0.3565817610 	          1 
111.0000000000 	 0.3566457169 	          1 
111.5000000000 	 0.3567133414 	          1 
112.0000000000 	 0.3567876108 	          1 
112.5000000000 	 0.3568677541 	          1 
113.0000000000 	 0.3569596913 	          1 
113.5000000000 	 0.3570626513 	          1 
114.0000000000 	 0.3571726207 	          1 
114.5000000000 	 0.3572870644 	          1 
115.0000000000 	 0.3574060803 	          1 
115.5000000000 	 0.3575285796 	          1 
116.0000000000 	 0.3576556280 	          1 
116.5000000000 	 0.3577887127 	          1 
117.0000000000 	 0.3579312620 	          1 
117.5000000000 	 0.3580823746 	          1 
118.0000000000 	 0.3582412173 	          1 
118.5000000000 	 0.3584051196 	          1 
119.0000000000 	 0.3585677855 	          1 
119.5000000000 	 0.3587306544 	          1 
120.0000000000 	 0.3588960245 	          1 
120.5000000000 	 0.3590670618 	          1 
121.0000000000 	 0.3592449008 	          1 
121.5000000000 	 0.3594281188 	          1 
122.0000000000 	 0.3596114161 	          1 
122.5000000000 	 0.3597948705 	          1 
123.0000000000 	 0.3599780827 	          1 
123.5000000000 	 0.3601622630 	          1 
124.0000000000 	 0.3603454039 	          1 
124.5000000000 	 0.3605262237 	          1 
125.0000000000 	 0.3607069008 	          1 
125.5000000000 	 0.3608929857 	          1 
126.0000000000 	 0.3610825090 	          1 
126.5000000000 	 0.3612742107 	          1 
127.0000000000 	 0.3614626194 	          1 
127.5000000000 	 0.3616467937 	          1 
128.0000000000 	 0.3618285055 	          1 
128.5000000000 	 0.3620098575 	          1 
129.0000000000 	 0.3621912778 	          1 
129.5000000000 	 0.3623752098 	          1 
130.0000000000 	 0.3625586890 	          1 
130.5000000000 	 0.3627382757 	          1 
131.0000000000 	 0.3629133033 	          1 
131.5000000000 	 0.3630862469 	          1 
132.0000000000 	 0.3632559124 	          1 
132.5000000000 	 0.3634210281 	          1 
133.0000000000 	 0.3635833582 	          1 
133.5000000000 	 0.3637397317 	          1 
134.0000000000 	 0.3638948456 	          1 
134.5000000000 	 0.3640501522 	          1 
135.0000000000 	 0.3641980437 	          1 
135.5000000000 	 0.3643409489 	          1 
136.0000000000 	 0.3644783235 	          1 
136.5000000000 	 0.3646103728 	          1 
137.0000000000 	 0.3647411188 	          1 
137.5000000000 	 0.3648709678 	          1 
138.0000000000 	 0.3650000095 	          1 
138.5000000000 	 0.3651251799 	          1 
139.0000000000 	 0.3652441069 	          1 
139.5000000000 	 0.3653551910 	          1 
140.0000000000 	 0.3654605762 	          1 
140.5000000000 	 0.3655650111 	          1 
141.0000000000 	 0.3656685684 	          1 
141.5000000000 	 0.3657704871 	          1 
142.0000000000 	 0.3658669387 	          1 
142.5000000000 	 0.3659558415 	          1 
143.0000000000 	 0.3660407117 	          1 
143.5000000000 	 0.3661206401 	          1 
144.0000000000 	 0.3661932404 	          1 
144.5000000000 	 0.3662584195 	          1 
145.0000000000 	 0.3663227716 	          1 
145.5000000000 	 0.3663856145 	          1 
146.0000000000 	 0.3664468945 	          1 
146.5000000000 	 0.3665051585 	          1 
147.0000000000 	 0.3665571116 	          1 
147.5000000000 	 0.3666034444 	          1 
148.0000000000 	 0.3666494274 	          1 
148.5000000000 	 0.3666919453 	          1 
149.0000000000 	 0.3667308685 	          1 
149.5000000000 	 0.3667636596 	          1 
150.0000000000 	 0.3667918881 	          1 
150.5000000000 	 0.3668162305 	          1 
151.0000000000 	 0.3668433303 	          1 
151.5000000000 	 0.3668653055 	          1 
152.0000000000 	 0.3668822022 	          1 
152.5000000000 	 0.3668913725 	          1 
153.0000000000 	 0.3668976577 	          1 
153.5000000000 	 0.3669009309 	          1 
154.0000000000 	 0.3669013619 	          1 
154.5000000000 	 0.3668997554 	          1 
155.0000000000 	 0.3668961077 	          1 
155.5000000000 	 0.3668904357 	          1 
156.0000000000 	 0.3668796809 	          1 
156.5000000000 	 0.3668639789 	          1 
157.0000000000 	 0.3668454132 	          1 
157.5000000000 	 0.3668271512 	          1 
158.0000000000 	 0.3668093090 	          1 
158.5000000000 	 0.3667863085 	          1 
159.0000000000 	 0.3667658837 	          1 
159.5000000000 	 0.3667536744 	          1 
160.0000000000 	 0.3667344814 	          1 
160.5000000000 	 0.3667103384 	          1 
161.0000000000 	 0.3666827058 	          1 
161.5000000000 	 0.3666516402 	          1 
162.0000000000 	 0.3666233778 	          1 
162.5000000000 	 0.3665957608 	          1 
163.0000000000 	 0.3665696755 	          1 
163.5000000000 	 0.3665334681 	          1 
164.0000000000 	 0.3664910991 	          1 
164.5000000000 	 0.3664481668 	          1 
165.0000000000 	 0.3664035444 	          1 
165.5000000000 	 0.3663622388 	          1 
166.0000000000 	 0.3663214661 	          1 
166.5000000000 	 0.3662872054 	          1 
167.0000000000 	 0.3662433070 	          1 
167.5000000000 	 0.3661945093 	          1 
168.0000000000 	 0.3661425373 	          1 
168.5000000000 	 0.3660988763 	          1 
169.0000000000 	 0.3660618622 	          1 
169.5000000000 	 0.3660281182 	          1 
170.0000000000 	 0.3659888669 	          1 
170.5000000000 	 0.3659421806 	          1 
171.0000000000 	 0.3658927480 	          1 
171.5000000000 	 0.3658376497 	          1 
172.0000000000 	 0.3657925936 	          1 
172.5000000000 	 0.3657550984 	          1 
173.0000000000 	 0.3657183979 	          1 
173.5000000000 	 0.3656809690 	          1 
174.0000000000 	 0.3656360950 	          1 
174.5000000000 	 0.3655882563 	          1 
175.0000000000 	 0.3655431481 	          1 
175.5000000000 	 0.3654997161 	          1 
176.0000000000 	 0.3654520123 	          1 
176.5000000000 	 0.3654114762 	          1 
177.0000000000 	 0.3653747878 	          1 
177.5000000000 	 0.3653430975 	          1 
178.0000000000 	 0.3653042765 	          1 
178.5000000000 	 0.3652600159 	          1 
179.0000000000 	 0.3652163430 	          1 
179.5000000000 	 0.3651744604 	          1 
180.0000000000 	 0.3651358538 	          1 
180.5000000000 	 0.3651009595 	          1 
181.0000000000 	 0.3650684805 	          1 
181.5000000000 	 0.3650359113 	          1 
182.0000000000 	 0.3650038076 	          1 
182.5000000000 	 0.3649679173 	          1 
183.0000000000 	 0.3649303561 	          1 
183.5000000000 	 0.3648979045 	          1 
184.0000000000 	 0.3648689833 	          1 
184.5000000000 	 0.3648425698 	          1 
185.0000000000 	 0.3648171496 	          1 
185.5000000000 	 0.3647882532 	          1 
186.0000000000 	 0.3647580628 	          1 
186.5000000000 	 0.3647302390 	          1 
187.0000000000 	 0.3647086434 	          1 
187.5000000000 	 0.3646915830 	          1 
188.0000000000 	 0.3646740939 	          1 
188.5000000000 	 0.3646523386 	          1 
189.0000000000 	 0.3646294297 	          1 
189.5000000000 	 0.3646113858 	          1 
190.0000000000 	 0.3645977549 	          1 
190.5000000000 	 0.3645869922 	          1 
191.0000000000 	 0.3645750373 	          1 
191.5000000000 	 0.3645597118 	          1 
192.0000000000 	 0.3645382358 	          1 
192.5000000000 	 0.3645201009 	          1 
193.0000000000 	 0.3645072507 	          1 
193.5000000000 	 0.3644976939 	          1 
194.0000000000 	 0.3644903114 	          1 
194.5000000000 	 0.3644842744 	          1 
195.0000000000 	 0.3644771981 	          1 
195.5000000000 	 0.3644688287 	          1 
196.0000000000 	 0.3644613070 	          1 
196.5000000000 	 0.3644573040 	          1 
197.0000000000 	 0.3644579259 	          1 
197.5000000000 	 0.3644599414 	          1 
198.0000000000 	 0.3644577600 	          1 
198.5000000000 	 0.3644524126 	          1 
199.0000000000 	 0.3644473637 	          1 
199.5000000000 	 0.3644477196 	          1 
200.0000000000 	 0.3644470149 	          1 
200.5000000000 	 0.3644414577 	          1 
201.0000000000 	 0.3644389514 	          1 
201.5000000000 	 0.3644385696 	          1 
202.0000000000 	 0.3644405390 	          1 
202.5000000000 	 0.3644410705 	          1 
203.0000000000 	 0.3644412931 	          1 
203.5000000000 	 0.3644443193 	          1 
204.0000000000 	 0.3644479346 	          1 
204.5000000000 	 0.3644533166 	          1 
205.0000000000 	 0.3644600523 	          1 
205.5000000000 	 0.3644673829 	          1 
206.0000000000 	 0.3644756126 	          1 
206.5000000000 	 0.3644840134 	          1 
207.0000000000 	 0.3644974918 	          1 
207.5000000000 	 0.3645059978 	          1 
208.0000000000 	 0.3645034143 	          1 
208.5000000000 	 0.3645043982 	          1 
209.0000000000 	 0.3645091760 	          1 
209.5000000000 	 0.3645183865 	          1 
210.0000000000 	 0.3645285370 	          1 
210.5000000000 	 0.3645405843 	          1 
211.0000000000 	 0.3645515912 	          1 
211.5000000000 	 0.3645601352 	          1 
212.0000000000 	 0.3645685036 	          1 
212.5000000000 	 0.3645771673 	          1 
213.0000000000 	 0.3645913485 	          1 
213.5000000000 	 0.3646078927 	          1 
214.0000000000 	 0.3646264252 	          1 
214.5000000000 	 0.3646382856 	          1 
215.0000000000 	 0.3646466955 	          1 
215.5000000000 	 0.3646525169 	          1 
216.0000000000 	 0.3646606193 	          1 
216.5000000000 	 0.3646712111 	          1 
217.0000000000 	 0.3646840291 	          1 
217.5000000000 	 0.3646976830 	          1 
218.0000000000 	 0.3647112529 	          1 
218.5000000000 	 0.3647288275 	          1 
219.0000000000 	 0.3647383889 	          1 
219.5000000000 	 0.3647436776 	          1 
220.0000000000 	 0.3647523109 	          1 
220.5000000000 	 0.3647612218 	          1 
221.0000000000 	 0.3647764643 	          1 
221.5000000000 	 0.3647910748 	          1 
222.0000000000 	 0.3648091133 	          1 
222.5000000000 	 0.3648128418 	          1 
223.0000000000 	 0.3648128403 	          1 
223.5000000000 	 0.3648140784 	          1 
224.0000000000 	 0.3648203587 	          1 
224.5000000000 	 0.3648354714 	          1 
225.0000000000 	 0.3648534929 	          1 
225.5000000000 	 0.3648735565 	          1 
226.0000000000 	 0.3648842805 	          1 
226.5000000000 	 0.3648910653 	          1 
227.0000000000 	 0.3648968940 	          1 
227.5000000000 	 0.3649041562 	          1 
228.0000000000 	 0.3649141900 	          1 
228.5000000000 	 0.3649281046 	          1 
229.0000000000 	 0.3649426774 	          1 
229.5000000000 	 0.3649539436 	          1 
230.0000000000 	 0.3649630384 	          1 
230.5000000000 	 0.3649731162 	          1 
231.0000000000 	 0.3649807646 	          1 
231.5000000000 	 0.3649837749 	          1 
232.0000000000 	 0.3649883364 	          1 
232.5000000000 	 0.3649949147 	          1 
233.0000000000 	 0.3650034298 	          1 
233.5000000000 	 0.3650145799 	          1 
234.0000000000 	 0.3650260813 	          1 
234.5000000000 	 0.3650397842 	          1 
235.0000000000 	 0.3650421549 	          1 
235.5000000000 	 0.3650465218 	          1 
236.0000000000 	 0.3650513567 	          1 
236.5000000000 	 0.3650562704 	          1 
237.0000000000 	 0.3650618718 	          1 
237.5000000000 	 0.3650698202 	          1 
238.0000000000 	 0.3650854357 	          1 
238.5000000000 	 0.3650924021 	          1 
239.0000000000 	 0.3650950430 	          1 
239.5000000000 	 0.3650960356 	          1 
240.0000000000 	 0.3650965123 	          1 
240.5000000000 	 0.3650961023 	          1 
241.0000000000 	 0.3650996504 	          1 
241.5000000000 	 0.3651058835 	          1 
242.0000000000 	 0.3651134502 	          1 
242.5000000000 	 0.3651205693 	          1 
243.0000000000 	 0.3651200252 	          1 
243.5000000000 	 0.3651153670 	          1 
244.0000000000 	 0.3651090917 	          1 
244.5000000000 	 0.3651103016 	          1 
245.0000000000 	 0.3651125203 	          1 
245.5000000000 	 0.3651128629 	          1 
246.0000000000 	 0.3651131625 	          1 
246.5000000000 	 0.3651074476 	          1 
247.0000000000 	 0.3650968148 	          1 
247.5000000000 	 0.3650934245 	          1 
248.0000000000 	 0.3651017195 	          1 
248.5000000000 	 0.3651019900 	          1 
249.0000000000 	 0.3650974984 	          1 
249.5000000000 	 0.3650935415 	          1 
250.0000000000 	 0.3650893814 	          1 
250.5000000000 	 0.3650841974 	          1 
251.0000000000 	 0.3650783108 	          1 
251.5000000000 	 0.3650720087 	          1 
252.0000000000 	 0.3650656381 	          1 
252.5000000000 	 0.3650610775 	          1 
253.0000000000 	 0.3650558307 	          1 
253.5000000000 	 0.3650500412 	          1 
254.0000000000 	 0.3650448026 	          1 
254.5000000000 	 0.3650389002 	          1 
255.0000000000 	 0.3650300709 	          1 
255.5000000000 	 0.3650217635 	          1 
256.0000000000 	 0.3650159946 	          1 
256.5000000000 	 0.3650132656 	          1 
257.0000000000 	 0.3650059118 	          1 
257.5000000000 	 0.3649960686 	          1 
258.0000000000 	 0.3649883982 	          1 
258.5000000000 	 0.3649830081 	          1 
259.0000000000 	 0.3649776299 	          1 
259.5000000000 	 0.3649744951 	          1 
260.0000000000 	 0.3649669353 	          1 
260.5000000000 	 0.3649570880 	          1 
261.0000000000 	 0.3649480440 	          1 
261.5000000000 	 0.3649401890 	          1 
262.0000000000 	 0.3649333245 	          1 
262.5000000000 	 0.3649253012 	          1 
263.0000000000 	 0.3649214255 	          1 
263.5000000000 	 0.3649153052 	          1 
264.0000000000 	 0.3649087067 	          1 
264.5000000000 	 0.3648976592 	          1 
265.0000000000 	 0.3648864957 	          1 
265.5000000000 	 0.3648755815 	          1 
266.0000000000 	 0.3648661016 	          1 
266.5000000000 	 0.3648577252 	          1 
267.0000000000 	 0.3648481912 	          1 
267.5000000000 	 0.3648350501 	          1 
268.0000000000 	 0.3648203887 	          1 
268.5000000000 	 0.3648060789 	          1 
269.0000000000 	 0.3647937745 	          1 
269.5000000000 	 0.3647855391 	          1 
270.0000000000 	 0.3647800995 	          1 
270.5000000000 	 0.3647736746 	          1 
271.0000000000 	 0.3647657579 	          1 
271.5000000000 	 0.3647580879 	          1 
272.0000000000 	 0.3647528444 	          1 
272.5000000000 	 0.3647510391 	          1 
273.0000000000 	 0.3647504628 	          1 
273.5000000000 	 0.3647505876 	          1 
274.0000000000 	 0.3647530272 	          1 
274.5000000000 	 0.3647564578 	          1 
275.0000000000 	 0.3647618655 	          1 
275.5000000000 	 0.3647610336 	          1 
276.0000000000 	 0.3647573005 	          1 
276.5000000000 	 0.3647543763 	          1 
277.0000000000 	 0.3647531384 	          1 
277.5000000000 	 0.3647576814 	          1 
278.0000000000 	 0.3647645265 	          1 
278.5000000000 	 0.3647685434 	          1 
279.0000000000 	 0.3647707618 	          1 
279.5000000000 	 0.3647717698 	          1 
280.0000000000 	 0.3647745560 	          1 
280.5000000000 	 0.3647725488 	          1 
281.0000000000 	 0.3647669077 	          1 
281.5000000000 	 0.3647684193 	          1 
282.0000000000 	 0.3647761845 	          1 
282.5000000000 	 0.3647876506 	          1 
283.0000000000 	 0.3647921274 	          1 
283.5000000000 	 0.3647920956 	          1 
284.0000000000 	 0.3647925531 	          1 
284.5000000000 	 0.3647944484 	          1 
285.0000000000 	 0.3647957767 	          1 
285.5000000000 	 0.3647960775 	          1 
286.0000000000 	 0.3647953592 	          1 
286.5000000000 	 0.3647954984 	          1 
287.0000000000 	 0.3647939132 	          1 
287.5000000000 	 0.3647904064 	          1 
288.0000000000 	 0.3647908340 	          1 
288.5000000000 	 0.3647943791 	          1 
289.0000000000 	 0.3647995626 	          1 
289.5000000000 	 0.3648023251 	          1 
290.0000000000 	 0.3648049873 	          1 
290.5000000000 	 0.3648110186 	          1 
291.0000000000 	 0.3648160417 	          1 
291.5000000000 	 0.3648202423 	          1 
292.0000000000 	 0.3648241418 	          1 
292.5000000000 	 0.3648270867 	          1 
293.0000000000 	 0.3648315286 	          1 
293.5000000000 	 0.3648377465 	          1 
294.0000000000 	 0.3648456409 	          1 
294.5000000000 	 0.3648497474 	          1 
295.0000000000 	 0.3648514213 	          1 
295.5000000000 	 0.3648483119 	          1 
296.0000000000 	 0.3648476993 	          1 
296.5000000000 	 0.3648495684 	          1 
297.0000000000 	 0.3648545828 	          1 
297.5000000000 	 0.3648606501 	          1 
298.0000000000 	 0.3648644102 	          1 
298.5000000000 	 0.3648646758 	          1 
299.0000000000 	 0.3648647011 	          1 
299.5000000000 	 0.3648655330 	          1 
300.0000000000 	 0.3648687585 	          1 
300.5000000000 	 0.3648747401 	          1 
301.0000000000 	 0.3648789934 	          1 
301.5000000000 	 0.3648866495 	          1 
302.0000000000 	 0.3648887095 	          1 
302.5000000000 	 0.3648879839 	          1 
303.0000000000 	 0.3648926463 	          1 
303.5000000000 	 0.3649058847 	          1 
304.0000000000 	 0.3649111506 	          1 
304.5000000000 	 0.3649110206 	          1 
305.0000000000 	 0.3649115726 	          1 
305.5000000000 	 0.3649132544 	          1 
306.0000000000 	 0.3649117156 	          1 
306.5000000000 	 0.3649089619 	          1 
307.0000000000 	 0.3649059221 	          1 
307.5000000000 	 0.3649005697 	          1 
308.0000000000 	 0.3648936546 	          1 
308.5000000000 	 0.3648842794 	          1 
309.0000000000 	 0.3648787946 	          1 
309.5000000000 	 0.3648808173 	          1 
310.0000000000 	 0.3648799604 	          1 
310.5000000000 	 0.3648762260 	          1 
311.0000000000 	 0.3648745428 	          1 
311.5000000000 	 0.3648758351 	          1 
312.0000000000 	 0.3648729271 	          1 
312.5000000000 	 0.3648681732 	          1 
313.0000000000 	 0.3648671799 	          1 
313.5000000000 	 0.3648688889 	          1 
314.0000000000 	 0.3648656681 	          1 
314.5000000000 	 0.3648601806 	          1 
315.0000000000 	 0.3648564894 	          1 
315.5000000000 	 0.3648557048 	          1 
316.0000000000 	 0.3648544974 	          1 
316.5000000000 	 0.3648547622 	          1 
317.0000000000 	 0.3648522296 	          1 
317.5000000000 	 0.3648484706 	          1 
318.0000000000 	 0.3648473706 	          1 
318.5000000000 	 0.3648482181 	          1 
319.0000000000 	 0.3648445732 	          1 
319.5000000000 	 0.3648393225 	          1 
320.0000000000 	 0.3648363815 	          1 
320.5000000000 	 0.3648372085 	          1 
321.0000000000 	 0.3648358595 	          1 
321.5000000000 	 0.3648342210 	          1 
322.0000000000 	 0.3648325107 	          1 
322.5000000000 	 0.3648306709 	          1 
323.0000000000 	 0.3648295318 	          1 
323.5000000000 	 0.3648281540 	          1 
324.0000000000 	 0.3648223207 	          1 
324.5000000000 	 0.3648146421 	          1 
325.0000000000 	 0.3648115399 	          1 
325.5000000000 	 0.3648149112 	          1 
326.0000000000 	 0.3648140115 	          1 
326.5000000000 	 0.3648111501 	          1 
327.0000000000 	 0.3648094997 	          1 
327.5000000000 	 0.3648091029 	          1 
328.0000000000 	 0.3648080634 	          1 
328.5000000000 	 0.3648064177 	          1 
329.0000000000 	 0.3648009043 	          1 
329.5000000000 	 0.3647933708 	          1 
330.0000000000 	 0.3647909782 	          1 
330.5000000000 	 0.3647948906 	          1 
331.0000000000 	 0.3647931475 	          1 
331.5000000000 	 0.3647886090 	          1 
332.0000000000 	 0.3647863342 	          1 
332.5000000000 	 0.3647872490 	          1 
333.0000000000 	 0.3647860279 	          1 
333.5000000000 	 0.3647838415 	          1 
334.0000000000 	 0.3647793444 	          1 
334.5000000000 	 0.3647729260 	          1 
335.0000000000 	 0.3647710679 	          1 
335.5000000000 	 0.3647741502 	          1 
336.0000000000 	 0.3647709462 	          1 
336.5000000000 	 0.3647644454 	          1 
337.0000000000 	 0.3647616442 	          1 
337.5000000000 	 0.3647643742 	          1 
338.0000000000 	 0.3647634911 	          1 
338.5000000000 	 0.3647611698 	          1 
339.0000000000 	 0.3647583264 	          1 
339.5000000000 	 0.3647541420 	          1 
340.0000000000 	 0.3647530815 	          1 
340.5000000000 	 0.3647552927 	          1 
341.0000000000 	 0.3647515826 	          1 
341.5000000000 	 0.3647443588 	          1 
342.0000000000 	 0.3647422958 	          1 
342.5000000000 	 0.3647477746 	          1 
343.0000000000 	 0.3647478351 	          1 
343.5000000000 	 0.3647451259 	          1 
344.0000000000 	 0.3647439722 	          1 
344.5000000000 	 0.3647432302 	          1 
345.0000000000 	 0.3647429956 	          1 
345.5000000000 	 0.3647438996 	          1 
346.0000000000 	 0.3647403665 	          1 
346.5000000000 	 0.3647338179 	          1 
347.0000000000 	 0.3647330147 	          1 
347.5000000000 	 0.3647401767 	          1 
348.0000000000 	 0.3647405366 	          1 
348.5000000000 	 0.3647369547 	          1 
349.0000000000 	 0.3647362917 	          1 
349.5000000000 	 0.3647387624 	          1 
350.0000000000 	 0.3647390217 	          1 
350.5000000000 	 0.3647385767 	          1 
351.0000000000 	 0.3647357709 	          1 
351.5000000000 	 0.3647305100 	          1 
352.0000000000 	 0.3647305683 	          1 
352.5000000000 	 0.3647376179 	          1 
353.0000000000 	 0.3647373858 	          1 
353.5000000000 	 0.3647326433 	          1 
354.0000000000 	 0.3647319186 	          1 
354.5000000000 	 0.3647367013 	          1 
355.0000000000 	 0.3647370733 	          1 
355.5000000000 	 0.3647355171 	          1 
356.0000000000 	 0.3647338224 	          1 
356.5000000000 	 0.3647302584 	          1 
357.0000000000 	 0.3647302095 	          1 
357.5000000000 	 0.3647351854 	          1 
358.0000000000 	 0.3647333994 	          1 
358.5000000000 	 0.3647269747 	          1 
359.0000000000 	 0.3647256656 	          1 
359.5000000000 	 0.3647320376 	          1 
360.0000000000 	 0.3647324039 	          1 
360.5000000000 	 0.3647298183 	          1 
361.0000000000 	 0.3647284465 	          1 
361.5000000000 	 0.3647261602 	          1 
362.0000000000 	 0.3647257873 	          1 
362.5000000000 	 0.3647290277 	          1 
363.0000000000 	 0.3647270212 	          1 
363.5000000000 	 0.3647208531 	          1 
364.0000000000 	 0.3647201068 	          1 
364.5000000000 	 0.3647275980 	          1 
365.0000000000 	 0.3647281027 	          1 
365.5000000000 	 0.3647247431 	          1 
366.0000000000 	 0.3647240037 	          1 
366.5000000000 	 0.3647245316 	          1 
367.0000000000 	 0.3647241012 	          1 
367.5000000000 	 0.3647248190 	          1 
368.0000000000 	 0.3647226075 	          1 
368.5000000000 	 0.3647172325 	          1 
369.0000000000 	 0.3647172173 	          1 
369.5000000000 	 0.3647252492 	          1 
370.0000000000 	 0.3647258491 	          1 
370.5000000000 	 0.3647218596 	          1 
371.0000000000 	 0.3647214214 	          1 
371.5000000000 	 0.3647245636 	          1 
372.0000000000 	 0.3647243373 	          1 
372.5000000000 	 0.3647232974 	          1 
373.0000000000 	 0.3647212694 	          1 
373.5000000000 	 0.3647169396 	          1 
374.0000000000 	 0.3647170784 	          1 
374.5000000000 	 0.3647241010 	          1 
375.0000000000 	 0.3647240411 	          1 
375.5000000000 	 0.3647191731 	          1 
376.0000000000 	 0.3647184221 	          1 
376.5000000000 	 0.3647228926 	          1 
377.0000000000 	 0.3647223726 	          1 
377.5000000000 	 0.3647200912 	          1 
378.0000000000 	 0.3647183717 	          1 
378.5000000000 	 0.3647149110 	          1 
379.0000000000 	 0.3647142135 	          1 
379.5000000000 	 0.3647188358 	          1 
380.0000000000 	 0.3647178999 	          1 
380.5000000000 	 0.3647127238 	          1 
381.0000000000 	 0.3647117957 	          1 
381.5000000000 	 0.3647164635 	          1 
382.0000000000 	 0.3647154381 	          1 
382.5000000000 	 0.3647123128 	          1 
383.0000000000 	 0.3647110215 	          1 
383.5000000000 	 0.3647088018 	          1 
384.0000000000 	 0.3647072498 	          1 
384.5000000000 	 0.3647093564 	          1 
385.0000000000 	 0.3647078689 	          1 
385.5000000000 	 0.3647032383 	          1 
386.0000000000 	 0.3647026863 	          1 
386.5000000000 	 0.3647083275 	          1 
387.0000000000 	 0.3647077194 	          1 
387.5000000000 	 0.3647043649 	          1 
388.0000000000 	 0.3647035520 	          1 
388.5000000000 	 0.3647024840 	          1 
389.0000000000 	 0.3647002965 	          1 
389.5000000000 	 0.3647001684 	          1 
390.0000000000 	 0.3646984666 	          1 
390.5000000000 	 0.3646951194 	          1 
391.0000000000 	 0.3646953131 	          1 
391.5000000000 	 0.3647011653 	          1 
392.0000000000 	 0.3647010669 	          1 
392.5000000000 	 0.3646977062 	          1 
393.0000000000 	 0.3646971129 	          1 
393.5000000000 	 0.3646974272 	          1 
394.0000000000 	 0.3646947078 	          1 
394.5000000000 	 0.3646922216 	          1 
395.0000000000 	 0.3646904194 	          1 
395.5000000000 	 0.3646888177 	          1 
396.0000000000 	 0.3646890854 	          1 
396.5000000000 	 0.3646934380 	          1 
397.0000000000 	 0.3646934287 	          1 
397.5000000000 	 0.3646905830 	          1 
398.0000000000 	 0.3646901658 	          1 
398.5000000000 	 0.3646913848 	          1 
399.0000000000 	 0.3646884106 	          1 
399.5000000000 	 0.3646847596 	          1 
400.0000000000 	 0.3646833120 	          1 
400.5000000000 	 0.3646833509 	          1 
401.0000000000 	 0.3646827956 	          1 
401.5000000000 	 0.3646841492 	          1 
402.0000000000 	 0.3646835302 	          1 
402.5000000000 	 0.3646818047 	          1 
403.0000000000 	 0.3646815165 	          1 
403.5000000000 	 0.3646828347 	          1 
404.0000000000 	 0.3646800809 	          1 
404.5000000000 	 0.3646762173 	          1 
405.0000000000 	 0.3646752901 	          1 
405.5000000000 	 0.3646757650 	          1 
406.0000000000 	 0.3646738166 	          1 
406.5000000000 	 0.3646725095 	          1 
407.0000000000 	 0.3646713877 	          1 
407.5000000000 	 0.3646712146 	          1 
408.0000000000 	 0.3646715942 	          1 
408.5000000000 	 0.3646736541 	          1 
409.0000000000 	 0.3646722771 	          1 
409.5000000000 	 0.3646694604 	          1 
410.0000000000 	 0.3646694780 	          1 
410.5000000000 	 0.3646704569 	          1 
411.0000000000 	 0.3646673798 	          1 
411.5000000000 	 0.3646636073 	          1 
412.0000000000 	 0.3646621220 	          1 
412.5000000000 	 0.3646640869 	          1 
413.0000000000 	 0.3646650548 	          1 
413.5000000000 	 0.3646666741 	          1 
414.0000000000 	 0.3646664111 	          1 
414.5000000000 	 0.3646650046 	          1 
415.0000000000 	 0.3646654200 	          1 
415.5000000000 	 0.3646663722 	          1 
416.0000000000 	 0.3646626366 	          1 
416.5000000000 	 0.3646574406 	          1 
417.0000000000 	 0.3646560379 	          1 
417.5000000000 	 0.3646595004 	          1 
418.0000000000 	 0.3646600181 	          1 
418.5000000000 	 0.3646597519 	          1 
419.0000000000 	 0.3646593413 	          1 
419.5000000000 	 0.3646589628 	          1 
420.0000000000 	 0.3646586834 	          1 
420.5000000000 	 0.3646587869 	          1 
421.0000000000 	 0.3646551512 	          1 
421.5000000000 	 0.3646498919 	          1 
422.0000000000 	 0.3646490138 	          1 
422.5000000000 	 0.3646528893 	          1 
423.0000000000 	 0.3646517924 	          1 
423.5000000000 	 0.3646486029 	          1 
424.0000000000 	 0.3646473234 	          1 
424.5000000000 	 0.3646486929 	          1 
425.0000000000 	 0.3646484685 	          1 
425.5000000000 	 0.3646482114 	          1 
426.0000000000 	 0.3646456954 	          1 
426.5000000000 	 0.3646415088 	          1 
427.0000000000 	 0.3646411342 	          1 
427.5000000000 	 0.3646442499 	          1 
428.0000000000 	 0.3646415350 	          1 
428.5000000000 	 0.3646359578 	          1 
429.0000000000 	 0.3646342138 	          1 
429.5000000000 	 0.3646381608 	          1 
430.0000000000 	 0.3646385850 	          1 
430.5000000000 	 0.3646376767 	          1 
431.0000000000 	 0.3646364548 	          1 
431.5000000000 	 0.3646343123 	          1 
432.0000000000 	 0.3646343325 	          1 
432.5000000000 	 0.3646363677 	          1 
433.0000000000 	 0.3646329232 	          1 
433.5000000000 	 0.3646265067 	          1 
434.0000000000 	 0.3646250665 	          1 
434.5000000000 	 0.3646308891 	          1 
435.0000000000 	 0.3646313335 	          1 
435.5000000000 	 0.3646289462 	          1 
436.0000000000 	 0.3646283061 	          1 
436.5000000000 	 0.3646290307 	          1 
437.0000000000 	 0.3646290875 	          1 
437.5000000000 	 0.3646290822 	          1 
438.0000000000 	 0.3646253402 	          1 
438.5000000000 	 0.3646190501 	          1 
439.0000000000 	 0.3646182568 	          1 
439.5000000000 	 0.3646247103 	          1 
440.0000000000 	 0.3646245092 	          1 
440.5000000000 	 0.3646205077 	          1 
441.0000000000 	 0.3646194478 	          1 
441.5000000000 	 0.3646223411 	          1 
442.0000000000 	 0.3646222018 	          1 
442.5000000000 	 0.3646206797 	          1 
443.0000000000 	 0.3646176134 	          1 
443.5000000000 	 0.3646124018 	          1 
444.0000000000 	 0.3646117200 	          1 
444.5000000000 	 0.3646166433 	          1 
445.0000000000 	 0.3646146736 	          1 
445.5000000000 	 0.3646084691 	          1 
446.0000000000 	 0.3646066296 	          1 
446.5000000000 	 0.3646114012 	          1 
447.0000000000 	 0.3646113773 	          1 
447.5000000000 	 0.3646092092 	          1 
448.0000000000 	 0.3646072578 	          1 
448.5000000000 	 0.3646040797 	          1 
449.0000000000 	 0.3646035796 	          1 
449.5000000000 	 0.3646066200 	          1 
450.0000000000 	 0.3646036716 	          1 
450.5000000000 	 0.3645966858 	          1 
451.0000000000 	 0.3645951305 	          1 
451.5000000000 	 0.3646018547 	          1 
452.0000000000 	 0.3646021665 	          1 
452.5000000000 	 0.3645988910 	          1 
453.0000000000 	 0.3645976414 	          1 
453.5000000000 	 0.3645968190 	          1 
454.0000000000 	 0.3645962782 	          1 
454.5000000000 	 0.3645974017 	          1 
455.0000000000 	 0.3645943013 	          1 
455.5000000000 	 0.3645877769 	          1 
456.0000000000 	 0.3645870320 	          1 
456.5000000000 	 0.3645946498 	          1 
457.0000000000 	 0.3645949855 	          1 
457.5000000000 	 0.3645909533 	          1 
458.0000000000 	 0.3645901582 	          1 
458.5000000000 	 0.3645924436 	          1 
459.0000000000 	 0.3645922207 	          1 
459.5000000000 	 0.3645915183 	          1 
460.0000000000 	 0.3645889488 	          1 
460.5000000000 	 0.3645837081 	          1 
461.0000000000 	 0.3645835783 	          1 
461.5000000000 	 0.3645908499 	          1 
462.0000000000 	 0.3645905636 	          1 
462.5000000000 	 0.3645852961 	          1 
463.0000000000 	 0.3645842213 	          1 
463.5000000000 	 0.3645888817 	          1 
464.0000000000 	 0.3645886506 	          1 
464.5000000000 	 0.3645864153 	          1 
465.0000000000 	 0.3645843629 	          1 
465.5000000000 	 0.3645803033 	          1 
466.0000000000 	 0.3645795891 	          1 
466.5000000000 	 0.3645843523 	          1 
467.0000000000 	 0.3645827502 	          1 
467.5000000000 	 0.3645764673 	          1 
468.0000000000 	 0.3645750665 	          1 
468.5000000000 	 0.3645804496 	          1 
469.0000000000 	 0.3645799164 	          1 
469.5000000000 	 0.3645769396 	          1 
470.0000000000 	 0.3645753328 	          1 
470.5000000000 	 0.3645725352 	          1 
471.0000000000 	 0.3645712896 	          1 
471.5000000000 	 0.3645741500 	          1 
472.0000000000 	 0.3645722632 	          1 
472.5000000000 	 0.3645663030 	          1 
473.0000000000 	 0.3645652633 	          1 
473.5000000000 	 0.3645716875 	          1 
474.0000000000 	 0.3645713666 	          1 
474.5000000000 	 0.3645678870 	          1 
475.0000000000 	 0.3645668598 	          1 
475.5000000000 	 0.3645656408 	          1 
476.0000000000 	 0.3645640948 	          1 
476.5000000000 	 0.3645648960 	          1 
477.0000000000 	 0.3645629337 	          1 
477.5000000000 	 0.3645578960 	          1 
478.0000000000 	 0.3645576576 	          1 
478.5000000000 	 0.3645648601 	          1 
479.0000000000 	 0.3645650040 	          1 
479.5000000000 	 0.3645611722 	          1 
480.0000000000 	 0.3645605383 	          1 
480.5000000000 	 0.3645615254 	          1 
481.0000000000 	 0.3645597894 	          1 
481.5000000000 	 0.3645583763 	          1 
482.0000000000 	 0.3645563650 	          1 
482.5000000000 	 0.3645527376 	          1 
483.0000000000 	 0.3645527772 	          1 
483.5000000000 	 0.3645591133 	          1 
484.0000000000 	 0.3645592715 	          1 
484.5000000000 	 0.3645553321 	          1 
485.0000000000 	 0.3645547634 	          1 
485.5000000000 	 0.3645571518 	          1 
486.0000000000 	 0.3645552798 	          1 
486.5000000000 	 0.3645525873 	          1 
487.0000000000 	 0.3645508300 	          1 
487.5000000000 	 0.3645483621 	          1 
488.0000000000 	 0.3645476996 	          1 
488.5000000000 	 0.3645515216 	          1 
489.0000000000 	 0.3645510487 	          1 
489.5000000000 	 0.3645475133 	          1 
490.0000000000 	 0.3645470350 	          1 
490.5000000000 	 0.3645499850 	          1 
491.0000000000 	 0.3645480133 	          1 
491.5000000000 	 0.3645446652 	          1 
492.0000000000 	 0.3645433985 	          1 
492.5000000000 	 0.3645419005 	          1 
493.0000000000 	 0.3645402772 	          1 
493.5000000000 	 0.3645415978 	          1 
494.0000000000 	 0.3645407318 	          1 
494.5000000000 	 0.3645383724 	          1 
495.0000000000 	 0.3645384629 	          1 
495.5000000000 	 0.3645419162 	          1 
496.0000000000 	 0.3645404849 	          1 
496.5000000000 	 0.3645373022 	          1 
497.0000000000 	 0.3645367966 	          1 
497.5000000000 	 0.3645366322 	          1 
498.0000000000 	 0.3645342027 	          1 
498.5000000000 	 0.3645328462 	          1 
499.0000000000 	 0.3645316097 	          1 
499.5000000000 	 0.3645310072 	          1 
500.0000000000 	 0.3645317017 	          1 
500.5000000000 	 0.3645351400 	          1 
501.0000000000 	 0.3645345249 	          1 
501.5000000000 	 0.3645320097 	          1 
502.0000000000 	 0.3645320927 	          1 
502.5000000000 	 0.3645327010 	          1 
503.0000000000 	 0.3645295571 	          1 
503.5000000000 	 0.3645261975 	          1 
504.0000000000 	 0.3645247961 	          1 
504.5000000000 	 0.3645258246 	          1 
505.0000000000 	 0.3645267154 	          1 
505.5000000000 	 0.3645293254 	          1 
506.0000000000 	 0.3645293733 	          1 
506.5000000000 	 0.3645278035 	          1 
507.0000000000 	 0.3645277889 	          1 
507.5000000000 	 0.3645284153 	          1 
508.0000000000 	 0.3645248737 	          1 
508.5000000000 	 0.3645203331 	          1 
509.0000000000 	 0.3645191428 	          1 
509.5000000000 	 0.3645215603 	          1 
510.0000000000 	 0.3645213483 	          1 
510.5000000000 	 0.3645210482 	          1 
511.0000000000 	 0.3645204342 	          1 
511.5000000000 	 0.3645201747 	          1 
512.0000000000 	 0.3645201029 	          1 
512.5000000000 	 0.3645205509 	          1 
513.0000000000 	 0.3645175199 	          1 
513.5000000000 	 0.3645131821 	          1 
514.0000000000 	 0.3645125609 	          1 
514.5000000000 	 0.3645150655 	          1 
515.0000000000 	 0.3645131126 	          1 
515.5000000000 	 0.3645098544 	          1 
516.0000000000 	 0.3645084914 	          1 
516.5000000000 	 0.3645100844 	          1 
517.0000000000 	 0.3645103765 	          1 
517.5000000000 	 0.3645108951 	          1 
518.0000000000 	 0.3645093737 	          1 
518.5000000000 	 0.3645065107 	          1 
519.0000000000 	 0.3645066395 	          1 
519.5000000000 	 0.3645087853 	          1 
520.0000000000 	 0.3645056912 	          1 
520.5000000000 	 0.3645003880 	          1 
521.0000000000 	 0.3644989703 	          1 
521.5000000000 	 0.3645030964 	          1 
522.0000000000 	 0.3645040274 	          1 
522.5000000000 	 0.3645039763 	          1 
523.0000000000 	 0.3645036228 	          1 
523.5000000000 	 0.3645028779 	          1 
524.0000000000 	 0.3645033239 	          1 
524.5000000000 	 0.3645044620 	          1 
525.0000000000 	 0.3645007641 	          1 
525.5000000000 	 0.3644947735 	          1 
526.0000000000 	 0.3644935604 	          1 
526.5000000000 	 0.3644987463 	          1 
527.0000000000 	 0.3644989778 	          1 
527.5000000000 	 0.3644968109 	          1 
528.0000000000 	 0.3644962103 	          1 
528.5000000000 	 0.3644974794 	          1 
529.0000000000 	 0.3644973911 	          1 
529.5000000000 	 0.3644967815 	          1 
530.0000000000 	 0.3644931512 	          1 
530.5000000000 	 0.3644875594 	          1 
531.0000000000 	 0.3644868297 	          1 
531.5000000000 	 0.3644916993 	          1 
532.0000000000 	 0.3644904399 	          1 
532.5000000000 	 0.3644859478 	          1 
533.0000000000 	 0.3644844201 	          1 
533.5000000000 	 0.3644872055 	          1 
534.0000000000 	 0.3644870134 	          1 
534.5000000000 	 0.3644856640 	          1 
535.0000000000 	 0.3644831637 	          1 
535.5000000000 	 0.3644789648 	          1 
536.0000000000 	 0.3644784154 	          1 
536.5000000000 	 0.3644817212 	          1 
537.0000000000 	 0.3644787133 	          1 
537.5000000000 	 0.3644720789 	          1 
538.0000000000 	 0.3644701622 	          1 
538.5000000000 	 0.3644753897 	          1 
539.0000000000 	 0.3644756204 	          1 
539.5000000000 	 0.3644734095 	          1 
540.0000000000 	 0.3644719252 	          1 
540.5000000000 	 0.3644698878 	          1 
541.0000000000 	 0.3644695762 	          1 
541.5000000000 	 0.3644714604 	          1 
542.0000000000 	 0.3644680355 	          1 
542.5000000000 	 0.3644612698 	          1 
543.0000000000 	 0.3644600026 	          1 
543.5000000000 	 0.3644666587 	          1 
544.0000000000 	 0.3644669816 	          1 
544.5000000000 	 0.3644637697 	          1 
545.0000000000 	 0.3644630062 	          1 
545.5000000000 	 0.3644640581 	          1 
546.0000000000 	 0.3644640421 	          1 
546.5000000000 	 0.3644640717 	          1 
547.0000000000 	 0.3644606792 	          1 
547.5000000000 	 0.3644545414 	          1 
548.0000000000 	 0.3644540855 	          1 
548.5000000000 	 0.3644613380 	          1 
549.0000000000 	 0.3644612788 	          1 
549.5000000000 	 0.3644567696 	          1 
550.0000000000 	 0.3644558294 	          1 
550.5000000000 	 0.3644593955 	          1 
551.0000000000 	 0.3644594277 	          1 
551.5000000000 	 0.3644580222 	          1 
552.0000000000 	 0.3644555175 	          1 
552.5000000000 	 0.3644507529 	          1 
553.0000000000 	 0.3644503734 	          1 
553.5000000000 	 0.3644560515 	          1 
554.0000000000 	 0.3644545353 	          1 
554.5000000000 	 0.3644482366 	          1 
555.0000000000 	 0.3644467029 	          1 
555.5000000000 	 0.3644521194 	          1 
556.0000000000 	 0.3644519588 	          1 
556.5000000000 	 0.3644492012 	          1 
557.0000000000 	 0.3644473020 	          1 
557.5000000000 	 0.3644439567 	          1 
558.0000000000 	 0.3644430606 	          1 
558.5000000000 	 0.3644462673 	          1 
559.0000000000 	 0.3644437288 	          1 
559.5000000000 	 0.3644367824 	          1 
560.0000000000 	 0.3644351692 	          1 
560.5000000000 	 0.3644416380 	          1 
561.0000000000 	 0.3644416018 	          1 
561.5000000000 	 0.3644382429 	          1 
562.0000000000 	 0.3644368110 	          1 
562.5000000000 	 0.3644353456 	          1 
563.0000000000 	 0.3644343873 	          1 
563.5000000000 	 0.3644358821 	          1 
564.0000000000 	 0.3644334295 	          1 
564.5000000000 	 0.3644273424 	          1 
565.0000000000 	 0.3644266857 	          1 
565.5000000000 	 0.3644342245 	          1 
566.0000000000 	 0.3644344263 	          1 
566.5000000000 	 0.3644303605 	          1 
567.0000000000 	 0.3644295318 	          1 
567.5000000000 	 0.3644312297 	          1 
568.0000000000 	 0.3644304998 	          1 
568.5000000000 	 0.3644297774 	          1 
569.0000000000 	 0.3644273327 	          1 
569.5000000000 	 0.3644222268 	          1 
570.0000000000 	 0.3644221413 	          1 
570.5000000000 	 0.3644296499 	          1 
571.0000000000 	 0.3644297726 	          1 
571.5000000000 	 0.3644251032 	          1 
572.0000000000 	 0.3644242643 	          1 
572.5000000000 	 0.3644277318 	          1 
573.0000000000 	 0.3644270300 	          1 
573.5000000000 	 0.3644250997 	          1 
574.0000000000 	 0.3644230190 	          1 
574.5000000000 	 0.3644189722 	          1 
575.0000000000 	 0.3644184133 	          1 
575.5000000000 	 0.3644238258 	          1 
576.0000000000 	 0.3644230754 	          1 
576.5000000000 	 0.3644178636 	          1 
577.0000000000 	 0.3644168606 	          1 
577.5000000000 	 0.3644210925 	          1 
578.0000000000 	 0.3644199459 	          1 
578.5000000000 	 0.3644169284 	          1 
579.0000000000 	 0.3644153033 	          1 
579.5000000000 	 0.3644123397 	          1 
580.0000000000 	 0.3644109917 	          1 
580.5000000000 	 0.3644140886 	          1 
581.0000000000 	 0.3644128496 	          1 
581.5000000000 	 0.3644081366 	          1 
582.0000000000 	 0.3644074843 	          1 
582.5000000000 	 0.3644123414 	          1 
583.0000000000 	 0.3644113279 	          1 
583.5000000000 	 0.3644080508 	          1 
584.0000000000 	 0.3644070467 	          1 
584.5000000000 	 0.3644054791 	          1 
585.0000000000 	 0.3644035651 	          1 
585.5000000000 	 0.3644043239 	          1 
586.0000000000 	 0.3644028038 	          1 
586.5000000000 	 0.3643991579 	          1 
587.0000000000 	 0.3643991911 	          1 
587.5000000000 	 0.3644048981 	          1 
588.0000000000 	 0.3644044823 	          1 
588.5000000000 	 0.3644012170 	          1 
589.0000000000 	 0.3644007315 	          1 
589.5000000000 	 0.3644004558 	          1 
590.0000000000 	 0.3643978759 	          1 
590.5000000000 	 0.3643963381 	          1 
591.0000000000 	 0.3643946465 	          1 
591.5000000000 	 0.3643926781 	          1 
592.0000000000 	 0.3643932076 	          1 
592.5000000000 	 0.3643982424 	          1 
593.0000000000 	 0.3643982881 	          1 
593.5000000000 	 0.3643953517 	          1 
594.0000000000 	 0.3643949860 	          1 
594.5000000000 	 0.3643958513 	          1 
595.0000000000 	 0.3643929279 	          1 
595.5000000000 	 0.3643897163 	          1 
596.0000000000 	 0.3643882715 	          1 
596.5000000000 	 0.3643882792 	          1 
597.0000000000 	 0.3643885407 	          1 
597.5000000000 	 0.3643912761 	          1 
598.0000000000 	 0.3643911180 	          1 
598.5000000000 	 0.3643890581 	          1 
599.0000000000 	 0.3643888382 	          1 
599.5000000000 	 0.3643901233 	          1 
600.0000000000 	 0.3643872390 	          1 
600.5000000000 	 0.3643833794 	          1 
601.0000000000 	 0.3643822894 	          1 
601.5000000000 	 0.3643829721 	          1 
602.0000000000 	 0.3643817929 	          1 
602.5000000000 	 0.3643815294 	          1 
603.0000000000 	 0.3643807014 	          1 
603.5000000000 	 0.3643800684 	          1 
604.0000000000 	 0.3643802353 	          1 
604.5000000000 	 0.3643819100 	          1 
605.0000000000 	 0.3643798951 	          1 
605.5000000000 	 0.3643765328 	          1 
606.0000000000 	 0.3643762826 	          1 
606.5000000000 	 0.3643775404 	          1 
607.0000000000 	 0.3643750871 	          1 
607.5000000000 	 0.3643721657 	          1 
608.0000000000 	 0.3643709417 	          1 
608.5000000000 	 0.3643724841 	          1 
609.0000000000 	 0.3643733877 	          1 
609.5000000000 	 0.3643750293 	          1 
610.0000000000 	 0.3643742700 	          1 
610.5000000000 	 0.3643722387 	          1 
611.0000000000 	 0.3643726441 	          1 
611.5000000000 	 0.3643739580 	          1 
612.0000000000 	 0.3643705516 	          1 
612.5000000000 	 0.3643657676 	          1 
613.0000000000 	 0.3643644060 	          1 
613.5000000000 	 0.3643677020 	          1 
614.0000000000 	 0.3643686583 	          1 
614.5000000000 	 0.3643693369 	          1 
615.0000000000 	 0.3643693700 	          1 
615.5000000000 	 0.3643689011 	          1 
616.0000000000 	 0.3643690827 	          1 
616.5000000000 	 0.3643694576 	          1 
617.0000000000 	 0.3643656310 	          1 
617.5000000000 	 0.3643601806 	          1 
618.0000000000 	 0.3643590590 	          1 
618.5000000000 	 0.3643630386 	          1 
619.0000000000 	 0.3643627392 	          1 
619.5000000000 	 0.3643606870 	          1 
620.0000000000 	 0.3643598074 	          1 
620.5000000000 	 0.3643604986 	          1 
621.0000000000 	 0.3643601766 	          1 
621.5000000000 	 0.3643600505 	          1 
622.0000000000 	 0.3643570434 	          1 
622.5000000000 	 0.3643522135 	          1 
623.0000000000 	 0.3643516297 	          1 
623.5000000000 	 0.3643552745 	          1 
624.0000000000 	 0.3643532504 	          1 
624.5000000000 	 0.3643485317 	          1 
625.0000000000 	 0.3643469140 	          1 
625.5000000000 	 0.3643499665 	          1 
626.0000000000 	 0.3643500902 	          1 
626.5000000000 	 0.3643492065 	          1 
627.0000000000 	 0.3643473517 	          1 
627.5000000000 	 0.3643441590 	          1 
628.0000000000 	 0.3643439408 	          1 
628.5000000000 	 0.3643464037 	          1 
629.0000000000 	 0.3643430759 	          1 
629.5000000000 	 0.3643366643 	          1 
630.0000000000 	 0.3643350450 	          1 
630.5000000000 	 0.3643403471 	          1 
631.0000000000 	 0.3643408747 	          1 
631.5000000000 	 0.3643390746 	          1 
632.0000000000 	 0.3643382903 	          1 
632.5000000000 	 0.3643378793 	          1 
633.0000000000 	 0.3643380064 	          1 
633.5000000000 	 0.3643388877 	          1 
634.0000000000 	 0.3643352247 	          1 
634.5000000000 	 0.3643288958 	          1 
635.0000000000 	 0.3643279142 	          1 
635.5000000000 	 0.3643342968 	          1 
636.0000000000 	 0.3643344717 	          1 
636.5000000000 	 0.3643311714 	          1 
637.0000000000 	 0.3643304082 	          1 
637.5000000000 	 0.3643326845 	          1 
638.0000000000 	 0.3643328111 	          1 
638.5000000000 	 0.3643319206 	          1 
639.0000000000 	 0.3643285620 	          1 
639.5000000000 	 0.3643229231 	          1 
640.0000000000 	 0.3643224556 	          1 
640.5000000000 	 0.3643284499 	          1 
641.0000000000 	 0.3643274156 	          1 
641.5000000000 	 0.3643222148 	          1 
642.0000000000 	 0.3643208432 	          1 
642.5000000000 	 0.3643250147 	          1 
643.0000000000 	 0.3643250275 	          1 
643.5000000000 	 0.3643231027 	          1 
644.0000000000 	 0.3643207620 	          1 
644.5000000000 	 0.3643165235 	          1 
645.0000000000 	 0.3643159412 	          1 
645.5000000000 	 0.3643201348 	          1 
646.0000000000 	 0.3643175387 	          1 
646.5000000000 	 0.3643104578 	          1 
647.0000000000 	 0.3643085698 	          1 
647.5000000000 	 0.3643145680 	          1 
648.0000000000 	 0.3643146658 	          1 
648.5000000000 	 0.3643116522 	          1 
649.0000000000 	 0.3643098514 	          1 
649.5000000000 	 0.3643076490 	          1 
650.0000000000 	 0.3643069293 	          1 
650.5000000000 	 0.3643088167 	          1 
651.0000000000 	 0.3643057168 	          1 
651.5000000000 	 0.3642989676 	          1 
652.0000000000 	 0.3642977552 	          1 
652.5000000000 	 0.3643048202 	          1 
653.0000000000 	 0.3643049394 	          1 
653.5000000000 	 0.3643011442 	          1 
654.0000000000 	 0.3643001972 	          1 
654.5000000000 	 0.3643013401 	          1 
655.0000000000 	 0.3643010140 	          1 
655.5000000000 	 0.3643009103 	          1 
656.0000000000 	 0.3642979723 	          1 
656.5000000000 	 0.3642920643 	          1 
657.0000000000 	 0.3642917690 	          1 
657.5000000000 	 0.3642996388 	          1 
658.0000000000 	 0.3642998542 	          1 
658.5000000000 	 0.3642951792 	          1 
659.0000000000 	 0.3642943041 	          1 
659.5000000000 	 0.3642978215 	          1 
660.0000000000 	 0.3642976301 	          1 
660.5000000000 	 0.3642961468 	          1 
661.0000000000 	 0.3642937773 	          1 
661.5000000000 	 0.3642890699 	          1 
662.0000000000 	 0.3642887887 	          1 
662.5000000000 	 0.3642950434 	          1 
663.0000000000 	 0.3642942802 	          1 
663.5000000000 	 0.3642886987 	          1 
664.0000000000 	 0.3642874701 	          1 
664.5000000000 	 0.3642923045 	          1 
665.0000000000 	 0.3642918349 	          1 
665.5000000000 	 0.3642892686 	          1 
666.0000000000 	 0.3642874477 	          1 
666.5000000000 	 0.3642839862 	          1 
667.0000000000 	 0.3642829989 	          1 
667.5000000000 	 0.3642868450 	          1 
668.0000000000 	 0.3642850822 	          1 
668.5000000000 	 0.3642789725 	          1 
669.0000000000 	 0.3642776873 	          1 
669.5000000000 	 0.3642832184 	          1 
670.0000000000 	 0.3642825201 	          1 
670.5000000000 	 0.3642792379 	          1 
671.0000000000 	 0.3642778508 	          1 
671.5000000000 	 0.3642755206 	          1 
672.0000000000 	 0.3642740850 	          1 
672.5000000000 	 0.3642762235 	          1 
673.0000000000 	 0.3642743388 	          1 
673.5000000000 	 0.3642688165 	          1 
674.0000000000 	 0.3642681673 	          1 
674.5000000000 	 0.3642748192 	          1 
675.0000000000 	 0.3642746722 	          1 
675.5000000000 	 0.3642711080 	          1 
676.0000000000 	 0.3642701030 	          1 
676.5000000000 	 0.3642693675 	          1 
677.0000000000 	 0.3642674669 	          1 
677.5000000000 	 0.3642672672 	          1 
678.0000000000 	 0.3642652952 	          1 
678.5000000000 	 0.3642610460 	          1 
679.0000000000 	 0.3642610365 	          1 
679.5000000000 	 0.3642677716 	          1 
680.0000000000 	 0.3642679452 	          1 
680.5000000000 	 0.3642642436 	          1 
681.0000000000 	 0.3642637738 	          1 
681.5000000000 	 0.3642651991 	          1 
682.0000000000 	 0.3642633314 	          1 
682.5000000000 	 0.3642614022 	          1 
683.0000000000 	 0.3642596219 	          1 
683.5000000000 	 0.3642568836 	          1 
684.0000000000 	 0.3642569531 	          1 
684.5000000000 	 0.3642623813 	          1 
685.0000000000 	 0.3642623830 	          1 
685.5000000000 	 0.3642587111 	          1 
686.0000000000 	 0.3642582213 	          1 
686.5000000000 	 0.3642606339 	          1 
687.0000000000 	 0.3642585841 	          1 
687.5000000000 	 0.3642555825 	          1 
688.0000000000 	 0.3642540779 	          1 
688.5000000000 	 0.3642523680 	          1 
689.0000000000 	 0.3642514695 	          1 
689.5000000000 	 0.3642542147 	          1 
690.0000000000 	 0.3642537547 	          1 
690.5000000000 	 0.3642510504 	          1 
691.0000000000 	 0.3642508443 	          1 
691.5000000000 	 0.3642535446 	          1 
692.0000000000 	 0.3642514777 	          1 
692.5000000000 	 0.3642480617 	          1 
693.0000000000 	 0.3642470918 	          1 
693.5000000000 	 0.3642464601 	          1 
694.0000000000 	 0.3642444172 	          1 
694.5000000000 	 0.3642442285 	          1 
695.0000000000 	 0.3642431995 	          1 
695.5000000000 	 0.3642419422 	          1 
696.0000000000 	 0.3642423418 	          1 
696.5000000000 	 0.3642454200 	          1 
697.0000000000 	 0.3642441479 	          1 
697.5000000000 	 0.3642411331 	          1 
698.0000000000 	 0.3642409749 	          1 
698.5000000000 	 0.3642413972 	          1 
699.0000000000 	 0.3642386575 	          1 
699.5000000000 	 0.3642362003 	          1 
700.0000000000 	 0.3642348294 	          1 
700.5000000000 	 0.3642353289 	          1 
701.0000000000 	 0.3642363312 	          1 
701.5000000000 	 0.3642393904 	          1 
702.0000000000 	 0.3642392301 	          1 
702.5000000000 	 0.3642372304 	          1 
703.0000000000 	 0.3642374131 	          1 
703.5000000000 	 0.3642382149 	          1 
704.0000000000 	 0.3642348616 	          1 
704.5000000000 	 0.3642305650 	          1 
705.0000000000 	 0.3642291479 	          1 
705.5000000000 	 0.3642313230 	          1 
706.0000000000 	 0.3642319823 	          1 
706.5000000000 	 0.3642331502 	          1 
707.0000000000 	 0.3642329456 	          1 
707.5000000000 	 0.3642318222 	          1 
708.0000000000 	 0.3642316374 	          1 
708.5000000000 	 0.3642322905 	          1 
709.0000000000 	 0.3642288653 	          1 
709.5000000000 	 0.3642240741 	          1 
710.0000000000 	 0.3642231571 	          1 
710.5000000000 	 0.3642261714 	          1 
711.0000000000 	 0.3642253887 	          1 
711.5000000000 	 0.3642235939 	          1 
712.0000000000 	 0.3642226443 	          1 
712.5000000000 	 0.3642232089 	          1 
713.0000000000 	 0.3642231518 	          1 
713.5000000000 	 0.3642235301 	          1 
714.0000000000 	 0.3642209855 	          1 
714.5000000000 	 0.3642169369 	          1 
715.0000000000 	 0.3642166221 	          1 
715.5000000000 	 0.3642193637 	          1 
716.0000000000 	 0.3642169385 	          1 
716.5000000000 	 0.3642125453 	          1 
717.0000000000 	 0.3642110521 	          1 
717.5000000000 	 0.3642138273 	          1 
718.0000000000 	 0.3642143811 	          1 
718.5000000000 	 0.3642145641 	          1 
719.0000000000 	 0.3642135353 	          1 
719.5000000000 	 0.3642114694 	          1 
720.0000000000 	 0.3642118318 	          1 
720.5000000000 	 0.3642138764 	          1 
721.0000000000 	 0.3642105393 	          1 
721.5000000000 	 0.3642047312 	          1 
722.0000000000 	 0.3642032656 	          1 
722.5000000000 	 0.3642080016 	          1 
723.0000000000 	 0.3642086677 	          1 
723.5000000000 	 0.3642077043 	          1 
724.0000000000 	 0.3642074380 	          1 
724.5000000000 	 0.3642078085 	          1 
725.0000000000 	 0.3642081325 	          1 
725.5000000000 	 0.3642082478 	          1 
726.0000000000 	 0.3642042800 	          1 
726.5000000000 	 0.3641981939 	          1 
727.0000000000 	 0.3641971764 	          1 
727.5000000000 	 0.3642026422 	          1 
728.0000000000 	 0.3642024230 	          1 
728.5000000000 	 0.3641992758 	          1 
729.0000000000 	 0.3641983442 	          1 
729.5000000000 	 0.3642004234 	          1 
730.0000000000 	 0.3642003250 	          1 
730.5000000000 	 0.3641993273 	          1 
731.0000000000 	 0.3641960483 	          1 
731.5000000000 	 0.3641908217 	          1 
732.0000000000 	 0.3641901857 	          1 
732.5000000000 	 0.3641947644 	          1 
733.0000000000 	 0.3641927968 	          1 
733.5000000000 	 0.3641871493 	          1 
734.0000000000 	 0.3641852858 	          1 
734.5000000000 	 0.3641890407 	          1 
735.0000000000 	 0.3641888866 	          1 
735.5000000000 	 0.3641870587 	          1 
736.0000000000 	 0.3641849188 	          1 
736.5000000000 	 0.3641813988 	          1 
737.0000000000 	 0.3641808820 	          1 
737.5000000000 	 0.3641837198 	          1 
738.0000000000 	 0.3641805239 	          1 
738.5000000000 	 0.3641735949 	          1 
739.0000000000 	 0.3641718634 	          1 
739.5000000000 	 0.3641778673 	          1 
740.0000000000 	 0.3641781331 	          1 
740.5000000000 	 0.3641754287 	          1 
741.0000000000 	 0.3641743079 	          1 
741.5000000000 	 0.3641734973 	          1 
742.0000000000 	 0.3641731629 	          1 
742.5000000000 	 0.3641741330 	          1 
743.0000000000 	 0.3641706467 	          1 
743.5000000000 	 0.3641639826 	          1 
744.0000000000 	 0.3641630536 	          1 
744.5000000000 	 0.3641701964 	          1 
745.0000000000 	 0.3641703521 	          1 
745.5000000000 	 0.3641664116 	          1 
746.0000000000 	 0.3641655469 	          1 
746.5000000000 	 0.3641677397 	          1 
747.0000000000 	 0.3641676684 	          1 
747.5000000000 	 0.3641669696 	          1 
748.0000000000 	 0.3641639625 	          1 
748.5000000000 	 0.3641583078 	          1 
749.0000000000 	 0.3641580194 	          1 
749.5000000000 	 0.3641650717 	          1 
750.0000000000 	 0.3641646521 	          1 
750.5000000000 	 0.3641594761 	          1 
751.0000000000 	 0.3641583785 	          1 
751.5000000000 	 0.3641627178 	          1 
752.0000000000 	 0.3641626233 	          1 
752.5000000000 	 0.3641606894 	          1 
753.0000000000 	 0.3641585603 	          1 
753.5000000000 	 0.3641543556 	          1 
754.0000000000 	 0.3641538394 	          1 
754.5000000000 	 0.3641588165 	          1 
755.0000000000 	 0.3641570168 	          1 
755.5000000000 	 0.3641504230 	          1 
756.0000000000 	 0.3641488099 	          1 
756.5000000000 	 0.3641545185 	          1 
757.0000000000 	 0.3641542409 	          1 
757.5000000000 	 0.3641511820 	          1 
758.0000000000 	 0.3641495053 	          1 
758.5000000000 	 0.3641467341 	          1 
759.0000000000 	 0.3641456816 	          1 
759.5000000000 	 0.3641483127 	          1 
760.0000000000 	 0.3641458938 	          1 
760.5000000000 	 0.3641392796 	          1 
761.0000000000 	 0.3641380078 	          1 
761.5000000000 	 0.3641448883 	          1 
762.0000000000 	 0.3641448791 	          1 
762.5000000000 	 0.3641412072 	          1 
763.0000000000 	 0.3641400025 	          1 
763.5000000000 	 0.3641393780 	          1 
764.0000000000 	 0.3641382351 	          1 
764.5000000000 	 0.3641388453 	          1 
765.0000000000 	 0.3641364435 	          1 
765.5000000000 	 0.3641308103 	          1 
766.0000000000 	 0.3641304053 	          1 
766.5000000000 	 0.3641379659 	          1 
767.0000000000 	 0.3641381782 	          1 
767.5000000000 	 0.3641339607 	          1 
768.0000000000 	 0.3641331706 	          1 
768.5000000000 	 0.3641353965 	          1 
769.0000000000 	 0.3641345433 	          1 
769.5000000000 	 0.3641333073 	          1 
770.0000000000 	 0.3641310702 	          1 
770.5000000000 	 0.3641266549 	          1 
771.0000000000 	 0.3641265595 	          1 
771.5000000000 	 0.3641334197 	          1 
772.0000000000 	 0.3641333662 	          1 
772.5000000000 	 0.3641286413 	          1 
773.0000000000 	 0.3641277553 	          1 
773.5000000000 	 0.3641314676 	          1 
774.0000000000 	 0.3641304787 	          1 
774.5000000000 	 0.3641280592 	          1 
775.0000000000 	 0.3641262168 	          1 
# end of calculation 2019_08_19_15_17_14 
# time difference 00_00_00_00_05_-11 
