0.0000000000 	 1.0000000000 	 4920.6807186716 	 0.0000019170 	 0.0000000000 
0.2000000000 	 0.9933265472 	 4854.0013081904 	 0.0000019042 	 0.0000000000 
0.4000000000 	 0.9734096481 	 4658.4512984332 	 0.0000018661 	 -0.0000000000 
0.6000000000 	 0.9405573455 	 4346.4094486502 	 0.0000018031 	 -0.0000000000 
0.8000000000 	 0.8952762484 	 3936.8320196515 	 0.0000017163 	 -0.0000000000 
1.0000000000 	 0.8382615811 	 3454.0210874418 	 0.0000016070 	 -0.0000000000 
1.2000000000 	 0.7703837152 	 2926.1211650049 	 0.0000014769 	 -0.0000000000 
1.4000000000 	 0.6926716142 	 2383.4162021937 	 0.0000013279 	 -0.0000000000 
1.6000000000 	 0.6062936977 	 1856.5285215663 	 0.0000011623 	 -0.0000000000 
1.8000000000 	 0.5125366841 	 1374.6259696714 	 0.0000009826 	 -0.0000000000 
2.0000000000 	 0.4127829955 	 963.7421635673 	 0.0000007914 	 -0.0000000000 
2.2000000000 	 0.3084873043 	 645.3072239091 	 0.0000005915 	 -0.0000000000 
2.4000000000 	 0.2011527728 	 434.9731862150 	 0.0000003857 	 -0.0000000000 
2.6000000000 	 0.0923074893 	 341.8000917804 	 0.0000001771 	 -0.0000000000 
2.8000000000 	 -0.0165184601 	 367.8466139160 	 -0.0000000315 	 0.0000000000 
3.0000000000 	 -0.1238149188 	 508.1842814151 	 -0.0000002372 	 0.0000000000 
3.2000000000 	 -0.2281123003 	 751.3284226708 	 -0.0000004371 	 0.0000000000 
3.4000000000 	 -0.3280007306 	 1080.0534884530 	 -0.0000006286 	 0.0000000000 
3.6000000000 	 -0.4221475547 	 1472.5370430553 	 -0.0000008090 	 0.0000000000 
3.8000000000 	 -0.5093131287 	 1903.7569635394 	 -0.0000009761 	 0.0000000000 
4.0000000000 	 -0.5883648699 	 2347.0515631891 	 -0.0000011276 	 0.0000000000 
4.2000000000 	 -0.6582895725 	 2775.7434508477 	 -0.0000012617 	 0.0000000000 
4.4000000000 	 -0.7182040178 	 3164.7255480823 	 -0.0000013765 	 0.0000000000 
4.6000000000 	 -0.7673639211 	 3491.9119568533 	 -0.0000014708 	 0.0000000000 
4.8000000000 	 -0.8051712530 	 3739.4669702167 	 -0.0000015432 	 0.0000000000 
5.0000000000 	 -0.8311799651 	 3894.7416668853 	 -0.0000015931 	 0.0000000000 
5.2000000000 	 -0.8451001385 	 3950.8680373724 	 -0.0000016198 	 0.0000000000 
5.4000000000 	 -0.8468005510 	 3906.9839606366 	 -0.0000016230 	 0.0000000000 
5.6000000000 	 -0.8363096470 	 3768.0868916101 	 -0.0000016029 	 0.0000000000 
5.8000000000 	 -0.8138148793 	 3544.5380793384 	 -0.0000015598 	 0.0000000000 
6.0000000000 	 -0.7796603795 	 3251.2608409176 	 -0.0000014943 	 0.0000000000 
6.2000000000 	 -0.7343429152 	 2906.6944075764 	 -0.0000014075 	 0.0000000000 
6.4000000000 	 -0.6785060956 	 2531.5779998042 	 -0.0000013004 	 0.0000000000 
6.6000000000 	 -0.6129327961 	 2147.6473533905 	 -0.0000011747 	 0.0000000000 
6.8000000000 	 -0.5385357977 	 1776.3276268783 	 -0.0000010321 	 0.0000000000 
7.0000000000 	 -0.4563466585 	 1437.5026546230 	 -0.0000008746 	 0.0000000000 
7.2000000000 	 -0.3675028704 	 1148.4314626356 	 -0.0000007043 	 0.0000000000 
7.4000000000 	 -0.2732333893 	 922.8697794419 	 -0.0000005236 	 0.0000000000 
7.6000000000 	 -0.1748426670 	 770.4381415815 	 -0.0000003350 	 0.0000000000 
7.8000000000 	 -0.0736933534 	 696.2604377898 	 -0.0000001411 	 0.0000000000 
8.0000000000 	 0.0288121227 	 700.8786991537 	 0.0000000554 	 0.0000000000 
8.2000000000 	 0.1312508478 	 780.4328733902 	 0.0000002518 	 0.0000000000 
8.4000000000 	 0.2321993156 	 927.0792850231 	 0.0000004453 	 0.0000000000 
8.6000000000 	 0.3302536095 	 1129.6092933736 	 0.0000006332 	 0.0000000000 
8.8000000000 	 0.4240495513 	 1374.2208423921 	 0.0000008130 	 0.0000000000 
9.0000000000 	 0.5122824760 	 1645.3903798232 	 0.0000009821 	 0.0000000000 
9.2000000000 	 0.5937262913 	 1926.7909589801 	 0.0000011383 	 0.0000000000 
9.4000000000 	 0.6672514847 	 2202.2039397551 	 0.0000012792 	 0.0000000000 
9.6000000000 	 0.7318417539 	 2456.3761090624 	 0.0000014030 	 0.0000000000 
9.8000000000 	 0.7866089603 	 2675.7806603288 	 0.0000015080 	 0.0000000000 
10.0000000000 	 0.8308061343 	 2849.2486641356 	 0.0000015927 	 0.0000000000 
10.2000000000 	 0.8638382992 	 2968.4467888815 	 0.0000016560 	 0.0000000000 
10.4000000000 	 0.8852709223 	 3028.1864941549 	 0.0000016971 	 0.0000000000 
10.6000000000 	 0.8948358525 	 3026.5592063686 	 0.0000017154 	 0.0000000000 
10.8000000000 	 0.8924346489 	 2964.9006740618 	 0.0000017108 	 0.0000000000 
11.0000000000 	 0.8781392644 	 2847.5954726874 	 0.0000016834 	 0.0000000000 
11.2000000000 	 0.8521900936 	 2681.7392647491 	 0.0000016337 	 0.0000000000 
11.4000000000 	 0.8149914495 	 2476.6817847666 	 0.0000015624 	 0.0000000000 
11.6000000000 	 0.7671045804 	 2243.4775445227 	 0.0000014706 	 0.0000000000 
11.8000000000 	 0.7092383812 	 1994.2739273898 	 0.0000013597 	 0.0000000000 
12.0000000000 	 0.6422379938 	 1741.6676858491 	 0.0000012312 	 0.0000000000 
12.2000000000 	 0.5670715230 	 1498.0609243418 	 0.0000010872 	 0.0000000000 
12.4000000000 	 0.4848151208 	 1275.0465094239 	 0.0000009295 	 0.0000000000 
12.6000000000 	 0.3966367119 	 1082.8505880341 	 0.0000007605 	 0.0000000000 
12.8000000000 	 0.3037786466 	 929.8566158708 	 0.0000005825 	 0.0000000000 
13.0000000000 	 0.2075395701 	 822.2311244612 	 0.0000003980 	 0.0000000000 
13.2000000000 	 0.1092558023 	 763.6665342773 	 0.0000002096 	 0.0000000000 
13.4000000000 	 0.0102825091 	 755.2508237580 	 0.0000000199 	 0.0000000000 
13.6000000000 	 -0.0880250580 	 795.4679892731 	 -0.0000001686 	 0.0000000000 
13.8000000000 	 -0.1843299983 	 880.3272016422 	 -0.0000003532 	 0.0000000000 
14.0000000000 	 -0.2773316347 	 1003.6126227008 	 -0.0000005314 	 0.0000000000 
14.2000000000 	 -0.3657826034 	 1157.2402449025 	 -0.0000007010 	 0.0000000000 
14.4000000000 	 -0.4485049673 	 1331.7031099831 	 -0.0000008596 	 0.0000000000 
14.6000000000 	 -0.5244051791 	 1516.5820910953 	 -0.0000010050 	 0.0000000000 
14.8000000000 	 -0.5924877466 	 1701.0962993805 	 -0.0000011355 	 0.0000000000 
15.0000000000 	 -0.6518674720 	 1874.6652745965 	 -0.0000012494 	 0.0000000000 
15.2000000000 	 -0.7017801621 	 2027.4545602384 	 -0.0000013450 	 0.0000000000 
15.4000000000 	 -0.7415917213 	 2150.8771043403 	 -0.0000014214 	 0.0000000000 
15.6000000000 	 -0.7708055618 	 2238.0251547604 	 -0.0000014774 	 0.0000000000 
15.8000000000 	 -0.7890682782 	 2284.0108482184 	 -0.0000015124 	 0.0000000000 
16.0000000000 	 -0.7961735507 	 2286.1983663839 	 -0.0000015260 	 0.0000000000 
16.2000000000 	 -0.7920642517 	 2244.3161301651 	 -0.0000015181 	 0.0000000000 
16.4000000000 	 -0.7768327477 	 2160.4437432807 	 -0.0000014889 	 0.0000000000 
16.6000000000 	 -0.7507193943 	 2038.8749599178 	 -0.0000014389 	 0.0000000000 
16.8000000000 	 -0.7141092397 	 1885.8644907002 	 -0.0000013687 	 0.0000000000 
17.0000000000 	 -0.6675269596 	 1709.2726255337 	 -0.0000012794 	 0.0000000000 
17.2000000000 	 -0.6116300651 	 1518.1271011127 	 -0.0000011722 	 0.0000000000 
17.4000000000 	 -0.5472004338 	 1322.1260698513 	 -0.0000010487 	 0.0000000000 
17.6000000000 	 -0.4751342354 	 1131.1091828869 	 -0.0000009106 	 0.0000000000 
17.8000000000 	 -0.3964303387 	 954.5254947828 	 -0.0000007597 	 0.0000000000 
18.0000000000 	 -0.3121773056 	 800.9270272788 	 -0.0000005982 	 0.0000000000 
18.2000000000 	 -0.2235391018 	 677.5153731250 	 -0.0000004283 	 0.0000000000 
18.4000000000 	 -0.1317396710 	 589.7657507446 	 -0.0000002524 	 0.0000000000 
18.6000000000 	 -0.0380465474 	 541.1485939544 	 -0.0000000728 	 -0.0000000000 
18.8000000000 	 0.0562463018 	 532.9633154374 	 0.0000001080 	 -0.0000000000 
19.0000000000 	 0.1498361850 	 564.2926218328 	 0.0000002874 	 -0.0000000000 
19.2000000000 	 0.2414297137 	 632.0790343561 	 0.0000004630 	 -0.0000000000 
19.4000000000 	 0.3297608929 	 731.3184633558 	 0.0000006323 	 -0.0000000000 
19.6000000000 	 0.4136090120 	 855.3591851076 	 0.0000007930 	 -0.0000000000 
19.8000000000 	 0.4918160591 	 996.2887461202 	 0.0000009429 	 -0.0000000000 
20.0000000000 	 0.5633033818 	 1145.3865061139 	 0.0000010799 	 -0.0000000000 
20.2000000000 	 0.6270873203 	 1293.6160001599 	 0.0000012022 	 -0.0000000000 
20.4000000000 	 0.6822935427 	 1432.1292521465 	 0.0000013080 	 -0.0000000000 
20.6000000000 	 0.7281698355 	 1552.7547184133 	 0.0000013960 	 0.0000000000 
20.8000000000 	 0.7640971165 	 1648.4417012573 	 0.0000014648 	 0.0000000000 
21.0000000000 	 0.7895984707 	 1713.6367719767 	 0.0000015137 	 0.0000000000 
21.2000000000 	 0.8043460407 	 1744.5718172653 	 0.0000015420 	 0.0000000000 
21.4000000000 	 0.8081656440 	 1739.4485270249 	 0.0000015493 	 0.0000000000 
21.6000000000 	 0.8010390288 	 1698.5101671641 	 0.0000015356 	 0.0000000000 
21.8000000000 	 0.7831037293 	 1623.9979730730 	 0.0000015013 	 0.0000000000 
22.0000000000 	 0.7546505237 	 1519.9960785820 	 0.0000014467 	 0.0000000000 
22.2000000000 	 0.7161185472 	 1392.1751809009 	 0.0000013729 	 0.0000000000 
22.4000000000 	 0.6680881571 	 1247.4507730411 	 0.0000012808 	 -0.0000000000 
22.6000000000 	 0.6112716871 	 1093.5764335182 	 0.0000011719 	 -0.0000000000 
22.8000000000 	 0.5465022694 	 938.6960901208 	 0.0000010477 	 0.0000000000 
23.0000000000 	 0.4747209330 	 790.8811864005 	 0.0000009101 	 0.0000000000 
23.2000000000 	 0.3969622170 	 657.6791779631 	 0.0000007611 	 0.0000000000 
23.4000000000 	 0.3143385555 	 545.6987607941 	 0.0000006027 	 0.0000000000 
23.6000000000 	 0.2280237084 	 460.2547658506 	 0.0000004373 	 0.0000000000 
23.8000000000 	 0.1392355168 	 405.0919054664 	 0.0000002671 	 0.0000000000 
24.0000000000 	 0.0492182642 	 382.2017627956 	 0.0000000945 	 0.0000000000 
24.2000000000 	 -0.0407750806 	 391.7418684024 	 -0.0000000780 	 0.0000000000 
24.4000000000 	 -0.1295004730 	 432.0597397849 	 -0.0000002481 	 0.0000000000 
24.6000000000 	 -0.2157400046 	 499.8187219386 	 -0.0000004134 	 0.0000000000 
24.8000000000 	 -0.2983184850 	 590.2167095902 	 -0.0000005717 	 0.0000000000 
25.0000000000 	 -0.3761191824 	 697.2836830115 	 -0.0000007208 	 0.0000000000 
25.2000000000 	 -0.4480985350 	 814.2397360993 	 -0.0000008588 	 0.0000000000 
25.4000000000 	 -0.5132996666 	 933.8921486853 	 -0.0000009838 	 0.0000000000 
25.6000000000 	 -0.5708645671 	 1049.0482155194 	 -0.0000010941 	 0.0000000000 
25.8000000000 	 -0.6200448160 	 1152.9200758016 	 -0.0000011884 	 -0.0000000000 
26.0000000000 	 -0.6602107528 	 1239.4986918599 	 -0.0000012654 	 -0.0000000000 
26.2000000000 	 -0.6908590162 	 1303.8763262159 	 -0.0000013241 	 -0.0000000000 
26.4000000000 	 -0.7116183924 	 1342.5002115147 	 -0.0000013639 	 -0.0000000000 
26.6000000000 	 -0.7222539307 	 1353.3443825962 	 -0.0000013843 	 -0.0000000000 
26.8000000000 	 -0.7226692999 	 1335.9915791830 	 -0.0000013851 	 -0.0000000000 
27.0000000000 	 -0.7129073735 	 1291.6224329505 	 -0.0000013664 	 -0.0000000000 
27.2000000000 	 -0.6931490482 	 1222.9145094713 	 -0.0000013285 	 -0.0000000000 
27.4000000000 	 -0.6637103111 	 1133.8588730954 	 -0.0000012721 	 -0.0000000000 
27.6000000000 	 -0.6250375901 	 1029.5063914843 	 -0.0000011979 	 -0.0000000000 
27.8000000000 	 -0.5777014343 	 915.6597446256 	 -0.0000011072 	 -0.0000000000 
28.0000000000 	 -0.5223885891 	 798.5298505581 	 -0.0000010012 	 -0.0000000000 
28.2000000000 	 -0.4598925475 	 684.3770303053 	 -0.0000008814 	 -0.0000000000 
28.4000000000 	 -0.3911026801 	 579.1576390999 	 -0.0000007495 	 -0.0000000000 
28.6000000000 	 -0.3169920612 	 488.1960945059 	 -0.0000006075 	 -0.0000000000 
28.8000000000 	 -0.2386041328 	 415.9003086042 	 -0.0000004572 	 0.0000000000 
29.0000000000 	 -0.1570383665 	 365.5356194594 	 -0.0000003009 	 0.0000000000 
29.2000000000 	 -0.0734351008 	 339.0686091110 	 -0.0000001406 	 0.0000000000 
29.4000000000 	 0.0110402474 	 337.0879266283 	 0.0000000213 	 0.0000000000 
29.6000000000 	 0.0952133848 	 358.8046663015 	 0.0000001827 	 0.0000000000 
29.8000000000 	 0.1779175305 	 402.1302552499 	 0.0000003412 	 0.0000000000 
30.0000000000 	 0.2580097554 	 463.8254484479 	 0.0000004947 	 0.0000000000 
30.2000000000 	 0.3343870312 	 539.7101574277 	 0.0000006411 	 0.0000000000 
30.4000000000 	 0.4060017432 	 624.9206620570 	 0.0000007784 	 0.0000000000 
30.6000000000 	 0.4718764298 	 714.1984361676 	 0.0000009047 	 0.0000000000 
30.8000000000 	 0.5311175161 	 802.1934661048 	 0.0000010182 	 0.0000000000 
31.0000000000 	 0.5829278242 	 883.7646054397 	 0.0000011176 	 -0.0000000000 
31.2000000000 	 0.6266176605 	 954.2601772638 	 0.0000012013 	 -0.0000000000 
31.4000000000 	 0.6616143052 	 1009.7636384770 	 0.0000012684 	 -0.0000000000 
31.6000000000 	 0.6874697525 	 1047.2915359953 	 0.0000013179 	 -0.0000000000 
31.8000000000 	 0.7038665841 	 1064.9340492702 	 0.0000013494 	 -0.0000000000 
32.0000000000 	 0.7106218881 	 1061.9319296948 	 0.0000013623 	 -0.0000000000 
32.2000000000 	 0.7076891718 	 1038.6874007441 	 0.0000013567 	 -0.0000000000 
32.4000000000 	 0.6951582512 	 996.7103514194 	 0.0000013327 	 -0.0000000000 
32.6000000000 	 0.6732531347 	 938.5047256312 	 0.0000012907 	 -0.0000000000 
32.8000000000 	 0.6423279539 	 867.4031874139 	 0.0000012314 	 -0.0000000000 
33.0000000000 	 0.6028610256 	 787.3607609767 	 0.0000011558 	 -0.0000000000 
33.2000000000 	 0.5554471590 	 702.7200791037 	 0.0000010649 	 -0.0000000000 
33.4000000000 	 0.5007883497 	 617.9620399842 	 0.0000009601 	 0.0000000000 
33.6000000000 	 0.4396830247 	 537.4560347660 	 0.0000008430 	 0.0000000000 
33.8000000000 	 0.3730140222 	 465.2234757356 	 0.0000007152 	 0.0000000000 
34.0000000000 	 0.3017355040 	 404.7271818070 	 0.0000005785 	 0.0000000000 
34.2000000000 	 0.2268590124 	 358.6973566290 	 0.0000004350 	 0.0000000000 
34.4000000000 	 0.1494388865 	 329.0025496290 	 0.0000002866 	 0.0000000000 
34.6000000000 	 0.0705572584 	 316.5712694817 	 0.0000001354 	 0.0000000000 
34.8000000000 	 -0.0086911516 	 321.3669854729 	 -0.0000000165 	 0.0000000000 
35.0000000000 	 -0.0872142262 	 342.4162716736 	 -0.0000001670 	 0.0000000000 
35.2000000000 	 -0.1639374209 	 377.8869844612 	 -0.0000003141 	 0.0000000000 
35.4000000000 	 -0.2378183145 	 425.2107650258 	 -0.0000004557 	 0.0000000000 
35.6000000000 	 -0.3078605536 	 481.2419540545 	 -0.0000005900 	 0.0000000000 
35.8000000000 	 -0.3731270187 	 542.4432986063 	 -0.0000007151 	 0.0000000000 
36.0000000000 	 -0.4327520537 	 605.0876934120 	 -0.0000008294 	 0.0000000000 
36.2000000000 	 -0.4859526169 	 665.4646700236 	 -0.0000009313 	 0.0000000000 
36.4000000000 	 -0.5320382277 	 720.0804335673 	 -0.0000010197 	 0.0000000000 
36.6000000000 	 -0.5704196007 	 765.8409220666 	 -0.0000010932 	 0.0000000000 
36.8000000000 	 -0.6006158752 	 800.2085722887 	 -0.0000011511 	 -0.0000000000 
37.0000000000 	 -0.6222603667 	 821.3251378662 	 -0.0000011926 	 -0.0000000000 
37.2000000000 	 -0.6351047833 	 828.0949188206 	 -0.0000012172 	 -0.0000000000 
37.4000000000 	 -0.6390218675 	 820.2250115646 	 -0.0000012247 	 -0.0000000000 
37.6000000000 	 -0.6340064424 	 798.2215511785 	 -0.0000012151 	 -0.0000000000 
37.8000000000 	 -0.6201748572 	 763.3432680497 	 -0.0000011886 	 -0.0000000000 
38.0000000000 	 -0.5977628443 	 717.5158983867 	 -0.0000011457 	 -0.0000000000 
38.2000000000 	 -0.5671218204 	 663.2129621899 	 -0.0000010869 	 -0.0000000000 
38.4000000000 	 -0.5287136772 	 603.3100581182 	 -0.0000010133 	 -0.0000000000 
38.6000000000 	 -0.4831041280 	 540.9210471739 	 -0.0000009259 	 -0.0000000000 
38.8000000000 	 -0.4309546927 	 479.2252535223 	 -0.0000008259 	 -0.0000000000 
39.0000000000 	 -0.3730134199 	 421.2950734557 	 -0.0000007148 	 -0.0000000000 
39.2000000000 	 -0.3101044623 	 369.9331503402 	 -0.0000005943 	 -0.0000000000 
39.4000000000 	 -0.2431166370 	 327.5275669965 	 -0.0000004659 	 -0.0000000000 
39.6000000000 	 -0.1729911165 	 295.9323739358 	 -0.0000003314 	 -0.0000000000 
39.8000000000 	 -0.1007084111 	 276.3792792573 	 -0.0000001929 	 -0.0000000000 
40.0000000000 	 -0.0272748140 	 269.4245578815 	 -0.0000000521 	 -0.0000000000 
40.2000000000 	 0.0462915083 	 274.9332910162 	 0.0000000889 	 -0.0000000000 
40.4000000000 	 0.1189745916 	 292.1010257290 	 0.0000002282 	 0.0000000000 
40.6000000000 	 0.1897747183 	 319.5109556815 	 0.0000003639 	 0.0000000000 
40.8000000000 	 0.2577222354 	 355.2228709711 	 0.0000004942 	 0.0000000000 
41.0000000000 	 0.3218909469 	 396.8885025103 	 0.0000006172 	 0.0000000000 
41.2000000000 	 0.3814108881 	 441.8865761179 	 0.0000007313 	 0.0000000000 
41.4000000000 	 0.4354802952 	 487.4699579013 	 0.0000008349 	 0.0000000000 
41.6000000000 	 0.4833765946 	 530.9167594356 	 0.0000009267 	 0.0000000000 
41.8000000000 	 0.5244662485 	 569.6771999302 	 0.0000010055 	 0.0000000000 
42.0000000000 	 0.5582133112 	 601.5083905190 	 0.0000010702 	 0.0000000000 
42.2000000000 	 0.5841865699 	 624.5899877555 	 0.0000011200 	 0.0000000000 
42.4000000000 	 0.6020651643 	 637.6148114684 	 0.0000011542 	 0.0000000000 
42.6000000000 	 0.6116426048 	 639.8499705087 	 0.0000011726 	 0.0000000000 
42.8000000000 	 0.6128291331 	 631.1657063251 	 0.0000011749 	 0.0000000000 
43.0000000000 	 0.6056523964 	 612.0309565018 	 0.0000011611 	 0.0000000000 
43.2000000000 	 0.5902564334 	 583.4764597264 	 0.0000011316 	 0.0000000000 
43.4000000000 	 0.5668989951 	 547.0279714365 	 0.0000010868 	 0.0000000000 
43.6000000000 	 0.5359472535 	 504.6137417505 	 0.0000010275 	 0.0000000000 
43.8000000000 	 0.4978719721 	 458.4517402920 	 0.0000009545 	 0.0000000000 
44.0000000000 	 0.4532402390 	 410.9231270259 	 0.0000008690 	 -0.0000000000 
44.2000000000 	 0.4027068813 	 364.4391129289 	 0.0000007721 	 -0.0000000000 
44.4000000000 	 0.3470047022 	 321.3085990841 	 0.0000006653 	 -0.0000000000 
44.6000000000 	 0.2869336937 	 283.6138195457 	 0.0000005502 	 -0.0000000000 
44.8000000000 	 0.2233493949 	 253.1006566501 	 0.0000004283 	 -0.0000000000 
45.0000000000 	 0.1571505730 	 231.0893833733 	 0.0000003014 	 -0.0000000000 
45.2000000000 	 0.0892664112 	 218.4103712259 	 0.0000001713 	 -0.0000000000 
45.4000000000 	 0.0206433926 	 215.3678551904 	 0.0000000397 	 -0.0000000000 
45.6000000000 	 -0.0477679320 	 221.7332527363 	 -0.0000000914 	 -0.0000000000 
45.8000000000 	 -0.1150261060 	 236.7678819793 	 -0.0000002203 	 -0.0000000000 
46.0000000000 	 -0.1802116786 	 259.2733070284 	 -0.0000003453 	 -0.0000000000 
46.2000000000 	 -0.2424396902 	 287.6660453257 	 -0.0000004646 	 -0.0000000000 
46.4000000000 	 -0.3008715703 	 320.0720833492 	 -0.0000005766 	 -0.0000000000 
46.6000000000 	 -0.3547262932 	 354.4356316847 	 -0.0000006798 	 -0.0000000000 
46.8000000000 	 -0.4032906530 	 388.6358603150 	 -0.0000007729 	 -0.0000000000 
47.0000000000 	 -0.4459285314 	 420.6050232508 	 -0.0000008546 	 -0.0000000000 
47.2000000000 	 -0.4820890487 	 448.4414211099 	 -0.0000009239 	 -0.0000000000 
47.4000000000 	 -0.5113135030 	 470.5110525990 	 -0.0000009799 	 -0.0000000000 
47.6000000000 	 -0.5332410187 	 485.5325427695 	 -0.0000010220 	 -0.0000000000 
47.8000000000 	 -0.5476128446 	 492.6409608629 	 -0.0000010495 	 -0.0000000000 
48.0000000000 	 -0.5542752555 	 491.4273912531 	 -0.0000010623 	 -0.0000000000 
48.2000000000 	 -0.5531810312 	 481.9525240720 	 -0.0000010602 	 -0.0000000000 
48.4000000000 	 -0.5443895020 	 464.7340064246 	 -0.0000010434 	 -0.0000000000 
48.6000000000 	 -0.5280651692 	 440.7087571211 	 -0.0000010121 	 -0.0000000000 
48.8000000000 	 -0.5044749224 	 411.1728162296 	 -0.0000009668 	 -0.0000000000 
49.0000000000 	 -0.4739838971 	 377.7025003461 	 -0.0000009084 	 0.0000000000 
49.2000000000 	 -0.4370500274 	 342.0616016784 	 -0.0000008376 	 0.0000000000 
49.4000000000 	 -0.3942173694 	 306.1000536674 	 -0.0000007555 	 0.0000000000 
49.6000000000 	 -0.3461082819 	 271.6498552387 	 -0.0000006633 	 -0.0000000000 
49.8000000000 	 -0.2934145704 	 240.4240846774 	 -0.0000005623 	 0.0000000000 
50.0000000000 	 -0.2368877099 	 213.9245471799 	 -0.0000004539 	 0.0000000000 
50.2000000000 	 -0.1773282785 	 193.3630090774 	 -0.0000003397 	 0.0000000000 
50.4000000000 	 -0.1155747421 	 179.6001165482 	 -0.0000002214 	 0.0000000000 
50.6000000000 	 -0.0524917439 	 173.1050289223 	 -0.0000001005 	 0.0000000000 
50.8000000000 	 0.0110419430 	 173.9375822834 	 0.0000000213 	 0.0000000000 
51.0000000000 	 0.0741456325 	 181.7535071655 	 0.0000001423 	 0.0000000000 
51.2000000000 	 0.1359489429 	 195.8319300431 	 0.0000002608 	 0.0000000000 
51.4000000000 	 0.1956038422 	 215.1231640530 	 0.0000003751 	 0.0000000000 
51.6000000000 	 0.2522963517 	 238.3137064199 	 0.0000004838 	 0.0000000000 
51.8000000000 	 0.3052577403 	 263.9044679410 	 0.0000005853 	 -0.0000000000 
52.0000000000 	 0.3537750502 	 290.2976082206 	 0.0000006783 	 -0.0000000000 
52.2000000000 	 0.3972008019 	 315.8869702821 	 0.0000007615 	 -0.0000000000 
52.4000000000 	 0.4349617393 	 339.1470166339 	 0.0000008339 	 -0.0000000000 
52.6000000000 	 0.4665664902 	 358.7153637463 	 0.0000008945 	 -0.0000000000 
52.8000000000 	 0.4916120312 	 373.4644746753 	 0.0000009425 	 -0.0000000000 
53.0000000000 	 0.5097888694 	 382.5587712821 	 0.0000009774 	 -0.0000000000 
53.2000000000 	 0.5208848662 	 385.4943211883 	 0.0000009986 	 -0.0000000000 
53.4000000000 	 0.5247876570 	 382.1192870014 	 0.0000010061 	 -0.0000000000 
53.6000000000 	 0.5214856358 	 372.6344352233 	 0.0000009998 	 0.0000000000 
53.8000000000 	 0.5110675007 	 357.5741261122 	 0.0000009798 	 0.0000000000 
54.0000000000 	 0.4937203768 	 337.7692802152 	 0.0000009466 	 0.0000000000 
54.2000000000 	 0.4697265530 	 314.2947838276 	 0.0000009006 	 -0.0000000000 
54.4000000000 	 0.4394588934 	 288.4046024192 	 0.0000008425 	 -0.0000000000 
54.6000000000 	 0.4033750010 	 261.4584773747 	 0.0000007734 	 -0.0000000000 
54.8000000000 	 0.3620102298 	 234.8444579461 	 0.0000006941 	 -0.0000000000 
55.0000000000 	 0.3159696576 	 209.9016514901 	 0.0000006058 	 -0.0000000000 
55.2000000000 	 0.2659191458 	 187.8474600112 	 0.0000005099 	 -0.0000000000 
55.4000000000 	 0.2125756247 	 169.7132216484 	 0.0000004076 	 -0.0000000000 
55.6000000000 	 0.1566967485 	 156.2916172718 	 0.0000003005 	 -0.0000000000 
55.8000000000 	 0.0990700767 	 148.0984714116 	 0.0000001901 	 -0.0000000000 
56.0000000000 	 0.0405019368 	 145.3507176027 	 0.0000000778 	 -0.0000000000 
56.2000000000 	 -0.0181938713 	 147.9613621064 	 -0.0000000347 	 -0.0000000000 
56.4000000000 	 -0.0762073704 	 155.5513207272 	 -0.0000001459 	 -0.0000000000 
56.6000000000 	 -0.1327435465 	 167.4770745669 	 -0.0000002543 	 -0.0000000000 
56.8000000000 	 -0.1870331818 	 182.8722431164 	 -0.0000003584 	 -0.0000000000 
57.0000000000 	 -0.2383432374 	 200.7004513092 	 -0.0000004567 	 0.0000000000 
57.2000000000 	 -0.2859866504 	 219.8163084373 	 -0.0000005480 	 0.0000000000 
57.4000000000 	 -0.3293314199 	 239.0309474114 	 -0.0000006311 	 0.0000000000 
57.6000000000 	 -0.3678088662 	 257.1784084129 	 -0.0000007049 	 0.0000000000 
57.8000000000 	 -0.4009209642 	 273.1791952241 	 -0.0000007683 	 0.0000000000 
58.0000000000 	 -0.4282466595 	 286.0975778367 	 -0.0000008207 	 0.0000000000 
58.2000000000 	 -0.4494470952 	 295.1896431849 	 -0.0000008614 	 0.0000000000 
58.4000000000 	 -0.4642696886 	 299.9396764929 	 -0.0000008898 	 0.0000000000 
58.6000000000 	 -0.4725510126 	 300.0831566288 	 -0.0000009056 	 0.0000000000 
58.8000000000 	 -0.4742184546 	 295.6154251316 	 -0.0000009088 	 0.0000000000 
59.0000000000 	 -0.4692906374 	 286.7858970445 	 -0.0000008994 	 0.0000000000 
59.2000000000 	 -0.4578766044 	 274.0784776829 	 -0.0000008775 	 -0.0000000000 
59.4000000000 	 -0.4401737885 	 258.1795886139 	 -0.0000008436 	 -0.0000000000 
59.6000000000 	 -0.4164647949 	 239.9358503561 	 -0.0000007981 	 -0.0000000000 
59.8000000000 	 -0.3871130483 	 220.3039852268 	 -0.0000007419 	 -0.0000000000 
60.0000000000 	 -0.3525573644 	 200.2958669417 	 -0.0000006756 	 -0.0000000000 
60.2000000000 	 -0.3133055246 	 180.9218376725 	 -0.0000006004 	 -0.0000000000 
60.4000000000 	 -0.2699269396 	 163.1354323866 	 -0.0000005172 	 -0.0000000000 
60.6000000000 	 -0.2230445067 	 147.7824977293 	 -0.0000004274 	 -0.0000000000 
60.8000000000 	 -0.1733257697 	 135.5573804626 	 -0.0000003321 	 -0.0000000000 
61.0000000000 	 -0.1214735045 	 126.9684112696 	 -0.0000002327 	 -0.0000000000 
61.2000000000 	 -0.0682158600 	 122.3143489342 	 -0.0000001306 	 -0.0000000000 
61.4000000000 	 -0.0142961895 	 121.6728134264 	 -0.0000000272 	 -0.0000000000 
61.6000000000 	 0.0395372865 	 124.9010583880 	 0.0000000760 	 -0.0000000000 
61.8000000000 	 0.0925418424 	 131.6487534943 	 0.0000001776 	 -0.0000000000 
62.0000000000 	 0.1439904911 	 141.3818009993 	 0.0000002762 	 -0.0000000000 
62.2000000000 	 0.1931819656 	 153.4156332457 	 0.0000003705 	 0.0000000000 
62.4000000000 	 0.2394503004 	 166.9559583496 	 0.0000004592 	 0.0000000000 
62.6000000000 	 0.2821738774 	 181.1445635405 	 0.0000005411 	 0.0000000000 
62.8000000000 	 0.3207838124 	 195.1075658637 	 0.0000006151 	 0.0000000000 
63.0000000000 	 0.3547715635 	 208.0034272554 	 0.0000006802 	 0.0000000000 
63.2000000000 	 0.3836956570 	 219.0681251849 	 0.0000007357 	 0.0000000000 
63.4000000000 	 0.4071874394 	 227.6550844390 	 0.0000007807 	 0.0000000000 
63.6000000000 	 0.4249557766 	 233.2678144190 	 0.0000008147 	 0.0000000000 
63.8000000000 	 0.4367906389 	 235.5836395309 	 0.0000008374 	 0.0000000000 
64.0000000000 	 0.4425655265 	 234.4674302781 	 0.0000008485 	 0.0000000000 
64.2000000000 	 0.4422387074 	 229.9748104764 	 0.0000008479 	 0.0000000000 
64.4000000000 	 0.4358532578 	 222.3448994024 	 0.0000008356 	 0.0000000000 
64.6000000000 	 0.4235359109 	 211.9832153476 	 0.0000008120 	 0.0000000000 
64.8000000000 	 0.4054947407 	 199.4358875481 	 0.0000007774 	 0.0000000000 
65.0000000000 	 0.3820157221 	 185.3567708567 	 0.0000007324 	 0.0000000000 
65.2000000000 	 0.3534582237 	 170.4694084491 	 0.0000006777 	 -0.0000000000 
65.4000000000 	 0.3202495079 	 155.5260256755 	 0.0000006140 	 -0.0000000000 
65.6000000000 	 0.2828783239 	 141.2658524036 	 0.0000005424 	 -0.0000000000 
65.8000000000 	 0.2418876922 	 128.3750583092 	 0.0000004638 	 -0.0000000000 
66.0000000000 	 0.1978669898 	 117.4504489308 	 0.0000003794 	 -0.0000000000 
66.2000000000 	 0.1514434539 	 108.9688199097 	 0.0000002905 	 -0.0000000000 
66.4000000000 	 0.1032732283 	 103.2635186963 	 0.0000001981 	 -0.0000000000 
66.6000000000 	 0.0540320821 	 100.5093378196 	 0.0000001037 	 -0.0000000000 
66.8000000000 	 0.0044059331 	 100.7163867112 	 0.0000000086 	 -0.0000000000 
67.0000000000 	 -0.0449186915 	 103.7330862919 	 -0.0000000859 	 -0.0000000000 
67.2000000000 	 -0.0932641251 	 109.2579305790 	 -0.0000001786 	 -0.0000000000 
67.4000000000 	 -0.1399708311 	 116.8591891619 	 -0.0000002681 	 -0.0000000000 
67.6000000000 	 -0.1844063501 	 126.0013085988 	 -0.0000003533 	 -0.0000000000 
67.8000000000 	 -0.2259738021 	 136.0764311247 	 -0.0000004330 	 -0.0000000000 
68.0000000000 	 -0.2641198351 	 146.4392024750 	 -0.0000005061 	 -0.0000000000 
68.2000000000 	 -0.2983419165 	 156.4428987512 	 -0.0000005717 	 -0.0000000000 
68.4000000000 	 -0.3281948741 	 165.4748706130 	 -0.0000006289 	 -0.0000000000 
68.6000000000 	 -0.3532966052 	 172.9893813489 	 -0.0000006771 	 0.0000000000 
68.8000000000 	 -0.3733328851 	 178.5360970235 	 -0.0000007155 	 0.0000000000 
69.0000000000 	 -0.3880612151 	 181.7827601237 	 -0.0000007437 	 0.0000000000 
69.2000000000 	 -0.3973136682 	 182.5309258896 	 -0.0000007614 	 0.0000000000 
69.4000000000 	 -0.4009987003 	 180.7240428854 	 -0.0000007685 	 0.0000000000 
69.6000000000 	 -0.3991019091 	 176.4475927744 	 -0.0000007649 	 0.0000000000 
69.8000000000 	 -0.3916857387 	 169.9214446369 	 -0.0000007506 	 0.0000000000 
70.0000000000 	 -0.3788881399 	 161.4850024091 	 -0.0000007261 	 -0.0000000000 
70.2000000000 	 -0.3609202090 	 151.5761069729 	 -0.0000006917 	 -0.0000000000 
70.4000000000 	 -0.3380628439 	 140.7049771788 	 -0.0000006479 	 -0.0000000000 
70.6000000000 	 -0.3106624656 	 129.4247200137 	 -0.0000005953 	 -0.0000000000 
70.8000000000 	 -0.2791258696 	 118.3000972074 	 -0.0000005349 	 -0.0000000000 
71.0000000000 	 -0.2439142776 	 107.8762970983 	 -0.0000004674 	 -0.0000000000 
71.2000000000 	 -0.2055366768 	 98.6494247869 	 -0.0000003938 	 -0.0000000000 
71.4000000000 	 -0.1645425369 	 91.0402946271 	 -0.0000003152 	 -0.0000000000 
71.6000000000 	 -0.1215140093 	 85.3728956516 	 -0.0000002328 	 -0.0000000000 
71.8000000000 	 -0.0770577150 	 81.8586161406 	 -0.0000001475 	 -0.0000000000 
72.0000000000 	 -0.0317962369 	 80.5869751141 	 -0.0000000608 	 -0.0000000000 
72.2000000000 	 0.0136405665 	 81.5232358493 	 0.0000000263 	 -0.0000000000 
72.4000000000 	 0.0586243041 	 84.5128907041 	 0.0000001125 	 -0.0000000000 
72.6000000000 	 0.1025367317 	 89.2926290869 	 0.0000001967 	 -0.0000000000 
72.8000000000 	 0.1447782470 	 95.5070519656 	 0.0000002777 	 -0.0000000000 
73.0000000000 	 0.1847760818 	 102.7300954165 	 0.0000003544 	 0.0000000000 
73.2000000000 	 0.2219920791 	 110.4898880756 	 0.0000004257 	 0.0000000000 
73.4000000000 	 0.2559299469 	 118.2956047598 	 0.0000004907 	 -0.0000000000 
73.6000000000 	 0.2861418891 	 125.6647982885 	 0.0000005487 	 -0.0000000000 
73.8000000000 	 0.3122345235 	 132.1496968009 	 0.0000005987 	 -0.0000000000 
74.0000000000 	 0.3338740061 	 137.3610420036 	 0.0000006402 	 -0.0000000000 
74.2000000000 	 0.3507902938 	 140.9882088996 	 0.0000006726 	 0.0000000000 
74.4000000000 	 0.3627804900 	 142.8145784429 	 0.0000006956 	 0.0000000000 
74.6000000000 	 0.3697112305 	 142.7274174670 	 0.0000007088 	 0.0000000000 
74.8000000000 	 0.3715200818 	 140.7218382859 	 0.0000007123 	 -0.0000000000 
75.0000000000 	 0.3682159391 	 136.8987454236 	 0.0000007060 	 -0.0000000000 
75.2000000000 	 0.3598784236 	 131.4570099950 	 0.0000006900 	 -0.0000000000 
75.4000000000 	 0.3466562959 	 124.6804251769 	 0.0000006647 	 -0.0000000000 
75.6000000000 	 0.3287649146 	 116.9202719190 	 0.0000006304 	 -0.0000000000 
75.8000000000 	 0.3064827834 	 108.5745482941 	 0.0000005876 	 -0.0000000000 
76.0000000000 	 0.2801472426 	 100.0650772439 	 0.0000005372 	 -0.0000000000 
76.2000000000 	 0.2501493725 	 91.8137984139 	 0.0000004797 	 -0.0000000000 
76.4000000000 	 0.2169281870 	 84.2195668299 	 0.0000004160 	 -0.0000000000 
76.6000000000 	 0.1809642057 	 77.6367247526 	 0.0000003470 	 -0.0000000000 
76.8000000000 	 0.1427724986 	 72.3565882119 	 0.0000002738 	 -0.0000000000 
77.0000000000 	 0.1028953062 	 68.5928043707 	 0.0000001974 	 0.0000000000 
77.2000000000 	 0.0618943418 	 66.4713020303 	 0.0000001188 	 0.0000000000 
77.4000000000 	 0.0203428853 	 66.0252887233 	 0.0000000392 	 0.0000000000 
77.6000000000 	 -0.0211822204 	 67.1954600211 	 -0.0000000404 	 0.0000000000 
77.8000000000 	 -0.0621085571 	 69.8352957974 	 -0.0000001189 	 0.0000000000 
78.0000000000 	 -0.1018759954 	 73.7210406902 	 -0.0000001951 	 0.0000000000 
78.2000000000 	 -0.1399443264 	 78.5657167458 	 -0.0000002681 	 0.0000000000 
78.4000000000 	 -0.1758005597 	 84.0363082852 	 -0.0000003368 	 0.0000000000 
78.6000000000 	 -0.2089657890 	 89.7731032555 	 -0.0000004004 	 0.0000000000 
78.8000000000 	 -0.2390015382 	 95.4100787831 	 -0.0000004580 	 0.0000000000 
79.0000000000 	 -0.2655155027 	 100.5951856909 	 -0.0000005088 	 0.0000000000 
79.2000000000 	 -0.2881666153 	 105.0094175548 	 -0.0000005522 	 0.0000000000 
79.4000000000 	 -0.3066693721 	 108.3836414347 	 -0.0000005877 	 0.0000000000 
79.6000000000 	 -0.3207973662 	 110.5123133470 	 -0.0000006148 	 0.0000000000 
79.8000000000 	 -0.3303859870 	 111.2633924635 	 -0.0000006331 	 0.0000000000 
80.0000000000 	 -0.3353342548 	 110.5839925587 	 -0.0000006426 	 0.0000000000 
80.2000000000 	 -0.3356057723 	 108.5015541152 	 -0.0000006431 	 -0.0000000000 
80.4000000000 	 -0.3312287859 	 105.1205718498 	 -0.0000006348 	 -0.0000000000 
80.6000000000 	 -0.3222953622 	 100.6151562082 	 -0.0000006176 	 -0.0000000000 
80.8000000000 	 -0.3089596961 	 95.2179304151 	 -0.0000005921 	 -0.0000000000 
81.0000000000 	 -0.2914355793 	 89.2059550199 	 -0.0000005585 	 -0.0000000000 
81.2000000000 	 -0.2699930684 	 82.8845198910 	 -0.0000005174 	 0.0000000000 
81.4000000000 	 -0.2449544019 	 76.5697421294 	 -0.0000004694 	 -0.0000000000 
81.6000000000 	 -0.2166892270 	 70.5709529265 	 -0.0000004152 	 -0.0000000000 
81.8000000000 	 -0.1856092042 	 65.1738460592 	 -0.0000003556 	 0.0000000000 
82.0000000000 	 -0.1521620668 	 60.6252969266 	 -0.0000002915 	 0.0000000000 
82.2000000000 	 -0.1168252196 	 57.1206488986 	 -0.0000002238 	 0.0000000000 
82.4000000000 	 -0.0800989669 	 54.7941102586 	 -0.0000001534 	 -0.0000000000 
82.6000000000 	 -0.0424994650 	 53.7127197083 	 -0.0000000813 	 -0.0000000000 
82.8000000000 	 -0.0045514968 	 53.8741321225 	 -0.0000000086 	 -0.0000000000 
83.0000000000 	 0.0332188291 	 55.2082608251 	 0.0000000638 	 -0.0000000000 
83.2000000000 	 0.0702913558 	 57.5826001124 	 0.0000001349 	 -0.0000000000 
83.4000000000 	 0.1061590291 	 60.8108537563 	 0.0000002037 	 -0.0000000000 
83.6000000000 	 0.1403348243 	 64.6643222036 	 0.0000002692 	 -0.0000000000 
83.8000000000 	 0.1723583534 	 68.8853621987 	 0.0000003306 	 -0.0000000000 
84.0000000000 	 0.2018020631 	 73.2021343042 	 0.0000003870 	 -0.0000000000 
84.2000000000 	 0.2282769374 	 77.3438008762 	 0.0000004377 	 -0.0000000000 
84.4000000000 	 0.2514376298 	 81.0553311844 	 0.0000004821 	 -0.0000000000 
84.6000000000 	 0.2709869557 	 84.1111109488 	 0.0000005196 	 -0.0000000000 
84.8000000000 	 0.2866796859 	 86.3266371368 	 0.0000005497 	 -0.0000000000 
85.0000000000 	 0.2983255923 	 87.5677000607 	 0.0000005720 	 -0.0000000000 
85.2000000000 	 0.3057917081 	 87.7566058872 	 0.0000005863 	 -0.0000000000 
85.4000000000 	 0.3090037763 	 86.8751649748 	 0.0000005925 	 -0.0000000000 
85.6000000000 	 0.3079468701 	 84.9643547271 	 0.0000005905 	 -0.0000000000 
85.8000000000 	 0.3026651851 	 82.1207498906 	 0.0000005803 	 0.0000000000 
86.0000000000 	 0.2932610091 	 78.4899881590 	 0.0000005623 	 -0.0000000000 
86.2000000000 	 0.2798928924 	 74.2576952879 	 0.0000005367 	 -0.0000000000 
86.4000000000 	 0.2627730491 	 69.6384234967 	 0.0000005039 	 -0.0000000000 
86.6000000000 	 0.2421640325 	 64.8632532715 	 0.0000004644 	 -0.0000000000 
86.8000000000 	 0.2183747360 	 60.1667673689 	 0.0000004188 	 -0.0000000000 
87.0000000000 	 0.1917557816 	 55.7741241998 	 0.0000003677 	 -0.0000000000 
87.2000000000 	 0.1626943652 	 51.8889361731 	 0.0000003120 	 -0.0000000000 
87.4000000000 	 0.1316086343 	 48.6825987300 	 0.0000002524 	 -0.0000000000 
87.6000000000 	 0.0989416814 	 46.2856220240 	 0.0000001898 	 -0.0000000000 
87.8000000000 	 0.0651552387 	 44.7813952554 	 0.0000001251 	 0.0000000000 
88.0000000000 	 0.0307231647 	 44.2026710613 	 0.0000000591 	 0.0000000000 
88.2000000000 	 -0.0038751860 	 44.5309020287 	 -0.0000000073 	 0.0000000000 
88.4000000000 	 -0.0381616164 	 45.6984024678 	 -0.0000000730 	 0.0000000000 
88.6000000000 	 -0.0716656735 	 47.5931545676 	 -0.0000001372 	 0.0000000000 
88.8000000000 	 -0.1039310760 	 50.0659372689 	 -0.0000001991 	 0.0000000000 
89.0000000000 	 -0.1345218972 	 52.9393363089 	 -0.0000002577 	 0.0000000000 
89.2000000000 	 -0.1630284209 	 56.0181005886 	 -0.0000003123 	 0.0000000000 
89.4000000000 	 -0.1890725906 	 59.1002481160 	 -0.0000003623 	 0.0000000000 
89.6000000000 	 -0.2123129839 	 61.9882969135 	 -0.0000004068 	 0.0000000000 
89.8000000000 	 -0.2324492451 	 64.5000031153 	 -0.0000004454 	 0.0000000000 
90.0000000000 	 -0.2492259217 	 66.4780288865 	 -0.0000004776 	 0.0000000000 
90.2000000000 	 -0.2624356559 	 67.7980341825 	 -0.0000005029 	 0.0000000000 
90.4000000000 	 -0.2719216936 	 68.3747834025 	 -0.0000005211 	 0.0000000000 
90.6000000000 	 -0.2775796805 	 68.1659757794 	 -0.0000005319 	 0.0000000000 
90.8000000000 	 -0.2793587275 	 67.1736391362 	 -0.0000005353 	 0.0000000000 
91.0000000000 	 -0.2772617344 	 65.4430635289 	 -0.0000005313 	 0.0000000000 
91.2000000000 	 -0.2713449748 	 63.0593864577 	 -0.0000005200 	 0.0000000000 
91.4000000000 	 -0.2617169500 	 60.1420674872 	 -0.0000005015 	 0.0000000000 
91.6000000000 	 -0.2485365356 	 56.8376004800 	 -0.0000004762 	 0.0000000000 
91.8000000000 	 -0.2320104477 	 53.3109006493 	 -0.0000004446 	 0.0000000000 
92.0000000000 	 -0.2123900697 	 49.7358667349 	 -0.0000004070 	 -0.0000000000 
92.2000000000 	 -0.1899676861 	 46.2856530222 	 -0.0000003640 	 -0.0000000000 
92.4000000000 	 -0.1650721783 	 43.1231902895 	 -0.0000003163 	 -0.0000000000 
92.6000000000 	 -0.1380642456 	 40.3924695791 	 -0.0000002645 	 -0.0000000000 
92.8000000000 	 -0.1093312181 	 38.2110498684 	 -0.0000002094 	 -0.0000000000 
93.0000000000 	 -0.0792815370 	 36.6641738354 	 -0.0000001518 	 -0.0000000000 
93.2000000000 	 -0.0483389788 	 35.8007795705 	 -0.0000000925 	 -0.0000000000 
93.4000000000 	 -0.0169367052 	 35.6315861389 	 -0.0000000323 	 -0.0000000000 
93.6000000000 	 0.0144887788 	 36.1293134885 	 0.0000000279 	 -0.0000000000 
93.8000000000 	 0.0455036743 	 37.2309789455 	 0.0000000874 	 -0.0000000000 
94.0000000000 	 0.0756828607 	 38.8421001573 	 0.0000001452 	 -0.0000000000 
94.2000000000 	 0.1046157108 	 40.8425333795 	 0.0000002007 	 -0.0000000000 
94.4000000000 	 0.1319116663 	 43.0935923449 	 0.0000002530 	 -0.0000000000 
94.6000000000 	 0.1572054998 	 45.4460303003 	 0.0000003015 	 -0.0000000000 
94.8000000000 	 0.1801621907 	 47.7484294467 	 0.0000003455 	 -0.0000000000 
95.0000000000 	 0.2004813503 	 49.8555294262 	 0.0000003845 	 -0.0000000000 
95.2000000000 	 0.2179011370 	 51.6360398570 	 0.0000004179 	 -0.0000000000 
95.4000000000 	 0.2322016102 	 52.9795199091 	 0.0000004453 	 -0.0000000000 
95.6000000000 	 0.2432074804 	 53.8019679616 	 0.0000004664 	 -0.0000000000 
95.8000000000 	 0.2507902194 	 54.0498427267 	 0.0000004809 	 0.0000000000 
96.0000000000 	 0.2548695089 	 53.7023291472 	 0.0000004887 	 0.0000000000 
96.2000000000 	 0.2554140076 	 52.7717626433 	 0.0000004898 	 0.0000000000 
96.4000000000 	 0.2524414346 	 51.3022280160 	 0.0000004841 	 0.0000000000 
96.6000000000 	 0.2460179707 	 49.3664491510 	 0.0000004717 	 0.0000000000 
96.8000000000 	 0.2362569921 	 47.0611768403 	 0.0000004530 	 0.0000000000 
97.0000000000 	 0.2233171586 	 44.5013599802 	 0.0000004282 	 0.0000000000 
97.2000000000 	 0.2073998881 	 41.8134460404 	 0.0000003977 	 0.0000000000 
97.4000000000 	 0.1887462574 	 39.1281969975 	 0.0000003620 	 0.0000000000 
97.6000000000 	 0.1676333771 	 36.5734252636 	 0.0000003215 	 0.0000000000 
97.8000000000 	 0.1443702942 	 34.2670498170 	 0.0000002769 	 0.0000000000 
98.0000000000 	 0.1192934853 	 32.3108465576 	 0.0000002288 	 0.0000000000 
98.2000000000 	 0.0927620035 	 30.7852208692 	 0.0000001780 	 0.0000000000 
98.4000000000 	 0.0651523514 	 29.7452670745 	 0.0000001251 	 0.0000000000 
98.6000000000 	 0.0368531522 	 29.2183032501 	 0.0000000708 	 0.0000000000 
98.8000000000 	 0.0082596946 	 29.2029848333 	 0.0000000160 	 0.0000000000 
99.0000000000 	 -0.0202315719 	 29.6700113737 	 -0.0000000386 	 0.0000000000 
99.2000000000 	 -0.0482285150 	 30.5643533493 	 -0.0000000923 	 0.0000000000 
99.4000000000 	 -0.0753486962 	 31.8088436426 	 -0.0000001443 	 0.0000000000 
99.6000000000 	 -0.1012245723 	 33.3089070957 	 -0.0000001939 	 0.0000000000 
99.8000000000 	 -0.1255084506 	 34.9581435349 	 -0.0000002404 	 0.0000000000 
100.0000000000 	 -0.1478771348 	 36.6444393274 	 -0.0000002833 	 0.0000000000 
100.2000000000 	 -0.1680361965 	 38.2562601642 	 -0.0000003219 	 0.0000000000 
100.4000000000 	 -0.1857238195 	 39.6887754705 	 -0.0000003558 	 0.0000000000 
100.6000000000 	 -0.2007141663 	 40.8494815977 	 -0.0000003846 	 0.0000000000 
100.8000000000 	 -0.2128202249 	 41.6630256383 	 -0.0000004078 	 -0.0000000000 
101.0000000000 	 -0.2218960999 	 42.0749821020 	 -0.0000004252 	 -0.0000000000 
101.2000000000 	 -0.2278387224 	 42.0543975073 	 -0.0000004366 	 -0.0000000000 
101.4000000000 	 -0.2305889580 	 41.5949896900 	 -0.0000004418 	 -0.0000000000 
101.6000000000 	 -0.2301321031 	 40.7149649492 	 -0.0000004410 	 -0.0000000000 
101.8000000000 	 -0.2264977664 	 39.4554929056 	 -0.0000004340 	 -0.0000000000 
102.0000000000 	 -0.2197591428 	 37.8779518345 	 -0.0000004211 	 -0.0000000000 
102.2000000000 	 -0.2100316919 	 36.0601223570 	 -0.0000004024 	 -0.0000000000 
102.4000000000 	 -0.1974712456 	 34.0915613045 	 -0.0000003784 	 -0.0000000000 
102.6000000000 	 -0.1822715728 	 32.0684276044 	 -0.0000003492 	 -0.0000000000 
102.8000000000 	 -0.1646614390 	 30.0880562597 	 -0.0000003155 	 -0.0000000000 
103.0000000000 	 -0.1449012047 	 28.2435839216 	 -0.0000002776 	 -0.0000000000 
103.2000000000 	 -0.1232790119 	 26.6189201470 	 -0.0000002361 	 -0.0000000000 
103.4000000000 	 -0.1001066136 	 25.2843330716 	 -0.0000001917 	 -0.0000000000 
103.6000000000 	 -0.0757149076 	 24.2928786463 	 -0.0000001450 	 -0.0000000000 
103.8000000000 	 -0.0504492354 	 23.6778512785 	 -0.0000000965 	 -0.0000000000 
104.0000000000 	 -0.0246645148 	 23.4513737582 	 -0.0000000471 	 -0.0000000000 
104.2000000000 	 0.0012797265 	 23.6041792118 	 0.0000000026 	 -0.0000000000 
104.4000000000 	 0.0270243471 	 24.1065712435 	 0.0000000520 	 -0.0000000000 
104.6000000000 	 0.0522155483 	 24.9104839809 	 0.0000001003 	 0.0000000000 
104.8000000000 	 0.0765097229 	 25.9525051063 	 0.0000001468 	 0.0000000000 
105.0000000000 	 0.0995781287 	 27.1576750493 	 0.0000001910 	 0.0000000000 
105.2000000000 	 0.1211113252 	 28.4438369762 	 0.0000002323 	 0.0000000000 
105.4000000000 	 0.1408233109 	 29.7262869298 	 0.0000002701 	 0.0000000000 
105.6000000000 	 0.1584553080 	 30.9224624588 	 0.0000003039 	 0.0000000000 
105.8000000000 	 0.1737791433 	 31.9564117027 	 0.0000003333 	 0.0000000000 
106.0000000000 	 0.1866001807 	 32.7628026160 	 0.0000003579 	 0.0000000000 
106.2000000000 	 0.1967597686 	 33.2902625000 	 0.0000003773 	 0.0000000000 
106.4000000000 	 0.2041371714 	 33.5038794026 	 0.0000003915 	 0.0000000000 
106.6000000000 	 0.2086509610 	 33.3867466049 	 0.0000004001 	 0.0000000000 
106.8000000000 	 0.2102598541 	 32.9404865604 	 0.0000004032 	 0.0000000000 
107.0000000000 	 0.2089629869 	 32.1847480261 	 0.0000004007 	 0.0000000000 
107.2000000000 	 0.2047996280 	 31.1557266147 	 0.0000003927 	 0.0000000000 
107.4000000000 	 0.1978483375 	 29.9038114471 	 0.0000003794 	 0.0000000000 
107.6000000000 	 0.1882255887 	 28.4905062789 	 0.0000003610 	 0.0000000000 
107.8000000000 	 0.1760838743 	 26.9848099832 	 0.0000003377 	 0.0000000000 
108.0000000000 	 0.1616093297 	 25.4592668570 	 0.0000003099 	 0.0000000000 
108.2000000000 	 0.1450189082 	 23.9859106743 	 0.0000002781 	 0.0000000000 
108.4000000000 	 0.1265571517 	 22.6323272877 	 0.0000002428 	 0.0000000000 
108.6000000000 	 0.1064926050 	 21.4580491114 	 0.0000002043 	 0.0000000000 
108.8000000000 	 0.0851139255 	 20.5114718911 	 0.0000001633 	 0.0000000000 
109.0000000000 	 0.0627257460 	 19.8274513111 	 0.0000001204 	 0.0000000000 
109.2000000000 	 0.0396443484 	 19.4256962127 	 0.0000000762 	 0.0000000000 
109.4000000000 	 0.0161932100 	 19.3100289220 	 0.0000000312 	 0.0000000000 
109.6000000000 	 -0.0073015144 	 19.4685340545 	 -0.0000000138 	 0.0000000000 
109.8000000000 	 -0.0305155121 	 19.8745679673 	 -0.0000000583 	 0.0000000000 
110.0000000000 	 -0.0531307722 	 20.4885544233 	 -0.0000001017 	 0.0000000000 
110.2000000000 	 -0.0748399237 	 21.2604505446 	 -0.0000001433 	 -0.0000000000 
110.4000000000 	 -0.0953503924 	 22.1327329398 	 -0.0000001826 	 -0.0000000000 
110.6000000000 	 -0.1143883234 	 23.0437286308 	 -0.0000002191 	 -0.0000000000 
110.8000000000 	 -0.1317022145 	 23.9311003808 	 -0.0000002523 	 -0.0000000000 
111.0000000000 	 -0.1470662141 	 24.7352917327 	 -0.0000002817 	 -0.0000000000 
111.2000000000 	 -0.1602830413 	 25.4027435560 	 -0.0000003071 	 -0.0000000000 
111.4000000000 	 -0.1711864896 	 25.8887105749 	 -0.0000003280 	 -0.0000000000 
111.6000000000 	 -0.1796434852 	 26.1595320538 	 -0.0000003442 	 -0.0000000000 
111.8000000000 	 -0.1855556725 	 26.1942439576 	 -0.0000003555 	 -0.0000000000 
112.0000000000 	 -0.1888605110 	 25.9854584890 	 -0.0000003619 	 -0.0000000000 
112.2000000000 	 -0.1895318703 	 25.5394787242 	 -0.0000003631 	 -0.0000000000 
112.4000000000 	 -0.1875801205 	 24.8756587188 	 -0.0000003594 	 -0.0000000000 
112.6000000000 	 -0.1830517187 	 24.0250606155 	 -0.0000003507 	 -0.0000000000 
112.8000000000 	 -0.1760283023 	 23.0284977224 	 -0.0000003373 	 -0.0000000000 
113.0000000000 	 -0.1666253044 	 21.9340842590 	 -0.0000003192 	 -0.0000000000 
113.2000000000 	 -0.1549901141 	 20.7944368969 	 -0.0000002969 	 -0.0000000000 
113.4000000000 	 -0.1412998097 	 19.6636891508 	 -0.0000002707 	 -0.0000000000 
113.6000000000 	 -0.1257584994 	 18.5944864365 	 -0.0000002409 	 -0.0000000000 
113.8000000000 	 -0.1085943090 	 17.6351270195 	 -0.0000002080 	 -0.0000000000 
114.0000000000 	 -0.0900560600 	 16.8270024865 	 -0.0000001725 	 -0.0000000000 
114.2000000000 	 -0.0704096857 	 16.2024716096 	 -0.0000001348 	 -0.0000000000 
114.4000000000 	 -0.0499344379 	 15.7832748067 	 -0.0000000956 	 -0.0000000000 
114.6000000000 	 -0.0289189363 	 15.5795644425 	 -0.0000000553 	 -0.0000000000 
114.8000000000 	 -0.0076571175 	 15.5895908082 	 -0.0000000145 	 -0.0000000000 
115.0000000000 	 0.0135558612 	 15.8000468362 	 0.0000000262 	 -0.0000000000 
115.2000000000 	 0.0344277041 	 16.1870384179 	 0.0000000662 	 -0.0000000000 
115.4000000000 	 0.0546729920 	 16.7176136304 	 0.0000001050 	 0.0000000000 
115.6000000000 	 0.0740170721 	 17.3517550079 	 0.0000001420 	 -0.0000000000 
115.8000000000 	 0.0921997712 	 18.0447156920 	 0.0000001769 	 -0.0000000000 
116.0000000000 	 0.1089788819 	 18.7495640435 	 0.0000002091 	 0.0000000000 
116.2000000000 	 0.1241333751 	 19.4197928216 	 0.0000002381 	 0.0000000000 
116.4000000000 	 0.1374662959 	 20.0118486316 	 0.0000002637 	 0.0000000000 
116.6000000000 	 0.1488073050 	 20.4874448457 	 0.0000002854 	 0.0000000000 
116.8000000000 	 0.1580148343 	 20.8155360412 	 0.0000003031 	 0.0000000000 
117.0000000000 	 0.1649778268 	 20.9738532074 	 0.0000003164 	 0.0000000000 
117.2000000000 	 0.1696170430 	 20.9499252283 	 0.0000003253 	 0.0000000000 
117.4000000000 	 0.1718859162 	 20.7415419176 	 0.0000003296 	 0.0000000000 
117.6000000000 	 0.1717709503 	 20.3566454566 	 0.0000003294 	 0.0000000000 
117.8000000000 	 0.1692916562 	 19.8126686926 	 0.0000003247 	 0.0000000000 
118.0000000000 	 0.1645000332 	 19.1353686575 	 0.0000003155 	 0.0000000000 
118.2000000000 	 0.1574796035 	 18.3572302733 	 0.0000003020 	 0.0000000000 
118.4000000000 	 0.1483440201 	 17.5155371267 	 0.0000002845 	 0.0000000000 
118.6000000000 	 0.1372352669 	 16.6502223256 	 0.0000002632 	 0.0000000000 
118.8000000000 	 0.1243214825 	 15.8016220336 	 0.0000002385 	 0.0000000000 
119.0000000000 	 0.1097944385 	 15.0082569374 	 0.0000002106 	 0.0000000000 
119.2000000000 	 0.0938667112 	 14.3047626350 	 0.0000001801 	 0.0000000000 
119.4000000000 	 0.0767685878 	 13.7200791249 	 0.0000001473 	 0.0000000000 
119.6000000000 	 0.0587447519 	 13.2759929711 	 0.0000001128 	 0.0000000000 
119.8000000000 	 0.0400507967 	 12.9861043357 	 0.0000000769 	 0.0000000000 
120.0000000000 	 0.0209496135 	 12.8552661974 	 0.0000000403 	 0.0000000000 
120.2000000000 	 0.0017077094 	 12.8795161559 	 0.0000000034 	 0.0000000000 
120.4000000000 	 -0.0174084976 	 13.0464937507 	 -0.0000000332 	 0.0000000000 
120.6000000000 	 -0.0361363526 	 13.3363097541 	 -0.0000000691 	 0.0000000000 
120.8000000000 	 -0.0542205578 	 13.7228098342 	 -0.0000001038 	 0.0000000000 
121.0000000000 	 -0.0714166364 	 14.1751545959 	 -0.0000001367 	 0.0000000000 
121.2000000000 	 -0.0874942212 	 14.6596223525 	 -0.0000001675 	 -0.0000000000 
121.4000000000 	 -0.1022401230 	 15.1415307873 	 -0.0000001958 	 0.0000000000 
121.6000000000 	 -0.1154611385 	 15.5871693979 	 -0.0000002212 	 -0.0000000000 
121.8000000000 	 -0.1269865609 	 15.9656363640 	 -0.0000002432 	 -0.0000000000 
122.0000000000 	 -0.1366703623 	 16.2504810332 	 -0.0000002618 	 -0.0000000000 
122.2000000000 	 -0.1443930183 	 16.4210660264 	 -0.0000002766 	 -0.0000000000 
122.4000000000 	 -0.1500629542 	 16.4635802093 	 -0.0000002875 	 -0.0000000000 
122.6000000000 	 -0.1536175953 	 16.3716544314 	 -0.0000002943 	 -0.0000000000 
122.8000000000 	 -0.1550240091 	 16.1465547762 	 -0.0000002970 	 -0.0000000000 
123.0000000000 	 -0.1542791354 	 15.7969518005 	 -0.0000002956 	 -0.0000000000 
123.2000000000 	 -0.1514096022 	 15.3382875540 	 -0.0000002901 	 -0.0000000000 
123.4000000000 	 -0.1464711344 	 14.7917837752 	 -0.0000002806 	 -0.0000000000 
123.6000000000 	 -0.1395475662 	 14.1831534262 	 -0.0000002673 	 -0.0000000000 
123.8000000000 	 -0.1307494728 	 13.5410926751 	 -0.0000002505 	 -0.0000000000 
124.0000000000 	 -0.1202124452 	 12.8956408255 	 -0.0000002303 	 -0.0000000000 
124.2000000000 	 -0.1080950310 	 12.2765010588 	 -0.0000002070 	 -0.0000000000 
124.4000000000 	 -0.0945763759 	 11.7114150119 	 -0.0000001811 	 -0.0000000000 
124.6000000000 	 -0.0798535974 	 11.2246792522 	 -0.0000001529 	 -0.0000000000 
124.8000000000 	 -0.0641389307 	 10.8358820346 	 -0.0000001228 	 -0.0000000000 
125.0000000000 	 -0.0476566868 	 10.5589249472 	 -0.0000000912 	 0.0000000000 
125.2000000000 	 -0.0306400671 	 10.4013770297 	 -0.0000000586 	 0.0000000000 
125.4000000000 	 -0.0133278781 	 10.3641896825 	 -0.0000000254 	 0.0000000000 
125.6000000000 	 0.0040388061 	 10.4417802762 	 0.0000000079 	 0.0000000000 
125.8000000000 	 0.0212199885 	 10.6224719777 	 0.0000000408 	 0.0000000000 
126.0000000000 	 0.0379800537 	 10.8892580288 	 0.0000000730 	 0.0000000000 
126.2000000000 	 0.0540909873 	 11.2208416115 	 0.0000001039 	 0.0000000000 
126.4000000000 	 0.0693354668 	 11.5928883705 	 0.0000001331 	 0.0000000000 
126.6000000000 	 0.0835097806 	 11.9794183573 	 0.0000001602 	 0.0000000000 
126.8000000000 	 0.0964265380 	 12.3542581077 	 0.0000001850 	 0.0000000000 
127.0000000000 	 0.1079171326 	 12.6924719856 	 0.0000002070 	 0.0000000000 
127.2000000000 	 0.1178339277 	 12.9716948146 	 0.0000002260 	 0.0000000000 
127.4000000000 	 0.1260521353 	 13.1732949338 	 0.0000002418 	 0.0000000000 
127.6000000000 	 0.1324713650 	 13.2833076508 	 0.0000002541 	 0.0000000000 
127.8000000000 	 0.1370168235 	 13.2930929683 	 0.0000002628 	 0.0000000000 
128.0000000000 	 0.1396401514 	 13.1996875793 	 0.0000002678 	 0.0000000000 
128.2000000000 	 0.1403198881 	 13.0058385534 	 0.0000002691 	 0.0000000000 
128.4000000000 	 0.1390615612 	 12.7197238572 	 0.0000002667 	 -0.0000000000 
128.6000000000 	 0.1358974021 	 12.3543819173 	 0.0000002607 	 -0.0000000000 
128.8000000000 	 0.1308856951 	 11.9268878983 	 0.0000002511 	 -0.0000000000 
129.0000000000 	 0.1241097712 	 11.4573274301 	 0.0000002381 	 -0.0000000000 
129.2000000000 	 0.1156766638 	 10.9676285162 	 0.0000002219 	 -0.0000000000 
129.4000000000 	 0.1057154472 	 10.4803187904 	 0.0000002028 	 -0.0000000000 
129.6000000000 	 0.0943752842 	 10.0172779154 	 0.0000001811 	 -0.0000000000 
129.8000000000 	 0.0818232109 	 9.5985536393 	 0.0000001570 	 -0.0000000000 
130.0000000000 	 0.0682416927 	 9.2413050314 	 0.0000001310 	 -0.0000000000 
130.2000000000 	 0.0538259858 	 8.9589280441 	 0.0000001033 	 -0.0000000000 
130.4000000000 	 0.0387813438 	 8.7604073285 	 0.0000000745 	 -0.0000000000 
130.6000000000 	 0.0233201077 	 8.6499248529 	 0.0000000449 	 -0.0000000000 
130.8000000000 	 0.0076587207 	 8.6267411096 	 0.0000000148 	 0.0000000000 
131.0000000000 	 -0.0079852889 	 8.6853493912 	 -0.0000000151 	 0.0000000000 
131.2000000000 	 -0.0233963175 	 8.8158886191 	 -0.0000000447 	 0.0000000000 
131.4000000000 	 -0.0383636447 	 9.0047863358 	 -0.0000000734 	 0.0000000000 
131.6000000000 	 -0.0526843013 	 9.2355914642 	 -0.0000001008 	 0.0000000000 
131.8000000000 	 -0.0661658090 	 9.4899469029 	 -0.0000001267 	 0.0000000000 
132.0000000000 	 -0.0786287527 	 9.7486454485 	 -0.0000001506 	 0.0000000000 
132.2000000000 	 -0.0899091530 	 9.9927091931 	 -0.0000001722 	 0.0000000000 
132.4000000000 	 -0.0998606083 	 10.2044325731 	 -0.0000001913 	 0.0000000000 
132.6000000000 	 -0.1083561763 	 10.3683325374 	 -0.0000002075 	 0.0000000000 
132.8000000000 	 -0.1152899746 	 10.4719556476 	 -0.0000002208 	 0.0000000000 
133.0000000000 	 -0.1205784770 	 10.5065008651 	 -0.0000002310 	 0.0000000000 
133.2000000000 	 -0.1241614923 	 10.4672278008 	 -0.0000002378 	 0.0000000000 
133.4000000000 	 -0.1260028147 	 10.3536326407 	 -0.0000002414 	 0.0000000000 
133.6000000000 	 -0.1260905372 	 10.1693871032 	 -0.0000002415 	 0.0000000000 
133.8000000000 	 -0.1244370286 	 9.9220488956 	 -0.0000002384 	 0.0000000000 
134.0000000000 	 -0.1210785761 	 9.6225645006 	 -0.0000002319 	 0.0000000000 
134.2000000000 	 -0.1160747005 	 9.2845960717 	 -0.0000002223 	 0.0000000000 
134.4000000000 	 -0.1095071564 	 8.9237131873 	 -0.0000002097 	 0.0000000000 
134.6000000000 	 -0.1014786339 	 8.5564967486 	 -0.0000001944 	 0.0000000000 
134.8000000000 	 -0.0921111812 	 8.1996061079 	 -0.0000001764 	 0.0000000000 
135.0000000000 	 -0.0815443719 	 7.8688614263 	 -0.0000001561 	 0.0000000000 
135.2000000000 	 -0.0699332455 	 7.5783913032 	 -0.0000001339 	 -0.0000000000 
135.4000000000 	 -0.0574460491 	 7.3398910571 	 -0.0000001100 	 -0.0000000000 
135.6000000000 	 -0.0442618151 	 7.1620299830 	 -0.0000000847 	 -0.0000000000 
135.8000000000 	 -0.0305678074 	 7.0500369170 	 -0.0000000584 	 -0.0000000000 
136.0000000000 	 -0.0165568749 	 7.0054830180 	 -0.0000000316 	 -0.0000000000 
136.2000000000 	 -0.0024247465 	 7.0262694571 	 -0.0000000045 	 -0.0000000000 
136.4000000000 	 0.0116326916 	 7.1068162961 	 0.0000000225 	 -0.0000000000 
136.6000000000 	 0.0254221012 	 7.2384378915 	 0.0000000489 	 -0.0000000000 
136.8000000000 	 0.0387553403 	 7.4098802477 	 0.0000000745 	 -0.0000000000 
137.0000000000 	 0.0514520203 	 7.6079873993 	 0.0000000988 	 -0.0000000000 
137.2000000000 	 0.0633419357 	 7.8184575460 	 0.0000001216 	 -0.0000000000 
137.4000000000 	 0.0742673348 	 8.0266455967 	 0.0000001425 	 -0.0000000000 
137.6000000000 	 0.0840850010 	 8.2183671789 	 0.0000001613 	 -0.0000000000 
137.8000000000 	 0.0926681167 	 8.3806600725 	 0.0000001778 	 -0.0000000000 
138.0000000000 	 0.0999078867 	 8.5024623149 	 0.0000001917 	 -0.0000000000 
138.2000000000 	 0.1057148996 	 8.5751716843 	 0.0000002028 	 -0.0000000000 
138.4000000000 	 0.1100202113 	 8.5930585392 	 0.0000002111 	 -0.0000000000 
138.6000000000 	 0.1127761368 	 8.5535126390 	 0.0000002163 	 -0.0000000000 
138.8000000000 	 0.1139567425 	 8.4571140906 	 0.0000002186 	 -0.0000000000 
139.0000000000 	 0.1135580337 	 8.3075284194 	 0.0000002178 	 -0.0000000000 
139.2000000000 	 0.1115978381 	 8.1112353975 	 0.0000002141 	 0.0000000000 
139.4000000000 	 0.1081153889 	 7.8771101592 	 0.0000002074 	 0.0000000000 
139.6000000000 	 0.1031706144 	 7.6158828183 	 0.0000001979 	 0.0000000000 
139.8000000000 	 0.0968431493 	 7.3395088820 	 0.0000001858 	 0.0000000000 
140.0000000000 	 0.0892310800 	 7.0604869327 	 0.0000001712 	 0.0000000000 
140.2000000000 	 0.0804494460 	 6.7911621310 	 0.0000001544 	 0.0000000000 
140.4000000000 	 0.0706285192 	 6.5430540262 	 0.0000001356 	 0.0000000000 
140.6000000000 	 0.0599118859 	 6.3262449690 	 0.0000001150 	 0.0000000000 
140.8000000000 	 0.0484543613 	 6.1488613073 	 0.0000000930 	 0.0000000000 
141.0000000000 	 0.0364197648 	 6.0166737409 	 0.0000000700 	 0.0000000000 
141.2000000000 	 0.0239785889 	 5.9328361006 	 0.0000000461 	 0.0000000000 
141.4000000000 	 0.0113055949 	 5.8977737949 	 0.0000000218 	 0.0000000000 
141.6000000000 	 -0.0014226314 	 5.9092247180 	 -0.0000000026 	 0.0000000000 
141.8000000000 	 -0.0140301299 	 5.9624269782 	 -0.0000000267 	 0.0000000000 
142.0000000000 	 -0.0263439880 	 6.0504398844 	 -0.0000000503 	 0.0000000000 
142.2000000000 	 -0.0381967017 	 6.1645776047 	 -0.0000000731 	 0.0000000000 
142.4000000000 	 -0.0494284427 	 6.2949291863 	 -0.0000000946 	 0.0000000000 
142.6000000000 	 -0.0598892024 	 6.4309344578 	 -0.0000001146 	 0.0000000000 
142.8000000000 	 -0.0694407835 	 6.5619829349 	 -0.0000001329 	 0.0000000000 
143.0000000000 	 -0.0779586124 	 6.6780023066 	 -0.0000001493 	 0.0000000000 
143.2000000000 	 -0.0853333505 	 6.7700043774 	 -0.0000001634 	 0.0000000000 
143.4000000000 	 -0.0914722820 	 6.8305593769 	 -0.0000001752 	 0.0000000000 
143.6000000000 	 -0.0963004624 	 6.8541741138 	 -0.0000001844 	 0.0000000000 
143.8000000000 	 -0.0997616121 	 6.8375552595 	 -0.0000001911 	 0.0000000000 
144.0000000000 	 -0.1018187465 	 6.7797457648 	 -0.0000001950 	 0.0000000000 
144.2000000000 	 -0.1024545348 	 6.6821296336 	 -0.0000001962 	 -0.0000000000 
144.4000000000 	 -0.1016713850 	 6.5483076127 	 -0.0000001947 	 -0.0000000000 
144.6000000000 	 -0.0994912562 	 6.3838533887 	 -0.0000001905 	 -0.0000000000 
144.8000000000 	 -0.0959552030 	 6.1959662382 	 -0.0000001838 	 -0.0000000000 
145.0000000000 	 -0.0911226592 	 5.9930414202 	 -0.0000001745 	 -0.0000000000 
145.2000000000 	 -0.0850704749 	 5.7841836581 	 -0.0000001629 	 -0.0000000000 
145.4000000000 	 -0.0778917197 	 5.5786916402 	 -0.0000001491 	 -0.0000000000 
145.6000000000 	 -0.0696942724 	 5.3855424610 	 -0.0000001334 	 -0.0000000000 
145.8000000000 	 -0.0605992164 	 5.2129043060 	 -0.0000001160 	 -0.0000000000 
146.0000000000 	 -0.0507390662 	 5.0677035295 	 -0.0000000971 	 -0.0000000000 
146.2000000000 	 -0.0402558497 	 4.9552687318 	 -0.0000000770 	 -0.0000000000 
146.4000000000 	 -0.0292990736 	 4.8790697284 	 -0.0000000560 	 -0.0000000000 
146.6000000000 	 -0.0180236022 	 4.8405637205 	 -0.0000000344 	 -0.0000000000 
146.8000000000 	 -0.0065874784 	 4.8391548306 	 -0.0000000125 	 -0.0000000000 
147.0000000000 	 0.0048502824 	 4.8722668168 	 0.0000000095 	 -0.0000000000 
147.2000000000 	 0.0161318941 	 4.9355225799 	 0.0000000311 	 -0.0000000000 
147.4000000000 	 0.0271029684 	 5.0230183598 	 0.0000000521 	 -0.0000000000 
147.6000000000 	 0.0376146179 	 5.1276755861 	 0.0000000723 	 -0.0000000000 
147.8000000000 	 0.0475254686 	 5.2416494627 	 0.0000000913 	 -0.0000000000 
148.0000000000 	 0.0567035514 	 5.3567707059 	 0.0000001089 	 -0.0000000000 
148.2000000000 	 0.0650280496 	 5.4649955520 	 0.0000001248 	 0.0000000000 
148.4000000000 	 0.0723908781 	 5.5588392342 	 0.0000001389 	 0.0000000000 
148.6000000000 	 0.0786980751 	 5.6317695774 	 0.0000001510 	 0.0000000000 
148.8000000000 	 0.0838709864 	 5.6785400479 	 0.0000001609 	 0.0000000000 
149.0000000000 	 0.0878472307 	 5.6954453657 	 0.0000001686 	 0.0000000000 
149.2000000000 	 0.0905814309 	 5.6804873982 	 0.0000001738 	 0.0000000000 
149.4000000000 	 0.0920457056 	 5.6334442350 	 0.0000001766 	 0.0000000000 
149.6000000000 	 0.0922299150 	 5.5558408059 	 0.0000001770 	 0.0000000000 
149.8000000000 	 0.0911416598 	 5.4508248326 	 0.0000001749 	 0.0000000000 
150.0000000000 	 0.0888060353 	 5.3229570058 	 0.0000001704 	 0.0000000000 
150.2000000000 	 0.0852651455 	 5.1779287849 	 0.0000001636 	 0.0000000000 
150.4000000000 	 0.0805773870 	 5.0222248861 	 0.0000001546 	 0.0000000000 
150.6000000000 	 0.0748165133 	 4.8627501780 	 0.0000001436 	 0.0000000000 
150.8000000000 	 0.0680704947 	 4.7064422205 	 0.0000001306 	 0.0000000000 
151.0000000000 	 0.0604401910 	 4.5598909963 	 0.0000001160 	 -0.0000000000 
151.2000000000 	 0.0520378577 	 4.4289865155 	 0.0000000999 	 -0.0000000000 
151.4000000000 	 0.0429855061 	 4.3186129860 	 0.0000000826 	 -0.0000000000 
151.6000000000 	 0.0334131424 	 4.2324052760 	 0.0000000642 	 -0.0000000000 
151.8000000000 	 0.0234569108 	 4.1725796273 	 0.0000000451 	 -0.0000000000 
152.0000000000 	 0.0132571660 	 4.1398462443 	 0.0000000256 	 -0.0000000000 
152.2000000000 	 0.0029565046 	 4.1334067180 	 0.0000000058 	 -0.0000000000 
152.4000000000 	 -0.0073022201 	 4.1510345274 	 -0.0000000138 	 -0.0000000000 
152.6000000000 	 -0.0173778706 	 4.1892323359 	 -0.0000000331 	 -0.0000000000 
152.8000000000 	 -0.0271329574 	 4.2434557243 	 -0.0000000518 	 -0.0000000000 
153.0000000000 	 -0.0364355064 	 4.3083895840 	 -0.0000000697 	 -0.0000000000 
153.2000000000 	 -0.0451608354 	 4.3782607995 	 -0.0000000864 	 -0.0000000000 
153.4000000000 	 -0.0531932149 	 4.4471692201 	 -0.0000001018 	 -0.0000000000 
153.6000000000 	 -0.0604273932 	 4.5094183071 	 -0.0000001157 	 -0.0000000000 
153.8000000000 	 -0.0667699647 	 4.5598272666 	 -0.0000001278 	 -0.0000000000 
154.0000000000 	 -0.0721405636 	 4.5940078932 	 -0.0000001381 	 0.0000000000 
154.2000000000 	 -0.0764728686 	 4.6085916508 	 -0.0000001464 	 0.0000000000 
154.4000000000 	 -0.0797154063 	 4.6013955683 	 -0.0000001526 	 0.0000000000 
154.6000000000 	 -0.0818321427 	 4.5715191334 	 -0.0000001567 	 0.0000000000 
154.8000000000 	 -0.0828028579 	 4.5193683311 	 -0.0000001586 	 0.0000000000 
155.0000000000 	 -0.0826232996 	 4.4466070595 	 -0.0000001582 	 0.0000000000 
155.2000000000 	 -0.0813051144 	 4.3560401385 	 -0.0000001557 	 0.0000000000 
155.4000000000 	 -0.0788755617 	 4.2514357986 	 -0.0000001510 	 0.0000000000 
155.6000000000 	 -0.0753770130 	 4.1372986913 	 -0.0000001443 	 0.0000000000 
155.8000000000 	 -0.0708662482 	 4.0186069420 	 -0.0000001357 	 0.0000000000 
156.0000000000 	 -0.0654135573 	 3.9005284590 	 -0.0000001252 	 0.0000000000 
156.2000000000 	 -0.0591016638 	 3.7881325169 	 -0.0000001131 	 0.0000000000 
156.4000000000 	 -0.0520244844 	 3.6861125602 	 -0.0000000996 	 0.0000000000 
156.6000000000 	 -0.0442857446 	 3.5985352100 	 -0.0000000847 	 0.0000000000 
156.8000000000 	 -0.0359974688 	 3.5286287008 	 -0.0000000688 	 0.0000000000 
157.0000000000 	 -0.0272783696 	 3.4786215307 	 -0.0000000521 	 0.0000000000 
157.2000000000 	 -0.0182521556 	 3.4496391194 	 -0.0000000348 	 0.0000000000 
157.4000000000 	 -0.0090457848 	 3.4416629228 	 -0.0000000172 	 0.0000000000 
157.6000000000 	 0.0002123132 	 3.4535529323 	 0.0000000006 	 0.0000000000 
157.8000000000 	 0.0093940212 	 3.4831309896 	 0.0000000182 	 0.0000000000 
158.0000000000 	 0.0183733003 	 3.5273190730 	 0.0000000354 	 -0.0000000000 
158.2000000000 	 0.0270279125 	 3.5823238209 	 0.0000000520 	 -0.0000000000 
158.4000000000 	 0.0352410771 	 3.6438562144 	 0.0000000677 	 -0.0000000000 
158.6000000000 	 0.0429030391 	 3.7073736532 	 0.0000000824 	 -0.0000000000 
158.8000000000 	 0.0499125273 	 3.7683307093 	 0.0000000958 	 -0.0000000000 
159.0000000000 	 0.0561780840 	 3.8224246661 	 0.0000001079 	 -0.0000000000 
159.2000000000 	 0.0616192484 	 3.8658225348 	 0.0000001183 	 -0.0000000000 
159.4000000000 	 0.0661675785 	 3.8953575504 	 0.0000001270 	 -0.0000000000 
159.6000000000 	 0.0697674994 	 3.9086850786 	 0.0000001339 	 -0.0000000000 
159.8000000000 	 0.0723769662 	 3.9043903058 	 0.0000001389 	 -0.0000000000 
160.0000000000 	 0.0739679356 	 3.8820429021 	 0.0000001420 	 -0.0000000000 
160.2000000000 	 0.0745266401 	 3.8421968430 	 0.0000001430 	 -0.0000000000 
160.4000000000 	 0.0740536626 	 3.7863366279 	 0.0000001421 	 -0.0000000000 
160.6000000000 	 0.0725638131 	 3.7167740363 	 0.0000001393 	 -0.0000000000 
160.8000000000 	 0.0700858090 	 3.6365021815 	 0.0000001345 	 -0.0000000000 
161.0000000000 	 0.0666617675 	 3.5490158065 	 0.0000001279 	 -0.0000000000 
161.2000000000 	 0.0623465154 	 3.4581084212 	 0.0000001197 	 -0.0000000000 
161.4000000000 	 0.0572067312 	 3.3676579084 	 0.0000001098 	 -0.0000000000 
161.6000000000 	 0.0513199286 	 3.2814126005 	 0.0000000985 	 -0.0000000000 
161.8000000000 	 0.0447733008 	 3.2027895343 	 0.0000000860 	 -0.0000000000 
162.0000000000 	 0.0376624387 	 3.1346956630 	 0.0000000724 	 -0.0000000000 
162.2000000000 	 0.0300899454 	 3.0793813043 	 0.0000000578 	 -0.0000000000 
162.4000000000 	 0.0221639641 	 3.0383331303 	 0.0000000427 	 -0.0000000000 
162.6000000000 	 0.0139966421 	 3.0122116706 	 0.0000000270 	 -0.0000000000 
162.8000000000 	 0.0057025515 	 3.0008357499 	 0.0000000111 	 -0.0000000000 
163.0000000000 	 -0.0026029099 	 3.0032136500 	 -0.0000000048 	 -0.0000000000 
163.2000000000 	 -0.0108051172 	 3.0176182259 	 -0.0000000205 	 -0.0000000000 
163.4000000000 	 -0.0187917926 	 3.0417008559 	 -0.0000000359 	 -0.0000000000 
163.6000000000 	 -0.0264545349 	 3.0726370834 	 -0.0000000505 	 0.0000000000 
163.8000000000 	 -0.0336902832 	 3.1072952275 	 -0.0000000644 	 0.0000000000 
164.0000000000 	 -0.0404026955 	 3.1424181678 	 -0.0000000773 	 0.0000000000 
164.2000000000 	 -0.0465034225 	 3.1748080007 	 -0.0000000890 	 0.0000000000 
164.4000000000 	 -0.0519132627 	 3.2015033314 	 -0.0000000993 	 0.0000000000 
164.6000000000 	 -0.0565631801 	 3.2199395944 	 -0.0000001083 	 0.0000000000 
164.8000000000 	 -0.0603951755 	 3.2280839372 	 -0.0000001156 	 0.0000000000 
165.0000000000 	 -0.0633629972 	 3.2245377822 	 -0.0000001213 	 0.0000000000 
165.2000000000 	 -0.0654326849 	 3.2086021094 	 -0.0000001253 	 0.0000000000 
165.4000000000 	 -0.0665829390 	 3.1803026576 	 -0.0000001275 	 0.0000000000 
165.6000000000 	 -0.0668053130 	 3.1403745060 	 -0.0000001279 	 0.0000000000 
165.8000000000 	 -0.0661042267 	 3.0902077404 	 -0.0000001265 	 0.0000000000 
166.0000000000 	 -0.0644968019 	 3.0317580168 	 -0.0000001235 	 0.0000000000 
166.2000000000 	 -0.0620125242 	 2.9674276736 	 -0.0000001187 	 0.0000000000 
166.4000000000 	 -0.0586927370 	 2.8999245533 	 -0.0000001123 	 0.0000000000 
166.6000000000 	 -0.0545899753 	 2.8321067575 	 -0.0000001045 	 0.0000000000 
166.8000000000 	 -0.0497671518 	 2.7668221628 	 -0.0000000952 	 0.0000000000 
167.0000000000 	 -0.0442966045 	 2.7067516264 	 -0.0000000847 	 -0.0000000000 
167.2000000000 	 -0.0382590234 	 2.6542644142 	 -0.0000000732 	 -0.0000000000 
167.4000000000 	 -0.0317422693 	 2.6112935384 	 -0.0000000607 	 -0.0000000000 
167.6000000000 	 -0.0248401040 	 2.5792374329 	 -0.0000000474 	 -0.0000000000 
167.8000000000 	 -0.0176508486 	 2.5588928140 	 -0.0000000337 	 -0.0000000000 
168.0000000000 	 -0.0102759904 	 2.5504217625 	 -0.0000000195 	 -0.0000000000 
168.2000000000 	 -0.0028187560 	 2.5533541218 	 -0.0000000052 	 -0.0000000000 
168.4000000000 	 0.0046173267 	 2.5666243453 	 0.0000000090 	 -0.0000000000 
168.6000000000 	 0.0119298598 	 2.5886400624 	 0.0000000230 	 -0.0000000000 
168.8000000000 	 0.0190189793 	 2.6173779464 	 0.0000000366 	 -0.0000000000 
169.0000000000 	 0.0257887132 	 2.6505010725 	 0.0000000496 	 -0.0000000000 
169.2000000000 	 0.0321482735 	 2.6854908992 	 0.0000000618 	 -0.0000000000 
169.4000000000 	 0.0380132680 	 2.7197863543 	 0.0000000730 	 -0.0000000000 
169.6000000000 	 0.0433068119 	 2.7509222816 	 0.0000000832 	 -0.0000000000 
169.8000000000 	 0.0479605286 	 2.7766597061 	 0.0000000921 	 -0.0000000000 
170.0000000000 	 0.0519154234 	 2.7951009868 	 0.0000000997 	 -0.0000000000 
170.2000000000 	 0.0551226214 	 2.8047839082 	 0.0000001058 	 -0.0000000000 
170.4000000000 	 0.0575439593 	 2.8047500395 	 0.0000001105 	 -0.0000000000 
170.6000000000 	 0.0591524248 	 2.7945842038 	 0.0000001136 	 -0.0000000000 
170.8000000000 	 0.0599324380 	 2.7744235500 	 0.0000001150 	 -0.0000000000 
171.0000000000 	 0.0598799732 	 2.7449364156 	 0.0000001149 	 0.0000000000 
171.2000000000 	 0.0590025204 	 2.7072728161 	 0.0000001133 	 0.0000000000 
171.4000000000 	 0.0573188874 	 2.6629899122 	 0.0000001100 	 0.0000000000 
171.6000000000 	 0.0548588483 	 2.6139570954 	 0.0000001053 	 0.0000000000 
171.8000000000 	 0.0516626432 	 2.5622463495 	 0.0000000992 	 0.0000000000 
172.0000000000 	 0.0477803374 	 2.5100142194 	 0.0000000918 	 0.0000000000 
172.2000000000 	 0.0432710513 	 2.4593820412 	 0.0000000831 	 0.0000000000 
172.4000000000 	 0.0382020702 	 2.4123210294 	 0.0000000734 	 0.0000000000 
172.6000000000 	 0.0326478506 	 2.3705484034 	 0.0000000627 	 0.0000000000 
172.8000000000 	 0.0266889341 	 2.3354399931 	 0.0000000513 	 0.0000000000 
173.0000000000 	 0.0204107877 	 2.3079637345 	 0.0000000393 	 0.0000000000 
173.2000000000 	 0.0139025846 	 2.2886372242 	 0.0000000268 	 0.0000000000 
173.4000000000 	 0.0072559447 	 2.2775111071 	 0.0000000141 	 0.0000000000 
173.6000000000 	 0.0005636511 	 2.2741786189 	 0.0000000012 	 0.0000000000 
173.8000000000 	 -0.0060816390 	 2.2778101557 	 -0.0000000115 	 0.0000000000 
174.0000000000 	 -0.0125886705 	 2.2872103989 	 -0.0000000240 	 0.0000000000 
174.2000000000 	 -0.0188688376 	 2.3008943354 	 -0.0000000360 	 0.0000000000 
174.4000000000 	 -0.0248373840 	 2.3171775597 	 -0.0000000474 	 0.0000000000 
174.6000000000 	 -0.0304145404 	 2.3342755564 	 -0.0000000581 	 0.0000000000 
174.8000000000 	 -0.0355265842 	 2.3504062892 	 -0.0000000679 	 0.0000000000 
175.0000000000 	 -0.0401068065 	 2.3638903612 	 -0.0000000767 	 0.0000000000 
175.2000000000 	 -0.0440963759 	 2.3732432737 	 -0.0000000844 	 0.0000000000 
175.4000000000 	 -0.0474450854 	 2.3772548598 	 -0.0000000908 	 0.0000000000 
175.6000000000 	 -0.0501119751 	 2.3750517864 	 -0.0000000959 	 0.0000000000 
175.8000000000 	 -0.0520658220 	 2.3661400333 	 -0.0000000996 	 0.0000000000 
176.0000000000 	 -0.0532854920 	 2.3504254311 	 -0.0000001020 	 0.0000000000 
176.2000000000 	 -0.0537601494 	 2.3282115831 	 -0.0000001029 	 0.0000000000 
176.4000000000 	 -0.0534893228 	 2.3001757596 	 -0.0000001024 	 -0.0000000000 
176.6000000000 	 -0.0524828277 	 2.2673245491 	 -0.0000001004 	 -0.0000000000 
176.8000000000 	 -0.0507605474 	 2.2309321285 	 -0.0000000971 	 -0.0000000000 
177.0000000000 	 -0.0483520774 	 2.1924649098 	 -0.0000000925 	 -0.0000000000 
177.2000000000 	 -0.0452962377 	 2.1534969895 	 -0.0000000867 	 -0.0000000000 
177.4000000000 	 -0.0416404625 	 2.1156212429 	 -0.0000000797 	 -0.0000000000 
177.6000000000 	 -0.0374400756 	 2.0803610390 	 -0.0000000716 	 -0.0000000000 
177.8000000000 	 -0.0327574627 	 2.0490874177 	 -0.0000000626 	 -0.0000000000 
178.0000000000 	 -0.0276611532 	 2.0229461666 	 -0.0000000529 	 -0.0000000000 
178.2000000000 	 -0.0222248241 	 2.0027986012 	 -0.0000000424 	 -0.0000000000 
178.4000000000 	 -0.0165262415 	 1.9891790181 	 -0.0000000315 	 -0.0000000000 
178.6000000000 	 -0.0106461541 	 1.9822708155 	 -0.0000000202 	 -0.0000000000 
178.8000000000 	 -0.0046671539 	 1.9819022105 	 -0.0000000088 	 -0.0000000000 
179.0000000000 	 0.0013274781 	 1.9875613877 	 0.0000000027 	 -0.0000000000 
179.2000000000 	 0.0072549273 	 1.9984298519 	 0.0000000141 	 -0.0000000000 
179.4000000000 	 0.0130339846 	 2.0134317905 	 0.0000000251 	 -0.0000000000 
179.6000000000 	 0.0185861539 	 2.0312964167 	 0.0000000358 	 -0.0000000000 
179.8000000000 	 0.0238367130 	 2.0506296206 	 0.0000000459 	 -0.0000000000 
180.0000000000 	 0.0287157138 	 2.0699908280 	 0.0000000552 	 -0.0000000000 
180.2000000000 	 0.0331589085 	 2.0879707640 	 0.0000000637 	 -0.0000000000 
180.4000000000 	 0.0371085892 	 2.1032658672 	 0.0000000713 	 -0.0000000000 
180.6000000000 	 0.0405143298 	 2.1147453751 	 0.0000000778 	 -0.0000000000 
180.8000000000 	 0.0433336226 	 2.1215075861 	 0.0000000832 	 -0.0000000000 
181.0000000000 	 0.0455323987 	 2.1229224758 	 0.0000000874 	 -0.0000000000 
181.2000000000 	 0.0470854288 	 2.1186586509 	 0.0000000904 	 -0.0000000000 
181.4000000000 	 0.0479765982 	 2.1086935256 	 0.0000000921 	 -0.0000000000 
181.6000000000 	 0.0481990537 	 2.0933065469 	 0.0000000926 	 -0.0000000000 
181.8000000000 	 0.0477552217 	 2.0730562272 	 0.0000000917 	 0.0000000000 
182.0000000000 	 0.0466566982 	 2.0487426077 	 0.0000000896 	 0.0000000000 
182.2000000000 	 0.0449240128 	 2.0213575403 	 0.0000000863 	 0.0000000000 
182.4000000000 	 0.0425862720 	 1.9920257842 	 0.0000000818 	 0.0000000000 
182.6000000000 	 0.0396806870 	 1.9619403503 	 0.0000000762 	 0.0000000000 
182.8000000000 	 0.0362519934 	 1.9322957627 	 0.0000000697 	 0.0000000000 
183.0000000000 	 0.0323517724 	 1.9042229358 	 0.0000000622 	 0.0000000000 
183.2000000000 	 0.0280376831 	 1.8787291966 	 0.0000000539 	 0.0000000000 
183.4000000000 	 0.0233726171 	 1.8566466134 	 0.0000000450 	 0.0000000000 
183.6000000000 	 0.0184237886 	 1.8385912708 	 0.0000000355 	 0.0000000000 
183.8000000000 	 0.0132617717 	 1.8249354672 	 0.0000000256 	 0.0000000000 
184.0000000000 	 0.0079595002 	 1.8157940564 	 0.0000000154 	 0.0000000000 
184.2000000000 	 0.0025912421 	 1.8110253532 	 0.0000000051 	 0.0000000000 
184.4000000000 	 -0.0027684350 	 1.8102462125 	 -0.0000000051 	 0.0000000000 
184.6000000000 	 -0.0080456946 	 1.8128601213 	 -0.0000000153 	 0.0000000000 
184.8000000000 	 -0.0131684429 	 1.8180964507 	 -0.0000000251 	 0.0000000000 
185.0000000000 	 -0.0180673093 	 1.8250584507 	 -0.0000000345 	 0.0000000000 
185.2000000000 	 -0.0226765798 	 1.8327771350 	 -0.0000000433 	 0.0000000000 
185.4000000000 	 -0.0269350737 	 1.8402679455 	 -0.0000000515 	 0.0000000000 
185.6000000000 	 -0.0307869497 	 1.8465870024 	 -0.0000000588 	 0.0000000000 
185.8000000000 	 -0.0341824326 	 1.8508838373 	 -0.0000000654 	 0.0000000000 
186.0000000000 	 -0.0370784500 	 1.8524477683 	 -0.0000000709 	 -0.0000000000 
186.2000000000 	 -0.0394391714 	 1.8507454870 	 -0.0000000754 	 -0.0000000000 
186.4000000000 	 -0.0412364433 	 1.8454479655 	 -0.0000000789 	 -0.0000000000 
186.6000000000 	 -0.0424501147 	 1.8364454182 	 -0.0000000812 	 -0.0000000000 
186.8000000000 	 -0.0430682496 	 1.8238497392 	 -0.0000000824 	 -0.0000000000 
187.0000000000 	 -0.0430872248 	 1.8079845393 	 -0.0000000824 	 -0.0000000000 
187.2000000000 	 -0.0425117115 	 1.7893635836 	 -0.0000000813 	 -0.0000000000 
187.4000000000 	 -0.0413545430 	 1.7686590570 	 -0.0000000791 	 -0.0000000000 
187.6000000000 	 -0.0396364712 	 1.7466616122 	 -0.0000000758 	 -0.0000000000 
187.8000000000 	 -0.0373858152 	 1.7242345667 	 -0.0000000715 	 -0.0000000000 
188.0000000000 	 -0.0346380082 	 1.7022648903 	 -0.0000000662 	 -0.0000000000 
188.2000000000 	 -0.0314350507 	 1.6816137432 	 -0.0000000601 	 -0.0000000000 
188.4000000000 	 -0.0278248766 	 1.6630692958 	 -0.0000000532 	 -0.0000000000 
188.6000000000 	 -0.0238606429 	 1.6473043783 	 -0.0000000456 	 -0.0000000000 
188.8000000000 	 -0.0195999534 	 1.6348411896 	 -0.0000000374 	 -0.0000000000 
189.0000000000 	 -0.0151040266 	 1.6260248630 	 -0.0000000288 	 -0.0000000000 
189.2000000000 	 -0.0104368211 	 1.6210071635 	 -0.0000000198 	 -0.0000000000 
189.4000000000 	 -0.0056641305 	 1.6197410078 	 -0.0000000107 	 -0.0000000000 
189.6000000000 	 -0.0008526595 	 1.6219858923 	 -0.0000000015 	 -0.0000000000 
189.8000000000 	 0.0039309035 	 1.6273237154 	 0.0000000077 	 -0.0000000000 
190.0000000000 	 0.0086208077 	 1.6351839209 	 0.0000000167 	 0.0000000000 
190.2000000000 	 0.0131531386 	 1.6448764031 	 0.0000000254 	 0.0000000000 
190.4000000000 	 0.0174666857 	 1.6556302223 	 0.0000000336 	 0.0000000000 
190.6000000000 	 0.0215037642 	 1.6666359035 	 0.0000000414 	 0.0000000000 
190.8000000000 	 0.0252109822 	 1.6770889435 	 0.0000000485 	 0.0000000000 
191.0000000000 	 0.0285399412 	 1.6862321342 	 0.0000000549 	 0.0000000000 
191.2000000000 	 0.0314478628 	 1.6933944319 	 0.0000000604 	 0.0000000000 
191.4000000000 	 0.0338981319 	 1.6980243339 	 0.0000000651 	 0.0000000000 
191.6000000000 	 0.0358607505 	 1.6997160741 	 0.0000000689 	 0.0000000000 
191.8000000000 	 0.0373126961 	 1.6982273753 	 0.0000000717 	 0.0000000000 
192.0000000000 	 0.0382381812 	 1.6934879861 	 0.0000000735 	 0.0000000000 
192.2000000000 	 0.0386288107 	 1.6855987500 	 0.0000000742 	 0.0000000000 
192.4000000000 	 0.0384836358 	 1.6748214787 	 0.0000000739 	 0.0000000000 
192.6000000000 	 0.0378091048 	 1.6615603945 	 0.0000000726 	 0.0000000000 
192.8000000000 	 0.0366189126 	 1.6463363524 	 0.0000000704 	 0.0000000000 
193.0000000000 	 0.0349337512 	 1.6297554177 	 0.0000000671 	 0.0000000000 
193.2000000000 	 0.0327809658 	 1.6124736486 	 0.0000000630 	 0.0000000000 
193.4000000000 	 0.0301941228 	 1.5951600960 	 0.0000000580 	 0.0000000000 
193.6000000000 	 0.0272124945 	 1.5784600861 	 0.0000000523 	 0.0000000000 
193.8000000000 	 0.0238804705 	 1.5629607866 	 0.0000000459 	 0.0000000000 
194.0000000000 	 0.0202469029 	 1.5491608861 	 0.0000000390 	 -0.0000000000 
194.2000000000 	 0.0163643961 	 1.5374459498 	 0.0000000315 	 -0.0000000000 
194.4000000000 	 0.0122885501 	 1.5280706651 	 0.0000000237 	 -0.0000000000 
194.6000000000 	 0.0080771695 	 1.5211487865 	 0.0000000156 	 -0.0000000000 
194.8000000000 	 0.0037894480 	 1.5166511469 	 0.0000000074 	 -0.0000000000 
195.0000000000 	 -0.0005148585 	 1.5144116505 	 -0.0000000008 	 -0.0000000000 
195.2000000000 	 -0.0047762610 	 1.5141407275 	 -0.0000000090 	 -0.0000000000 
195.4000000000 	 -0.0089363545 	 1.5154453293 	 -0.0000000170 	 -0.0000000000 
195.6000000000 	 -0.0129386148 	 1.5178542056 	 -0.0000000246 	 -0.0000000000 
195.8000000000 	 -0.0167291618 	 1.5208469430 	 -0.0000000319 	 -0.0000000000 
196.0000000000 	 -0.0202574807 	 1.5238850685 	 -0.0000000387 	 -0.0000000000 
196.2000000000 	 -0.0234770909 	 1.5264434476 	 -0.0000000448 	 -0.0000000000 
196.4000000000 	 -0.0263461532 	 1.5280402279 	 -0.0000000503 	 -0.0000000000 
196.6000000000 	 -0.0288280090 	 1.5282636995 	 -0.0000000551 	 -0.0000000000 
196.8000000000 	 -0.0308916428 	 1.5267946443 	 -0.0000000590 	 -0.0000000000 
197.0000000000 	 -0.0325120638 	 1.5234230319 	 -0.0000000622 	 -0.0000000000 
197.2000000000 	 -0.0336706010 	 1.5180582509 	 -0.0000000644 	 -0.0000000000 
197.4000000000 	 -0.0343551083 	 1.5107324408 	 -0.0000000657 	 0.0000000000 
197.6000000000 	 -0.0345600792 	 1.5015968788 	 -0.0000000661 	 0.0000000000 
197.8000000000 	 -0.0342866673 	 1.4909117605 	 -0.0000000656 	 0.0000000000 
198.0000000000 	 -0.0335426159 	 1.4790300685 	 -0.0000000641 	 0.0000000000 
198.2000000000 	 -0.0323420969 	 1.4663765385 	 -0.0000000618 	 0.0000000000 
198.4000000000 	 -0.0307054621 	 1.4534229791 	 -0.0000000587 	 0.0000000000 
198.6000000000 	 -0.0286589113 	 1.4406613756 	 -0.0000000548 	 0.0000000000 
198.8000000000 	 -0.0262340825 	 1.4285763075 	 -0.0000000501 	 0.0000000000 
199.0000000000 	 -0.0234675701 	 1.4176182073 	 -0.0000000448 	 0.0000000000 
199.2000000000 	 -0.0204003789 	 1.4081789188 	 -0.0000000389 	 0.0000000000 
199.4000000000 	 -0.0170773212 	 1.4005708532 	 -0.0000000326 	 0.0000000000 
199.6000000000 	 -0.0135463671 	 1.3950108193 	 -0.0000000258 	 0.0000000000 
199.8000000000 	 -0.0098579555 	 1.3916093242 	 -0.0000000187 	 0.0000000000 
