0.0000000000 	 1.0000000000 	 2382.9905882189 	 0.0000103364 	 -0.0000000000 
0.2000000000 	 0.9955221128 	 2360.2927180835 	 0.0000102901 	 0.0000000000 
0.4000000000 	 0.9821363874 	 2293.6960479656 	 0.0000101520 	 0.0000000000 
0.6000000000 	 0.9599859786 	 2186.8565539036 	 0.0000099233 	 0.0000000000 
0.8000000000 	 0.9293073159 	 2044.9068824956 	 0.0000096066 	 0.0000000000 
1.0000000000 	 0.8904269122 	 1874.1629610887 	 0.0000092052 	 0.0000000000 
1.2000000000 	 0.8437569952 	 1681.8146547430 	 0.0000087235 	 0.0000000000 
1.4000000000 	 0.7897900514 	 1475.5957147551 	 0.0000081664 	 0.0000000000 
1.6000000000 	 0.7290923925 	 1263.4470037331 	 0.0000075398 	 0.0000000000 
1.8000000000 	 0.6622968684 	 1053.1867210673 	 0.0000068503 	 0.0000000000 
2.0000000000 	 0.5900948631 	 852.2005616659 	 0.0000061049 	 0.0000000000 
2.2000000000 	 0.5132277158 	 667.1634593317 	 0.0000053114 	 0.0000000000 
2.4000000000 	 0.4324777153 	 503.8028542318 	 0.0000044778 	 0.0000000000 
2.6000000000 	 0.3486588114 	 366.7113579372 	 0.0000036126 	 -0.0000000000 
2.8000000000 	 0.2626071901 	 259.2143626855 	 0.0000027243 	 -0.0000000000 
3.0000000000 	 0.1751718440 	 183.2956561662 	 0.0000018217 	 -0.0000000000 
3.2000000000 	 0.0872052680 	 139.5815695088 	 0.0000009136 	 -0.0000000000 
3.4000000000 	 -0.0004456061 	 127.3817144778 	 0.0000000088 	 -0.0000000000 
3.6000000000 	 -0.0869481329 	 144.7820628452 	 -0.0000008842 	 0.0000000000 
3.8000000000 	 -0.1714922463 	 188.7840836161 	 -0.0000017570 	 0.0000000000 
4.0000000000 	 -0.2532982463 	 255.4819649964 	 -0.0000026014 	 0.0000000000 
4.2000000000 	 -0.3316240193 	 340.2686725688 	 -0.0000034100 	 0.0000000000 
4.4000000000 	 -0.4057716436 	 438.0607765567 	 -0.0000041754 	 0.0000000000 
4.6000000000 	 -0.4750933461 	 543.5316399886 	 -0.0000048910 	 0.0000000000 
4.8000000000 	 -0.5389967836 	 651.3426931265 	 -0.0000055507 	 0.0000000000 
5.0000000000 	 -0.5969496370 	 756.3631022994 	 -0.0000061490 	 0.0000000000 
5.2000000000 	 -0.6484835105 	 853.8691269921 	 -0.0000066810 	 -0.0000000000 
5.4000000000 	 -0.6931971383 	 939.7157842044 	 -0.0000071425 	 -0.0000000000 
5.6000000000 	 -0.7307589036 	 1010.4750262366 	 -0.0000075303 	 -0.0000000000 
5.8000000000 	 -0.7609086818 	 1063.5364009730 	 -0.0000078415 	 -0.0000000000 
6.0000000000 	 -0.7834590210 	 1097.1680118299 	 -0.0000080743 	 0.0000000000 
6.2000000000 	 -0.7982956761 	 1110.5374377904 	 -0.0000082275 	 0.0000000000 
6.4000000000 	 -0.8053775131 	 1103.6940276184 	 -0.0000083006 	 0.0000000000 
6.6000000000 	 -0.8047358030 	 1077.5155708395 	 -0.0000082939 	 0.0000000000 
6.8000000000 	 -0.7964729234 	 1033.6237080683 	 -0.0000082086 	 0.0000000000 
7.0000000000 	 -0.7807604883 	 974.2735266594 	 -0.0000080464 	 0.0000000000 
7.2000000000 	 -0.7578369275 	 902.2235623232 	 -0.0000078098 	 0.0000000000 
7.4000000000 	 -0.7280045359 	 820.5928781740 	 -0.0000075018 	 0.0000000000 
7.6000000000 	 -0.6916260181 	 732.7120208698 	 -0.0000071263 	 0.0000000000 
7.8000000000 	 -0.6491205540 	 641.9744754368 	 -0.0000066875 	 0.0000000000 
8.0000000000 	 -0.6009594121 	 551.6947853859 	 -0.0000061904 	 0.0000000000 
8.2000000000 	 -0.5476611441 	 464.9788132312 	 -0.0000056402 	 0.0000000000 
8.4000000000 	 -0.4897863951 	 384.6107362948 	 -0.0000050427 	 0.0000000000 
8.6000000000 	 -0.4279323669 	 312.9603569954 	 -0.0000044042 	 0.0000000000 
8.8000000000 	 -0.3627269802 	 251.9132103794 	 -0.0000037311 	 0.0000000000 
9.0000000000 	 -0.2948227798 	 202.8248287459 	 -0.0000030301 	 0.0000000000 
9.2000000000 	 -0.2248906356 	 166.4994246514 	 -0.0000023082 	 0.0000000000 
9.4000000000 	 -0.1536132950 	 143.1922249348 	 -0.0000015724 	 0.0000000000 
9.6000000000 	 -0.0816788426 	 132.6337681601 	 -0.0000008298 	 0.0000000000 
9.8000000000 	 -0.0097741318 	 134.0736967010 	 -0.0000000875 	 0.0000000000 
10.0000000000 	 0.0614217506 	 146.3409542763 	 0.0000006474 	 -0.0000000000 
10.2000000000 	 0.1312439209 	 167.9168532396 	 0.0000013682 	 -0.0000000000 
10.4000000000 	 0.1990479697 	 197.0172077381 	 0.0000020681 	 -0.0000000000 
10.6000000000 	 0.2642160050 	 231.6796355869 	 0.0000027409 	 -0.0000000000 
10.8000000000 	 0.3261624004 	 269.8522029424 	 0.0000033803 	 -0.0000000000 
11.0000000000 	 0.3843391901 	 309.4798052738 	 0.0000039809 	 -0.0000000000 
11.2000000000 	 0.4382410513 	 348.5850249754 	 0.0000045373 	 0.0000000000 
11.4000000000 	 0.4874098208 	 385.3406557717 	 0.0000050449 	 -0.0000000000 
11.6000000000 	 0.5314384991 	 418.1316110892 	 0.0000054994 	 -0.0000000000 
11.8000000000 	 0.5699746981 	 445.6045104091 	 0.0000058972 	 -0.0000000000 
12.0000000000 	 0.6027234995 	 466.7038382896 	 0.0000062353 	 -0.0000000000 
12.2000000000 	 0.6294496947 	 480.6941694961 	 0.0000065112 	 0.0000000000 
12.4000000000 	 0.6499793870 	 487.1685282835 	 0.0000067231 	 0.0000000000 
12.6000000000 	 0.6642009437 	 486.0434796719 	 0.0000068699 	 0.0000000000 
12.8000000000 	 0.6720652955 	 477.5420193015 	 0.0000069511 	 0.0000000000 
13.0000000000 	 0.6735855866 	 462.1657229357 	 0.0000069668 	 0.0000000000 
13.2000000000 	 0.6688361872 	 440.6579276793 	 0.0000069178 	 0.0000000000 
13.4000000000 	 0.6579510908 	 413.9599393668 	 0.0000068054 	 0.0000000000 
13.6000000000 	 0.6411217207 	 383.1623920689 	 0.0000066317 	 0.0000000000 
13.8000000000 	 0.6185941810 	 349.4539287011 	 0.0000063991 	 -0.0000000000 
14.0000000000 	 0.5906659913 	 314.0693303535 	 0.0000061108 	 0.0000000000 
14.2000000000 	 0.5576823501 	 278.2391041008 	 0.0000057703 	 0.0000000000 
14.4000000000 	 0.5200319763 	 243.1423541421 	 0.0000053817 	 0.0000000000 
14.6000000000 	 0.4781425820 	 209.8645205020 	 0.0000049492 	 0.0000000000 
14.8000000000 	 0.4324760324 	 179.3612857849 	 0.0000044778 	 0.0000000000 
15.0000000000 	 0.3835232502 	 152.4296367136 	 0.0000039725 	 -0.0000000000 
15.2000000000 	 0.3317989247 	 129.6867369194 	 0.0000034385 	 -0.0000000000 
15.4000000000 	 0.2778360842 	 111.5569335794 	 0.0000028815 	 -0.0000000000 
15.6000000000 	 0.2221805901 	 98.2668956249 	 0.0000023069 	 -0.0000000000 
15.8000000000 	 0.1653856130 	 89.8485763383 	 0.0000017206 	 0.0000000000 
16.0000000000 	 0.1080061450 	 86.1494184210 	 0.0000011283 	 0.0000000000 
16.2000000000 	 0.0505936028 	 86.8489829044 	 0.0000005356 	 0.0000000000 
16.4000000000 	 -0.0063094259 	 91.4809912304 	 -0.0000000518 	 0.0000000000 
16.6000000000 	 -0.0621742456 	 99.4596265222 	 -0.0000006285 	 0.0000000000 
16.8000000000 	 -0.1164908808 	 110.1088481882 	 -0.0000011892 	 0.0000000000 
17.0000000000 	 -0.1687726271 	 122.6934336828 	 -0.0000017289 	 0.0000000000 
17.2000000000 	 -0.2185602887 	 136.4504711292 	 -0.0000022428 	 0.0000000000 
17.4000000000 	 -0.2654260695 	 150.6200833672 	 -0.0000027266 	 0.0000000000 
17.6000000000 	 -0.3089770894 	 164.4742630701 	 -0.0000031762 	 0.0000000000 
17.8000000000 	 -0.3488585015 	 177.3428337858 	 -0.0000035879 	 0.0000000000 
18.0000000000 	 -0.3847561893 	 188.6357162700 	 -0.0000039585 	 -0.0000000000 
18.2000000000 	 -0.4163990297 	 197.8608653917 	 -0.0000042851 	 -0.0000000000 
18.4000000000 	 -0.4435607094 	 204.6374422292 	 -0.0000045655 	 -0.0000000000 
18.6000000000 	 -0.4660610872 	 208.7039906085 	 -0.0000047978 	 -0.0000000000 
18.8000000000 	 -0.4837670998 	 209.9215892683 	 -0.0000049806 	 -0.0000000000 
19.0000000000 	 -0.4965932113 	 208.2721427524 	 -0.0000051130 	 -0.0000000000 
19.2000000000 	 -0.5045014113 	 203.8521493332 	 -0.0000051946 	 -0.0000000000 
19.4000000000 	 -0.5075007692 	 196.8624371260 	 -0.0000052256 	 -0.0000000000 
19.6000000000 	 -0.5056465574 	 187.5944854735 	 -0.0000052064 	 -0.0000000000 
19.8000000000 	 -0.4990389584 	 176.4140444186 	 -0.0000051382 	 -0.0000000000 
20.0000000000 	 -0.4878213744 	 163.7428285616 	 -0.0000050224 	 -0.0000000000 
20.2000000000 	 -0.4721783601 	 150.0390922223 	 -0.0000048610 	 -0.0000000000 
20.4000000000 	 -0.4523332050 	 135.7778911049 	 -0.0000046561 	 -0.0000000000 
20.6000000000 	 -0.4285451912 	 121.4318034105 	 -0.0000044105 	 -0.0000000000 
20.8000000000 	 -0.4011065560 	 107.4528234135 	 -0.0000041273 	 0.0000000000 
21.0000000000 	 -0.3703391929 	 94.2560566220 	 -0.0000038097 	 0.0000000000 
21.2000000000 	 -0.3365911236 	 82.2057422628 	 -0.0000034613 	 0.0000000000 
21.4000000000 	 -0.3002327768 	 71.6040109427 	 -0.0000030860 	 0.0000000000 
21.6000000000 	 -0.2616531124 	 62.6826581956 	 -0.0000026877 	 -0.0000000000 
21.8000000000 	 -0.2212556266 	 55.5980835868 	 -0.0000022707 	 0.0000000000 
22.0000000000 	 -0.1794542805 	 50.4294153366 	 -0.0000018392 	 0.0000000000 
22.2000000000 	 -0.1366693888 	 47.1797169327 	 -0.0000013975 	 0.0000000000 
22.4000000000 	 -0.0933235092 	 45.7800593532 	 -0.0000009500 	 0.0000000000 
22.6000000000 	 -0.0498373726 	 46.0961440506 	 -0.0000005011 	 0.0000000000 
22.8000000000 	 -0.0066258917 	 47.9370808457 	 -0.0000000550 	 0.0000000000 
23.0000000000 	 0.0359057145 	 51.0658634361 	 0.0000003840 	 0.0000000000 
23.2000000000 	 0.0773656430 	 55.2110447652 	 0.0000008120 	 0.0000000000 
23.4000000000 	 0.1173790431 	 60.0790953979 	 0.0000012251 	 -0.0000000000 
23.6000000000 	 0.1555913336 	 65.3669299342 	 0.0000016195 	 -0.0000000000 
23.8000000000 	 0.1916712709 	 70.7741081680 	 0.0000019920 	 -0.0000000000 
24.0000000000 	 0.2253137429 	 76.0142572597 	 0.0000023393 	 -0.0000000000 
24.2000000000 	 0.2562422629 	 80.8253161534 	 0.0000026585 	 -0.0000000000 
24.4000000000 	 0.2842111446 	 84.9782709056 	 0.0000029473 	 -0.0000000000 
24.6000000000 	 0.3090073402 	 88.2841261373 	 0.0000032032 	 -0.0000000000 
24.8000000000 	 0.3304519301 	 90.5989401687 	 0.0000034246 	 -0.0000000000 
25.0000000000 	 0.3484012523 	 91.8268358214 	 0.0000036099 	 -0.0000000000 
25.2000000000 	 0.3627476687 	 91.9209822644 	 0.0000037580 	 -0.0000000000 
25.4000000000 	 0.3734199649 	 90.8826221487 	 0.0000038682 	 -0.0000000000 
25.6000000000 	 0.3803833863 	 88.7582900721 	 0.0000039401 	 -0.0000000000 
25.8000000000 	 0.3836393160 	 85.6354305516 	 0.0000039737 	 -0.0000000000 
26.0000000000 	 0.3832246058 	 81.6366743514 	 0.0000039694 	 -0.0000000000 
26.2000000000 	 0.3792105702 	 76.9130698382 	 0.0000039280 	 -0.0000000000 
26.4000000000 	 0.3717016634 	 71.6365902460 	 0.0000038504 	 -0.0000000000 
26.6000000000 	 0.3608338552 	 65.9922481400 	 0.0000037382 	 -0.0000000000 
26.8000000000 	 0.3467727308 	 60.1701453033 	 0.0000035931 	 -0.0000000000 
27.0000000000 	 0.3297113357 	 54.3577705930 	 0.0000034170 	 0.0000000000 
27.2000000000 	 0.3098677962 	 48.7328313444 	 0.0000032121 	 0.0000000000 
27.4000000000 	 0.2874827390 	 43.4568672831 	 0.0000029810 	 0.0000000000 
27.6000000000 	 0.2628165442 	 38.6698516246 	 0.0000027264 	 0.0000000000 
27.8000000000 	 0.2361464591 	 34.4859342244 	 0.0000024511 	 0.0000000000 
28.0000000000 	 0.2077636053 	 30.9904285569 	 0.0000021581 	 0.0000000000 
28.2000000000 	 0.1779699112 	 28.2380901897 	 0.0000018505 	 0.0000000000 
28.4000000000 	 0.1470750011 	 26.2526814603 	 0.0000015316 	 0.0000000000 
28.6000000000 	 0.1153930720 	 25.0277672480 	 0.0000012046 	 -0.0000000000 
28.8000000000 	 0.0832397899 	 24.5286418483 	 0.0000008726 	 -0.0000000000 
29.0000000000 	 0.0509292340 	 24.6952484730 	 0.0000005391 	 0.0000000000 
29.2000000000 	 0.0187709185 	 25.4459219659 	 0.0000002071 	 0.0000000000 
29.4000000000 	 -0.0129330812 	 26.6817627276 	 -0.0000001202 	 0.0000000000 
29.6000000000 	 -0.0438908726 	 28.2914360086 	 -0.0000004397 	 0.0000000000 
29.8000000000 	 -0.0738233370 	 30.1561856962 	 -0.0000007487 	 0.0000000000 
30.0000000000 	 -0.1024665451 	 32.1548552081 	 -0.0000010444 	 0.0000000000 
30.2000000000 	 -0.1295739781 	 34.1687194775 	 -0.0000013242 	 0.0000000000 
30.4000000000 	 -0.1549185375 	 36.0859504227 	 -0.0000015859 	 0.0000000000 
30.6000000000 	 -0.1782943293 	 37.8055625679 	 -0.0000018272 	 0.0000000000 
30.8000000000 	 -0.1995182089 	 39.2407144021 	 -0.0000020463 	 0.0000000000 
31.0000000000 	 -0.2184310789 	 40.3212731932 	 -0.0000022415 	 0.0000000000 
31.2000000000 	 -0.2348989312 	 40.9955849003 	 -0.0000024115 	 0.0000000000 
31.4000000000 	 -0.2488136295 	 41.2314251171 	 -0.0000025552 	 0.0000000000 
31.6000000000 	 -0.2600934303 	 41.0161402641 	 -0.0000026716 	 0.0000000000 
31.8000000000 	 -0.2686832421 	 40.3560192995 	 -0.0000027603 	 0.0000000000 
32.0000000000 	 -0.2745546257 	 39.2749639365 	 -0.0000028209 	 0.0000000000 
32.2000000000 	 -0.2777055422 	 37.8125488472 	 -0.0000028534 	 -0.0000000000 
32.4000000000 	 -0.2781598539 	 36.0215819353 	 -0.0000028581 	 -0.0000000000 
32.6000000000 	 -0.2759665888 	 33.9652879970 	 -0.0000028355 	 -0.0000000000 
32.8000000000 	 -0.2711989809 	 31.7142467790 	 -0.0000027862 	 -0.0000000000 
33.0000000000 	 -0.2639532983 	 29.3432185748 	 -0.0000027114 	 0.0000000000 
33.2000000000 	 -0.2543474752 	 26.9279873252 	 -0.0000026123 	 0.0000000000 
33.4000000000 	 -0.2425195646 	 24.5423431202 	 -0.0000024902 	 0.0000000000 
33.6000000000 	 -0.2286260287 	 22.2553136455 	 -0.0000023468 	 0.0000000000 
33.8000000000 	 -0.2128398876 	 20.1287381841 	 -0.0000021838 	 0.0000000000 
34.0000000000 	 -0.1953487461 	 18.2152591199 	 -0.0000020032 	 0.0000000000 
34.2000000000 	 -0.1763527187 	 16.5567853643 	 -0.0000018071 	 0.0000000000 
34.4000000000 	 -0.1560622763 	 15.1834606490 	 -0.0000015977 	 0.0000000000 
34.6000000000 	 -0.1346960346 	 14.1131480966 	 -0.0000013771 	 0.0000000000 
34.8000000000 	 -0.1124785083 	 13.3514217318 	 -0.0000011478 	 0.0000000000 
35.0000000000 	 -0.0896378518 	 12.8920363923 	 -0.0000009120 	 0.0000000000 
35.2000000000 	 -0.0664036085 	 12.7178305100 	 -0.0000006721 	 0.0000000000 
35.4000000000 	 -0.0430044914 	 12.8020019818 	 -0.0000004306 	 0.0000000000 
35.6000000000 	 -0.0196662136 	 13.1096862462 	 -0.0000001897 	 0.0000000000 
35.8000000000 	 0.0033906094 	 13.5997579669 	 0.0000000484 	 0.0000000000 
36.0000000000 	 0.0259524680 	 14.2267735182 	 0.0000002813 	 -0.0000000000 
36.2000000000 	 0.0478148590 	 14.9429707162 	 0.0000005069 	 -0.0000000000 
36.4000000000 	 0.0687840623 	 15.7002447890 	 0.0000007234 	 -0.0000000000 
36.6000000000 	 0.0886787797 	 16.4520251317 	 0.0000009288 	 0.0000000000 
36.8000000000 	 0.1073316205 	 17.1549855634 	 0.0000011213 	 0.0000000000 
37.0000000000 	 0.1245904255 	 17.7705311234 	 0.0000012995 	 -0.0000000000 
37.2000000000 	 0.1403194166 	 18.2660163871 	 0.0000014619 	 -0.0000000000 
37.4000000000 	 0.1544001670 	 18.6156632984 	 0.0000016072 	 -0.0000000000 
37.6000000000 	 0.1667323840 	 18.8011600182 	 0.0000017345 	 -0.0000000000 
37.8000000000 	 0.1772345015 	 18.8119357526 	 0.0000018429 	 -0.0000000000 
38.0000000000 	 0.1858440811 	 18.6451194028 	 0.0000019318 	 -0.0000000000 
38.2000000000 	 0.1925180194 	 18.3052017124 	 0.0000020007 	 -0.0000000000 
38.4000000000 	 0.1972325661 	 17.8034309942 	 0.0000020494 	 -0.0000000000 
38.6000000000 	 0.1999831542 	 17.1569811395 	 0.0000020778 	 -0.0000000000 
38.8000000000 	 0.2007840502 	 16.3879372517 	 0.0000020861 	 -0.0000000000 
39.0000000000 	 0.1996678289 	 15.5221487377 	 0.0000020745 	 -0.0000000000 
39.2000000000 	 0.1966846834 	 14.5880019862 	 0.0000020437 	 -0.0000000000 
39.4000000000 	 0.1919015801 	 13.6151649063 	 0.0000019944 	 -0.0000000000 
39.6000000000 	 0.1854012689 	 12.6333537015 	 0.0000019273 	 -0.0000000000 
39.8000000000 	 0.1772811637 	 11.6711685113 	 0.0000018434 	 -0.0000000000 
40.0000000000 	 0.1676521036 	 10.7550392092 	 0.0000017440 	 -0.0000000000 
40.2000000000 	 0.1566370125 	 9.9083160079 	 0.0000016303 	 -0.0000000000 
40.4000000000 	 0.1443694699 	 9.1505319181 	 0.0000015037 	 -0.0000000000 
40.6000000000 	 0.1309922097 	 8.4968558869 	 0.0000013656 	 -0.0000000000 
40.8000000000 	 0.1166555631 	 7.9577469610 	 0.0000012176 	 0.0000000000 
41.0000000000 	 0.1015158615 	 7.5388114234 	 0.0000010613 	 0.0000000000 
41.2000000000 	 0.0857338150 	 7.2408568589 	 0.0000008984 	 0.0000000000 
41.4000000000 	 0.0694728845 	 7.0601298020 	 0.0000007305 	 0.0000000000 
41.6000000000 	 0.0528976614 	 6.9887172569 	 0.0000005594 	 0.0000000000 
41.8000000000 	 0.0361722707 	 7.0150871374 	 0.0000003868 	 0.0000000000 
42.0000000000 	 0.0194588135 	 7.1247387108 	 0.0000002142 	 0.0000000000 
42.2000000000 	 0.0029158612 	 7.3009315041 	 0.0000000435 	 0.0000000000 
42.4000000000 	 -0.0133029841 	 7.5254598864 	 -0.0000001240 	 0.0000000000 
42.6000000000 	 -0.0290504504 	 7.7794406371 	 -0.0000002865 	 0.0000000000 
42.8000000000 	 -0.0441868680 	 8.0440821695 	 -0.0000004428 	 0.0000000000 
43.0000000000 	 -0.0585813410 	 8.3014065762 	 -0.0000005914 	 0.0000000000 
43.2000000000 	 -0.0721128105 	 8.5348991383 	 -0.0000007311 	 0.0000000000 
43.4000000000 	 -0.0846710010 	 8.7300641992 	 -0.0000008607 	 0.0000000000 
43.6000000000 	 -0.0961572431 	 8.8748711401 	 -0.0000009793 	 0.0000000000 
43.8000000000 	 -0.1064851686 	 8.9600793871 	 -0.0000010859 	 0.0000000000 
44.0000000000 	 -0.1155812730 	 8.9794367009 	 -0.0000011798 	 0.0000000000 
44.2000000000 	 -0.1233853428 	 8.9297502504 	 -0.0000012604 	 0.0000000000 
44.4000000000 	 -0.1298507477 	 8.8108349325 	 -0.0000013271 	 0.0000000000 
44.6000000000 	 -0.1349445959 	 8.6253479119 	 -0.0000013797 	 0.0000000000 
44.8000000000 	 -0.1386477560 	 8.3785222602 	 -0.0000014179 	 -0.0000000000 
45.0000000000 	 -0.1409547462 	 8.0778157556 	 -0.0000014417 	 -0.0000000000 
45.2000000000 	 -0.1418734961 	 7.7324932831 	 -0.0000014512 	 -0.0000000000 
45.4000000000 	 -0.1414249856 	 7.3531628059 	 -0.0000014466 	 -0.0000000000 
45.6000000000 	 -0.1396427666 	 6.9512855418 	 -0.0000014282 	 -0.0000000000 
45.8000000000 	 -0.1365723753 	 6.5386808087 	 -0.0000013965 	 -0.0000000000 
46.0000000000 	 -0.1322706417 	 6.1270450496 	 -0.0000013521 	 -0.0000000000 
46.2000000000 	 -0.1268049074 	 5.7275028842 	 -0.0000012957 	 -0.0000000000 
46.4000000000 	 -0.1202521579 	 5.3502057841 	 -0.0000012280 	 0.0000000000 
46.6000000000 	 -0.1126980830 	 5.0039912310 	 -0.0000011500 	 0.0000000000 
46.8000000000 	 -0.1042360725 	 4.6961121440 	 -0.0000010627 	 0.0000000000 
47.0000000000 	 -0.0949661607 	 4.4320430790 	 -0.0000009670 	 0.0000000000 
47.2000000000 	 -0.0849939297 	 4.2153663579 	 -0.0000008640 	 0.0000000000 
47.4000000000 	 -0.0744293822 	 4.0477380051 	 -0.0000007550 	 0.0000000000 
47.6000000000 	 -0.0633857977 	 3.9289302800 	 -0.0000006410 	 0.0000000000 
47.8000000000 	 -0.0519785799 	 3.8569448083 	 -0.0000005232 	 0.0000000000 
48.0000000000 	 -0.0403241101 	 3.8281879153 	 -0.0000004029 	 0.0000000000 
48.2000000000 	 -0.0285386142 	 3.8376978298 	 -0.0000002812 	 0.0000000000 
48.4000000000 	 -0.0167370569 	 3.8794120035 	 -0.0000001594 	 0.0000000000 
48.6000000000 	 -0.0050320704 	 3.9464619019 	 -0.0000000386 	 0.0000000000 
48.8000000000 	 0.0064670708 	 4.0314822763 	 0.0000000801 	 0.0000000000 
49.0000000000 	 0.0176554211 	 4.1269221032 	 0.0000001956 	 0.0000000000 
49.2000000000 	 0.0284332728 	 4.2253450407 	 0.0000003069 	 0.0000000000 
49.4000000000 	 0.0387069955 	 4.3197083504 	 0.0000004129 	 0.0000000000 
49.6000000000 	 0.0483897987 	 4.4036106938 	 0.0000005129 	 0.0000000000 
49.8000000000 	 0.0574024128 	 4.4715009699 	 0.0000006059 	 0.0000000000 
50.0000000000 	 0.0656736833 	 4.5188423113 	 0.0000006913 	 0.0000000000 
50.2000000000 	 0.0731410741 	 4.5422274368 	 0.0000007684 	 0.0000000000 
50.4000000000 	 0.0797510776 	 4.5394436560 	 0.0000008366 	 0.0000000000 
50.6000000000 	 0.0854595293 	 4.5094878772 	 0.0000008956 	 0.0000000000 
50.8000000000 	 0.0902318258 	 4.4525338843 	 0.0000009448 	 0.0000000000 
51.0000000000 	 0.0940430469 	 4.3698558777 	 0.0000009842 	 0.0000000000 
51.2000000000 	 0.0968779819 	 4.2637137382 	 0.0000010134 	 0.0000000000 
51.4000000000 	 0.0987310620 	 4.1372066523 	 0.0000010326 	 0.0000000000 
51.6000000000 	 0.0996062028 	 3.9941025843 	 0.0000010416 	 0.0000000000 
51.8000000000 	 0.0995165585 	 3.8386515951 	 0.0000010407 	 0.0000000000 
52.0000000000 	 0.0984841930 	 3.6753911757 	 0.0000010300 	 0.0000000000 
52.2000000000 	 0.0965396737 	 3.5089516116 	 0.0000010099 	 0.0000000000 
52.4000000000 	 0.0937215919 	 3.3438689354 	 0.0000009808 	 -0.0000000000 
52.6000000000 	 0.0900760173 	 3.1844123007 	 0.0000009432 	 -0.0000000000 
52.8000000000 	 0.0856558932 	 3.0344316602 	 0.0000008976 	 -0.0000000000 
53.0000000000 	 0.0805203790 	 2.8972305097 	 0.0000008446 	 -0.0000000000 
53.2000000000 	 0.0747341474 	 2.7754672136 	 0.0000007848 	 -0.0000000000 
53.4000000000 	 0.0683666452 	 2.6710871174 	 0.0000007191 	 -0.0000000000 
53.6000000000 	 0.0614913242 	 2.5852863324 	 0.0000006481 	 -0.0000000000 
53.8000000000 	 0.0541848511 	 2.5185067957 	 0.0000005727 	 -0.0000000000 
54.0000000000 	 0.0465263037 	 2.4704610174 	 0.0000004936 	 -0.0000000000 
54.2000000000 	 0.0385963631 	 2.4401838620 	 0.0000004118 	 -0.0000000000 
54.4000000000 	 0.0304765069 	 2.4261078138 	 0.0000003280 	 -0.0000000000 
54.6000000000 	 0.0222482144 	 2.4261574624 	 0.0000002430 	 -0.0000000000 
54.8000000000 	 0.0139921880 	 2.4378584425 	 0.0000001578 	 -0.0000000000 
55.0000000000 	 0.0057876006 	 2.4584557690 	 0.0000000731 	 -0.0000000000 
55.2000000000 	 -0.0022886266 	 2.4850364321 	 -0.0000000103 	 -0.0000000000 
55.4000000000 	 -0.0101625076 	 2.5146512414 	 -0.0000000916 	 -0.0000000000 
55.6000000000 	 -0.0177636331 	 2.5444312230 	 -0.0000001700 	 -0.0000000000 
55.8000000000 	 -0.0250257622 	 2.5716943506 	 -0.0000002450 	 -0.0000000000 
56.0000000000 	 -0.0318873618 	 2.5940390066 	 -0.0000003158 	 -0.0000000000 
56.2000000000 	 -0.0382920892 	 2.6094212894 	 -0.0000003819 	 -0.0000000000 
56.4000000000 	 -0.0441892131 	 2.6162140734 	 -0.0000004428 	 -0.0000000000 
56.6000000000 	 -0.0495339733 	 2.6132465572 	 -0.0000004980 	 -0.0000000000 
56.8000000000 	 -0.0542878739 	 2.5998238626 	 -0.0000005471 	 -0.0000000000 
57.0000000000 	 -0.0584189106 	 2.5757270496 	 -0.0000005897 	 -0.0000000000 
57.2000000000 	 -0.0619017314 	 2.5411946508 	 -0.0000006257 	 -0.0000000000 
57.4000000000 	 -0.0647177290 	 2.4968874836 	 -0.0000006547 	 0.0000000000 
57.6000000000 	 -0.0668550681 	 2.4438390497 	 -0.0000006768 	 0.0000000000 
57.8000000000 	 -0.0683086460 	 2.3833942604 	 -0.0000006918 	 0.0000000000 
58.0000000000 	 -0.0690799911 	 2.3171395227 	 -0.0000006998 	 0.0000000000 
58.2000000000 	 -0.0691770991 	 2.2468273860 	 -0.0000007008 	 0.0000000000 
58.4000000000 	 -0.0686142120 	 2.1742989811 	 -0.0000006950 	 0.0000000000 
58.6000000000 	 -0.0674115423 	 2.1014073812 	 -0.0000006825 	 0.0000000000 
58.8000000000 	 -0.0655949452 	 2.0299448074 	 -0.0000006638 	 0.0000000000 
59.0000000000 	 -0.0631955461 	 1.9615762817 	 -0.0000006390 	 0.0000000000 
59.2000000000 	 -0.0602493246 	 1.8977819367 	 -0.0000006086 	 0.0000000000 
59.4000000000 	 -0.0567966621 	 1.8398097270 	 -0.0000005730 	 0.0000000000 
59.6000000000 	 -0.0528818572 	 1.7886397883 	 -0.0000005325 	 0.0000000000 
59.8000000000 	 -0.0485526151 	 1.7449611645 	 -0.0000004879 	 0.0000000000 
60.0000000000 	 -0.0438595153 	 1.7091611052 	 -0.0000004394 	 0.0000000000 
60.2000000000 	 -0.0388554639 	 1.6813266357 	 -0.0000003878 	 0.0000000000 
60.4000000000 	 -0.0335951364 	 1.6612576433 	 -0.0000003334 	 0.0000000000 
60.6000000000 	 -0.0281344158 	 1.6484903190 	 -0.0000002771 	 0.0000000000 
60.8000000000 	 -0.0225298316 	 1.6423294593 	 -0.0000002192 	 0.0000000000 
61.0000000000 	 -0.0168380061 	 1.6418878742 	 -0.0000001605 	 0.0000000000 
61.2000000000 	 -0.0111151112 	 1.6461309706 	 -0.0000001014 	 0.0000000000 
61.4000000000 	 -0.0054163424 	 1.6539244895 	 -0.0000000426 	 0.0000000000 
61.6000000000 	 0.0002045855 	 1.6640833709 	 0.0000000155 	 -0.0000000000 
61.8000000000 	 0.0056959187 	 1.6754197876 	 0.0000000722 	 -0.0000000000 
62.0000000000 	 0.0110083130 	 1.6867885357 	 0.0000001270 	 -0.0000000000 
62.2000000000 	 0.0160952513 	 1.6971281756 	 0.0000001795 	 -0.0000000000 
62.4000000000 	 0.0209134226 	 1.7054965715 	 0.0000002292 	 -0.0000000000 
62.6000000000 	 0.0254230637 	 1.7110997750 	 0.0000002758 	 -0.0000000000 
62.8000000000 	 0.0295882575 	 1.7133135123 	 0.0000003188 	 -0.0000000000 
63.0000000000 	 0.0333771889 	 1.7116968688 	 0.0000003579 	 -0.0000000000 
63.2000000000 	 0.0367623551 	 1.7059980866 	 0.0000003929 	 -0.0000000000 
63.4000000000 	 0.0397207298 	 1.6961527047 	 0.0000004234 	 -0.0000000000 
63.6000000000 	 0.0422338818 	 1.6822745511 	 0.0000004493 	 -0.0000000000 
63.8000000000 	 0.0442880453 	 1.6646403514 	 0.0000004705 	 -0.0000000000 
64.0000000000 	 0.0458741454 	 1.6436689149 	 0.0000004869 	 -0.0000000000 
64.2000000000 	 0.0469877777 	 1.6198960199 	 0.0000004984 	 -0.0000000000 
64.4000000000 	 0.0476291434 	 1.5939462220 	 0.0000005050 	 -0.0000000000 
64.6000000000 	 0.0478029424 	 1.5665028564 	 0.0000005068 	 -0.0000000000 
64.8000000000 	 0.0475182251 	 1.5382775057 	 0.0000005039 	 -0.0000000000 
65.0000000000 	 0.0467882070 	 1.5099801501 	 0.0000004964 	 -0.0000000000 
65.2000000000 	 0.0456300466 	 1.4822911238 	 0.0000004844 	 -0.0000000000 
65.4000000000 	 0.0440645916 	 1.4558358633 	 0.0000004682 	 -0.0000000000 
65.6000000000 	 0.0421160950 	 1.4311632717 	 0.0000004481 	 -0.0000000000 
65.8000000000 	 0.0398119057 	 1.4087283338 	 0.0000004243 	 -0.0000000000 
66.0000000000 	 0.0371821361 	 1.3888794152 	 0.0000003972 	 -0.0000000000 
66.2000000000 	 0.0342593114 	 1.3718504725 	 0.0000003670 	 -0.0000000000 
66.4000000000 	 0.0310780035 	 1.3577581969 	 0.0000003342 	 -0.0000000000 
66.6000000000 	 0.0276744539 	 1.3466039210 	 0.0000002990 	 -0.0000000000 
66.8000000000 	 0.0240861897 	 1.3382799421 	 0.0000002620 	 -0.0000000000 
67.0000000000 	 0.0203516350 	 1.3325797643 	 0.0000002234 	 -0.0000000000 
67.2000000000 	 0.0165097243 	 1.3292116365 	 0.0000001838 	 -0.0000000000 
67.4000000000 	 0.0125995188 	 1.3278146713 	 0.0000001434 	 -0.0000000000 
67.6000000000 	 0.0086598304 	 1.3279767690 	 0.0000001028 	 -0.0000000000 
67.8000000000 	 0.0047288572 	 1.3292535458 	 0.0000000622 	 -0.0000000000 
68.0000000000 	 0.0008438330 	 1.3311874719 	 0.0000000221 	 -0.0000000000 
68.2000000000 	 -0.0029593056 	 1.3333264594 	 -0.0000000172 	 -0.0000000000 
68.4000000000 	 -0.0066462328 	 1.3352412077 	 -0.0000000553 	 -0.0000000000 
68.6000000000 	 -0.0101845235 	 1.3365407000 	 -0.0000000918 	 -0.0000000000 
68.8000000000 	 -0.0135439192 	 1.3368853502 	 -0.0000001265 	 -0.0000000000 
69.0000000000 	 -0.0166965664 	 1.3359974200 	 -0.0000001590 	 -0.0000000000 
69.2000000000 	 -0.0196172273 	 1.3336684537 	 -0.0000001892 	 -0.0000000000 
69.4000000000 	 -0.0222834597 	 1.3297636076 	 -0.0000002167 	 -0.0000000000 
69.6000000000 	 -0.0246757670 	 1.3242228788 	 -0.0000002414 	 -0.0000000000 
69.8000000000 	 -0.0267777154 	 1.3170593594 	 -0.0000002631 	 -0.0000000000 
70.0000000000 	 -0.0285760207 	 1.3083547493 	 -0.0000002816 	 -0.0000000000 
70.2000000000 	 -0.0300606013 	 1.2982524533 	 -0.0000002970 	 -0.0000000000 
70.4000000000 	 -0.0312246007 	 1.2869486679 	 -0.0000003090 	 -0.0000000000 
70.6000000000 	 -0.0320643782 	 1.2746819118 	 -0.0000003176 	 -0.0000000000 
70.8000000000 	 -0.0325794686 	 1.2617214955 	 -0.0000003230 	 -0.0000000000 
71.0000000000 	 -0.0327725133 	 1.2483554344 	 -0.0000003250 	 -0.0000000000 
71.2000000000 	 -0.0326491632 	 1.2348783037 	 -0.0000003237 	 -0.0000000000 
71.4000000000 	 -0.0322179542 	 1.2215795101 	 -0.0000003192 	 -0.0000000000 
71.6000000000 	 -0.0314901595 	 1.2087324082 	 -0.0000003117 	 -0.0000000000 
71.8000000000 	 -0.0304796178 	 1.1965846374 	 -0.0000003013 	 -0.0000000000 
72.0000000000 	 -0.0292025417 	 1.1853499814 	 -0.0000002881 	 0.0000000000 
72.2000000000 	 -0.0276773079 	 1.1752019821 	 -0.0000002724 	 0.0000000000 
72.4000000000 	 -0.0259242315 	 1.1662694533 	 -0.0000002543 	 0.0000000000 
72.6000000000 	 -0.0239653265 	 1.1586339620 	 -0.0000002340 	 0.0000000000 
72.8000000000 	 -0.0218240567 	 1.1523292626 	 -0.0000002119 	 -0.0000000000 
73.0000000000 	 -0.0195250775 	 1.1473425954 	 -0.0000001882 	 -0.0000000000 
73.2000000000 	 -0.0170939729 	 1.1436176945 	 -0.0000001631 	 0.0000000000 
73.4000000000 	 -0.0145569899 	 1.1410592906 	 -0.0000001369 	 0.0000000000 
73.6000000000 	 -0.0119407722 	 1.1395388521 	 -0.0000001099 	 -0.0000000000 
73.8000000000 	 -0.0092720965 	 1.1389012705 	 -0.0000000824 	 -0.0000000000 
74.0000000000 	 -0.0065776143 	 1.1389721795 	 -0.0000000545 	 -0.0000000000 
74.2000000000 	 -0.0038835999 	 1.1395655894 	 -0.0000000267 	 -0.0000000000 
74.4000000000 	 -0.0012157085 	 1.1404915232 	 0.0000000008 	 -0.0000000000 
74.6000000000 	 0.0014012538 	 1.1415633614 	 0.0000000278 	 -0.0000000000 
74.8000000000 	 0.0039435477 	 1.1426046272 	 0.0000000541 	 -0.0000000000 
75.0000000000 	 0.0063887015 	 1.1434549835 	 0.0000000793 	 -0.0000000000 
75.2000000000 	 0.0087156967 	 1.1439752559 	 0.0000001033 	 -0.0000000000 
75.4000000000 	 0.0109051340 	 1.1440513436 	 0.0000001259 	 -0.0000000000 
75.6000000000 	 0.0129393811 	 1.1435969316 	 0.0000001469 	 -0.0000000000 
75.8000000000 	 0.0148026991 	 1.1425549709 	 0.0000001662 	 -0.0000000000 
76.0000000000 	 0.0164813487 	 1.1408979380 	 0.0000001835 	 -0.0000000000 
76.2000000000 	 0.0179636741 	 1.1386269388 	 0.0000001988 	 -0.0000000000 
76.4000000000 	 0.0192401659 	 1.1357697566 	 0.0000002120 	 -0.0000000000 
76.6000000000 	 0.0203035008 	 1.1323779829 	 0.0000002229 	 -0.0000000000 
76.8000000000 	 0.0211485608 	 1.1285233965 	 0.0000002317 	 -0.0000000000 
77.0000000000 	 0.0217724297 	 1.1242937751 	 0.0000002381 	 -0.0000000000 
77.2000000000 	 0.0221743695 	 1.1197883368 	 0.0000002423 	 -0.0000000000 
77.4000000000 	 0.0223557760 	 1.1151130093 	 0.0000002441 	 -0.0000000000 
77.6000000000 	 0.0223201155 	 1.1103757231 	 0.0000002438 	 -0.0000000000 
77.8000000000 	 0.0220728427 	 1.1056819107 	 0.0000002412 	 -0.0000000000 
78.0000000000 	 0.0216213020 	 1.1011303741 	 0.0000002366 	 -0.0000000000 
78.2000000000 	 0.0209746128 	 1.0968096637 	 0.0000002299 	 -0.0000000000 
78.4000000000 	 0.0201435406 	 1.0927950779 	 0.0000002213 	 0.0000000000 
78.6000000000 	 0.0191403555 	 1.0891463664 	 0.0000002109 	 0.0000000000 
78.8000000000 	 0.0179786795 	 1.0859061868 	 0.0000001989 	 0.0000000000 
79.0000000000 	 0.0166733244 	 1.0830993303 	 0.0000001855 	 0.0000000000 
79.2000000000 	 0.0152401228 	 1.0807327038 	 0.0000001707 	 0.0000000000 
79.4000000000 	 0.0136957524 	 1.0787960255 	 0.0000001547 	 0.0000000000 
79.6000000000 	 0.0120575571 	 1.0772631657 	 0.0000001378 	 0.0000000000 
79.8000000000 	 0.0103433657 	 1.0760940440 	 0.0000001201 	 -0.0000000000 
80.0000000000 	 0.0085713100 	 1.0752369761 	 0.0000001018 	 -0.0000000000 
80.2000000000 	 0.0067596448 	 1.0746313536 	 0.0000000831 	 -0.0000000000 
80.4000000000 	 0.0049265709 	 1.0742105318 	 0.0000000642 	 -0.0000000000 
80.6000000000 	 0.0030900621 	 1.0739048014 	 0.0000000453 	 -0.0000000000 
80.8000000000 	 0.0012676996 	 1.0736443222 	 0.0000000264 	 -0.0000000000 
81.0000000000 	 -0.0005234869 	 1.0733619064 	 0.0000000080 	 -0.0000000000 
81.2000000000 	 -0.0022671685 	 1.0729955495 	 -0.0000000100 	 0.0000000000 
81.4000000000 	 -0.0039478566 	 1.0724906255 	 -0.0000000274 	 0.0000000000 
81.6000000000 	 -0.0055510303 	 1.0718016763 	 -0.0000000439 	 0.0000000000 
81.8000000000 	 -0.0070632526 	 1.0708937505 	 -0.0000000596 	 0.0000000000 
82.0000000000 	 -0.0084722729 	 1.0697432604 	 -0.0000000741 	 0.0000000000 
82.2000000000 	 -0.0097671153 	 1.0683383536 	 -0.0000000875 	 0.0000000000 
82.4000000000 	 -0.0109381538 	 1.0666788077 	 -0.0000000996 	 0.0000000000 
82.6000000000 	 -0.0119771715 	 1.0647754801 	 -0.0000001103 	 0.0000000000 
82.8000000000 	 -0.0128774060 	 1.0626493575 	 -0.0000001196 	 0.0000000000 
83.0000000000 	 -0.0136335792 	 1.0603302630 	 -0.0000001274 	 0.0000000000 
83.2000000000 	 -0.0142419124 	 1.0578552908 	 -0.0000001337 	 0.0000000000 
83.4000000000 	 -0.0147001270 	 1.0552670416 	 -0.0000001384 	 0.0000000000 
83.6000000000 	 -0.0150074301 	 1.0526117398 	 -0.0000001416 	 0.0000000000 
83.8000000000 	 -0.0151644872 	 1.0499373090 	 -0.0000001432 	 0.0000000000 
84.0000000000 	 -0.0151733809 	 1.0472914846 	 -0.0000001433 	 0.0000000000 
84.2000000000 	 -0.0150375571 	 1.0447200317 	 -0.0000001419 	 0.0000000000 
84.4000000000 	 -0.0147617603 	 1.0422651319 	 -0.0000001390 	 0.0000000000 
84.6000000000 	 -0.0143519566 	 1.0399639922 	 -0.0000001348 	 0.0000000000 
84.8000000000 	 -0.0138152483 	 1.0378477158 	 -0.0000001293 	 0.0000000000 
85.0000000000 	 -0.0131597785 	 1.0359404637 	 -0.0000001225 	 0.0000000000 
85.2000000000 	 -0.0123946291 	 1.0342589238 	 -0.0000001146 	 0.0000000000 
85.4000000000 	 -0.0115297112 	 1.0328120895 	 -0.0000001057 	 -0.0000000000 
85.6000000000 	 -0.0105756511 	 1.0316013398 	 -0.0000000958 	 -0.0000000000 
85.8000000000 	 -0.0095436714 	 1.0306207998 	 -0.0000000852 	 -0.0000000000 
86.0000000000 	 -0.0084454703 	 1.0298579532 	 -0.0000000738 	 -0.0000000000 
86.2000000000 	 -0.0072930977 	 1.0292944673 	 -0.0000000619 	 -0.0000000000 
86.4000000000 	 -0.0060988326 	 1.0289071888 	 -0.0000000496 	 -0.0000000000 
86.6000000000 	 -0.0048750600 	 1.0286692610 	 -0.0000000370 	 -0.0000000000 
86.8000000000 	 -0.0036341500 	 1.0285513136 	 -0.0000000242 	 -0.0000000000 
87.0000000000 	 -0.0023883404 	 1.0285226745 	 -0.0000000113 	 -0.0000000000 
87.2000000000 	 -0.0011496229 	 1.0285525572 	 0.0000000015 	 -0.0000000000 
87.4000000000 	 0.0000703653 	 1.0286111792 	 0.0000000141 	 -0.0000000000 
87.6000000000 	 0.0012604446 	 1.0286707723 	 0.0000000264 	 -0.0000000000 
87.8000000000 	 0.0024099881 	 1.0287064533 	 0.0000000382 	 -0.0000000000 
88.0000000000 	 0.0035090105 	 1.0286969295 	 0.0000000496 	 -0.0000000000 
88.2000000000 	 0.0045482474 	 1.0286250226 	 0.0000000603 	 -0.0000000000 
88.4000000000 	 0.0055192269 	 1.0284780005 	 0.0000000703 	 -0.0000000000 
88.6000000000 	 0.0064143313 	 1.0282477177 	 0.0000000796 	 -0.0000000000 
88.8000000000 	 0.0072268495 	 1.0279305686 	 0.0000000880 	 -0.0000000000 
89.0000000000 	 0.0079510189 	 1.0275272690 	 0.0000000954 	 -0.0000000000 
89.2000000000 	 0.0085820583 	 1.0270424830 	 0.0000001019 	 -0.0000000000 
89.4000000000 	 0.0091161894 	 1.0264843206 	 0.0000001075 	 -0.0000000000 
89.6000000000 	 0.0095506492 	 1.0258637329 	 0.0000001119 	 -0.0000000000 
89.8000000000 	 0.0098836918 	 1.0251938354 	 0.0000001154 	 -0.0000000000 
90.0000000000 	 0.0101145806 	 1.0244891902 	 0.0000001178 	 -0.0000000000 
90.2000000000 	 0.0102435712 	 1.0237650769 	 0.0000001191 	 -0.0000000000 
90.4000000000 	 0.0102718851 	 1.0230367837 	 0.0000001194 	 0.0000000000 
90.6000000000 	 0.0102016748 	 1.0223189438 	 0.0000001187 	 0.0000000000 
90.8000000000 	 0.0100359807 	 1.0216249410 	 0.0000001170 	 0.0000000000 
91.0000000000 	 0.0097786811 	 1.0209664049 	 0.0000001143 	 0.0000000000 
91.2000000000 	 0.0094344346 	 1.0203528088 	 0.0000001107 	 0.0000000000 
91.4000000000 	 0.0090086172 	 1.0197911821 	 0.0000001064 	 0.0000000000 
91.6000000000 	 0.0085072534 	 1.0192859404 	 0.0000001012 	 0.0000000000 
91.8000000000 	 0.0079369433 	 1.0188388342 	 0.0000000953 	 0.0000000000 
92.0000000000 	 0.0073047855 	 1.0184490109 	 0.0000000888 	 0.0000000000 
92.2000000000 	 0.0066182979 	 1.0181131818 	 0.0000000817 	 0.0000000000 
92.4000000000 	 0.0058853349 	 1.0178258803 	 0.0000000741 	 0.0000000000 
92.6000000000 	 0.0051140051 	 1.0175797974 	 0.0000000661 	 0.0000000000 
92.8000000000 	 0.0043125875 	 1.0173661757 	 0.0000000579 	 0.0000000000 
93.0000000000 	 0.0034894482 	 1.0171752429 	 0.0000000494 	 0.0000000000 
93.2000000000 	 0.0026529587 	 1.0169966667 	 0.0000000407 	 0.0000000000 
93.4000000000 	 0.0018114157 	 1.0168200099 	 0.0000000321 	 0.0000000000 
93.6000000000 	 0.0009729638 	 1.0166351691 	 0.0000000234 	 0.0000000000 
93.8000000000 	 0.0001455213 	 1.0164327796 	 0.0000000149 	 0.0000000000 
94.0000000000 	 -0.0006632898 	 1.0162045725 	 0.0000000065 	 0.0000000000 
94.2000000000 	 -0.0014462094 	 1.0159436724 	 -0.0000000016 	 0.0000000000 
94.4000000000 	 -0.0021964001 	 1.0156448265 	 -0.0000000093 	 0.0000000000 
94.6000000000 	 -0.0029075018 	 1.0153045603 	 -0.0000000167 	 0.0000000000 
94.8000000000 	 -0.0035736812 	 1.0149212569 	 -0.0000000235 	 0.0000000000 
95.0000000000 	 -0.0041896749 	 1.0144951606 	 -0.0000000299 	 0.0000000000 
95.2000000000 	 -0.0047508252 	 1.0140283089 	 -0.0000000357 	 0.0000000000 
95.4000000000 	 -0.0052531107 	 1.0135243986 	 -0.0000000409 	 0.0000000000 
95.6000000000 	 -0.0056931687 	 1.0129885945 	 -0.0000000454 	 0.0000000000 
95.8000000000 	 -0.0060683118 	 1.0124272912 	 -0.0000000493 	 0.0000000000 
96.0000000000 	 -0.0063765367 	 1.0118478392 	 -0.0000000525 	 0.0000000000 
96.2000000000 	 -0.0066165272 	 1.0112582475 	 -0.0000000549 	 -0.0000000000 
96.4000000000 	 -0.0067876499 	 1.0106668749 	 -0.0000000567 	 -0.0000000000 
96.6000000000 	 -0.0068899438 	 1.0100821231 	 -0.0000000578 	 -0.0000000000 
96.8000000000 	 -0.0069241036 	 1.0095121425 	 -0.0000000581 	 -0.0000000000 
97.0000000000 	 -0.0068914569 	 1.0089645603 	 -0.0000000578 	 -0.0000000000 
97.2000000000 	 -0.0067939367 	 1.0084462423 	 -0.0000000568 	 -0.0000000000 
97.4000000000 	 -0.0066340479 	 1.0079630925 	 -0.0000000551 	 -0.0000000000 
97.6000000000 	 -0.0064148295 	 1.0075198981 	 -0.0000000529 	 -0.0000000000 
97.8000000000 	 -0.0061398130 	 1.0071202229 	 -0.0000000500 	 -0.0000000000 
98.0000000000 	 -0.0058129762 	 1.0067663496 	 -0.0000000467 	 -0.0000000000 
98.2000000000 	 -0.0054386946 	 1.0064592709 	 -0.0000000428 	 -0.0000000000 
98.4000000000 	 -0.0050216903 	 1.0061987271 	 -0.0000000385 	 -0.0000000000 
98.6000000000 	 -0.0045669781 	 1.0059832862 	 -0.0000000338 	 -0.0000000000 
98.8000000000 	 -0.0040798105 	 1.0058104606 	 -0.0000000288 	 -0.0000000000 
99.0000000000 	 -0.0035656220 	 1.0056768542 	 -0.0000000235 	 -0.0000000000 
99.2000000000 	 -0.0030299729 	 1.0055783331 	 -0.0000000179 	 -0.0000000000 
99.4000000000 	 -0.0024784928 	 1.0055102105 	 -0.0000000122 	 -0.0000000000 
99.6000000000 	 -0.0019168252 	 1.0054674407 	 -0.0000000064 	 -0.0000000000 
99.8000000000 	 -0.0013505738 	 1.0054448114 	 -0.0000000006 	 -0.0000000000 
100.0000000000 	 -0.0007852494 	 1.0054371301 	 0.0000000052 	 -0.0000000000 
100.2000000000 	 -0.0002262197 	 1.0054393949 	 0.0000000110 	 -0.0000000000 
100.4000000000 	 0.0003213382 	 1.0054469477 	 0.0000000167 	 -0.0000000000 
100.6000000000 	 0.0008524829 	 1.0054556021 	 0.0000000222 	 -0.0000000000 
100.8000000000 	 0.0013625500 	 1.0054617444 	 0.0000000274 	 -0.0000000000 
101.0000000000 	 0.0018471899 	 1.0054624061 	 0.0000000324 	 -0.0000000000 
101.2000000000 	 0.0023024015 	 1.0054553053 	 0.0000000371 	 -0.0000000000 
101.4000000000 	 0.0027245622 	 1.0054388592 	 0.0000000415 	 -0.0000000000 
101.6000000000 	 0.0031104531 	 1.0054121683 	 0.0000000455 	 0.0000000000 
101.8000000000 	 0.0034572796 	 1.0053749747 	 0.0000000490 	 0.0000000000 
102.0000000000 	 0.0037626883 	 1.0053275993 	 0.0000000522 	 0.0000000000 
102.2000000000 	 0.0040247783 	 1.0052708596 	 0.0000000549 	 0.0000000000 
102.4000000000 	 0.0042421084 	 1.0052059750 	 0.0000000571 	 0.0000000000 
102.6000000000 	 0.0044136996 	 1.0051344624 	 0.0000000589 	 0.0000000000 
102.8000000000 	 0.0045390334 	 1.0050580283 	 0.0000000602 	 0.0000000000 
103.0000000000 	 0.0046180450 	 1.0049784613 	 0.0000000610 	 0.0000000000 
103.2000000000 	 0.0046511134 	 1.0048975292 	 0.0000000614 	 0.0000000000 
103.4000000000 	 0.0046390465 	 1.0048168861 	 0.0000000612 	 0.0000000000 
103.6000000000 	 0.0045830633 	 1.0047379898 	 0.0000000607 	 0.0000000000 
103.8000000000 	 0.0044847718 	 1.0046620359 	 0.0000000597 	 0.0000000000 
104.0000000000 	 0.0043461444 	 1.0045899071 	 0.0000000582 	 0.0000000000 
104.2000000000 	 0.0041694903 	 1.0045221409 	 0.0000000564 	 0.0000000000 
104.4000000000 	 0.0039574246 	 1.0044589153 	 0.0000000542 	 0.0000000000 
104.6000000000 	 0.0037128366 	 1.0044000515 	 0.0000000517 	 0.0000000000 
104.8000000000 	 0.0034388552 	 1.0043450340 	 0.0000000489 	 0.0000000000 
105.0000000000 	 0.0031388129 	 1.0042930446 	 0.0000000458 	 0.0000000000 
105.2000000000 	 0.0028162094 	 1.0042430092 	 0.0000000424 	 0.0000000000 
105.4000000000 	 0.0024746740 	 1.0041936547 	 0.0000000389 	 0.0000000000 
105.6000000000 	 0.0021179275 	 1.0041435728 	 0.0000000352 	 0.0000000000 
105.8000000000 	 0.0017497450 	 1.0040912878 	 0.0000000314 	 0.0000000000 
106.0000000000 	 0.0013739178 	 1.0040353251 	 0.0000000275 	 0.0000000000 
106.2000000000 	 0.0009942174 	 1.0039742788 	 0.0000000236 	 0.0000000000 
106.4000000000 	 0.0006143598 	 1.0039068740 	 0.0000000197 	 0.0000000000 
106.6000000000 	 0.0002379713 	 1.0038320223 	 0.0000000158 	 0.0000000000 
106.8000000000 	 -0.0001314438 	 1.0037488686 	 0.0000000120 	 0.0000000000 
107.0000000000 	 -0.0004905338 	 1.0036568278 	 0.0000000083 	 0.0000000000 
107.2000000000 	 -0.0008361276 	 1.0035556098 	 0.0000000047 	 0.0000000000 
107.4000000000 	 -0.0011652610 	 1.0034452322 	 0.0000000013 	 -0.0000000000 
107.6000000000 	 -0.0014751994 	 1.0033260219 	 -0.0000000019 	 -0.0000000000 
107.8000000000 	 -0.0017634585 	 1.0031986046 	 -0.0000000048 	 -0.0000000000 
108.0000000000 	 -0.0020278220 	 1.0030638833 	 -0.0000000076 	 -0.0000000000 
108.2000000000 	 -0.0022663560 	 1.0029230077 	 -0.0000000100 	 -0.0000000000 
108.4000000000 	 -0.0024774206 	 1.0027773361 	 -0.0000000122 	 -0.0000000000 
108.6000000000 	 -0.0026596781 	 1.0026283896 	 -0.0000000141 	 -0.0000000000 
108.8000000000 	 -0.0028120990 	 1.0024778035 	 -0.0000000157 	 -0.0000000000 
109.0000000000 	 -0.0029339632 	 1.0023272756 	 -0.0000000169 	 -0.0000000000 
109.2000000000 	 -0.0030248605 	 1.0021785141 	 -0.0000000179 	 -0.0000000000 
109.4000000000 	 -0.0030846858 	 1.0020331872 	 -0.0000000185 	 -0.0000000000 
109.6000000000 	 -0.0031136333 	 1.0018928758 	 -0.0000000188 	 -0.0000000000 
109.8000000000 	 -0.0031121870 	 1.0017590315 	 -0.0000000188 	 -0.0000000000 
110.0000000000 	 -0.0030811089 	 1.0016329394 	 -0.0000000185 	 -0.0000000000 
110.2000000000 	 -0.0030214253 	 1.0015156895 	 -0.0000000178 	 -0.0000000000 
110.4000000000 	 -0.0029344098 	 1.0014081543 	 -0.0000000169 	 -0.0000000000 
110.6000000000 	 -0.0028215656 	 1.0013109754 	 -0.0000000158 	 -0.0000000000 
110.8000000000 	 -0.0026846054 	 1.0012245579 	 -0.0000000144 	 -0.0000000000 
111.0000000000 	 -0.0025254299 	 1.0011490723 	 -0.0000000127 	 -0.0000000000 
111.2000000000 	 -0.0023461046 	 1.0010844645 	 -0.0000000109 	 -0.0000000000 
111.4000000000 	 -0.0021488367 	 1.0010304710 	 -0.0000000088 	 -0.0000000000 
111.6000000000 	 -0.0019359501 	 1.0009866409 	 -0.0000000066 	 -0.0000000000 
111.8000000000 	 -0.0017098604 	 1.0009523616 	 -0.0000000043 	 -0.0000000000 
112.0000000000 	 -0.0014730496 	 1.0009268884 	 -0.0000000019 	 0.0000000000 
112.2000000000 	 -0.0012280410 	 1.0009093748 	 0.0000000007 	 0.0000000000 
112.4000000000 	 -0.0009773736 	 1.0008989054 	 0.0000000033 	 0.0000000000 
112.6000000000 	 -0.0007235779 	 1.0008945268 	 0.0000000059 	 0.0000000000 
112.8000000000 	 -0.0004691518 	 1.0008952775 	 0.0000000085 	 0.0000000000 
113.0000000000 	 -0.0002165375 	 1.0009002158 	 0.0000000111 	 0.0000000000 
113.2000000000 	 0.0000319003 	 1.0009084436 	 0.0000000137 	 0.0000000000 
113.4000000000 	 0.0002738953 	 1.0009191270 	 0.0000000162 	 0.0000000000 
113.6000000000 	 0.0005072983 	 1.0009315120 	 0.0000000186 	 0.0000000000 
113.8000000000 	 0.0007300956 	 1.0009449357 	 0.0000000209 	 0.0000000000 
114.0000000000 	 0.0009404242 	 1.0009588333 	 0.0000000231 	 0.0000000000 
114.2000000000 	 0.0011365862 	 1.0009727403 	 0.0000000251 	 0.0000000000 
114.4000000000 	 0.0013170608 	 1.0009862905 	 0.0000000270 	 0.0000000000 
114.6000000000 	 0.0014805145 	 1.0009992101 	 0.0000000286 	 0.0000000000 
114.8000000000 	 0.0016258093 	 1.0010113094 	 0.0000000301 	 0.0000000000 
115.0000000000 	 0.0017520086 	 1.0010224707 	 0.0000000314 	 0.0000000000 
115.2000000000 	 0.0018583809 	 1.0010326357 	 0.0000000325 	 0.0000000000 
115.4000000000 	 0.0019444024 	 1.0010417912 	 0.0000000334 	 0.0000000000 
115.6000000000 	 0.0020097563 	 1.0010499540 	 0.0000000341 	 0.0000000000 
115.8000000000 	 0.0020543307 	 1.0010571572 	 0.0000000346 	 0.0000000000 
116.0000000000 	 0.0020782151 	 1.0010634366 	 0.0000000348 	 0.0000000000 
116.2000000000 	 0.0020816939 	 1.0010688187 	 0.0000000348 	 0.0000000000 
116.4000000000 	 0.0020652394 	 1.0010733111 	 0.0000000347 	 0.0000000000 
116.6000000000 	 0.0020295023 	 1.0010768947 	 0.0000000343 	 0.0000000000 
116.8000000000 	 0.0019753013 	 1.0010795185 	 0.0000000337 	 0.0000000000 
117.0000000000 	 0.0019036109 	 1.0010810974 	 0.0000000330 	 0.0000000000 
117.2000000000 	 0.0018155484 	 1.0010815116 	 0.0000000321 	 0.0000000000 
117.4000000000 	 0.0017123597 	 1.0010806095 	 0.0000000310 	 0.0000000000 
117.6000000000 	 0.0015954042 	 1.0010782125 	 0.0000000298 	 0.0000000000 
117.8000000000 	 0.0014661387 	 1.0010741208 	 0.0000000285 	 0.0000000000 
118.0000000000 	 0.0013261018 	 1.0010681223 	 0.0000000270 	 0.0000000000 
118.2000000000 	 0.0011768963 	 1.0010600011 	 0.0000000255 	 -0.0000000000 
118.4000000000 	 0.0010201730 	 1.0010495476 	 0.0000000239 	 -0.0000000000 
118.6000000000 	 0.0008576135 	 1.0010365684 	 0.0000000222 	 -0.0000000000 
118.8000000000 	 0.0006909131 	 1.0010208960 	 0.0000000205 	 -0.0000000000 
119.0000000000 	 0.0005217649 	 1.0010023975 	 0.0000000187 	 -0.0000000000 
119.2000000000 	 0.0003518432 	 1.0009809832 	 0.0000000170 	 -0.0000000000 
119.4000000000 	 0.0001827879 	 1.0009566123 	 0.0000000152 	 -0.0000000000 
119.6000000000 	 0.0000161903 	 1.0009292984 	 0.0000000135 	 -0.0000000000 
119.8000000000 	 -0.0001464216 	 1.0008991123 	 0.0000000118 	 -0.0000000000 
120.0000000000 	 -0.0003035955 	 1.0008661835 	 0.0000000102 	 -0.0000000000 
120.2000000000 	 -0.0004539674 	 1.0008306989 	 0.0000000087 	 -0.0000000000 
120.4000000000 	 -0.0005962718 	 1.0007929006 	 0.0000000072 	 -0.0000000000 
120.6000000000 	 -0.0007293518 	 1.0007530813 	 0.0000000058 	 -0.0000000000 
120.8000000000 	 -0.0008521673 	 1.0007115784 	 0.0000000046 	 -0.0000000000 
121.0000000000 	 -0.0009638019 	 1.0006687666 	 0.0000000034 	 -0.0000000000 
121.2000000000 	 -0.0010634688 	 1.0006250496 	 0.0000000024 	 -0.0000000000 
121.4000000000 	 -0.0011505149 	 1.0005808506 	 0.0000000015 	 -0.0000000000 
121.6000000000 	 -0.0012244238 	 1.0005366033 	 0.0000000007 	 -0.0000000000 
121.8000000000 	 -0.0012848174 	 1.0004927418 	 0.0000000001 	 -0.0000000000 
122.0000000000 	 -0.0013314559 	 1.0004496910 	 -0.0000000004 	 -0.0000000000 
122.2000000000 	 -0.0013642367 	 1.0004078579 	 -0.0000000007 	 -0.0000000000 
122.4000000000 	 -0.0013831922 	 1.0003676232 	 -0.0000000009 	 -0.0000000000 
122.6000000000 	 -0.0013884857 	 1.0003293340 	 -0.0000000010 	 -0.0000000000 
122.8000000000 	 -0.0013804069 	 1.0002932977 	 -0.0000000009 	 -0.0000000000 
123.0000000000 	 -0.0013593660 	 1.0002597772 	 -0.0000000007 	 -0.0000000000 
123.2000000000 	 -0.0013258866 	 1.0002289875 	 -0.0000000003 	 -0.0000000000 
123.4000000000 	 -0.0012805980 	 1.0002010937 	 0.0000000001 	 -0.0000000000 
123.6000000000 	 -0.0012242265 	 1.0001762101 	 0.0000000007 	 -0.0000000000 
123.8000000000 	 -0.0011575860 	 1.0001544012 	 0.0000000014 	 -0.0000000000 
124.0000000000 	 -0.0010815684 	 1.0001356835 	 0.0000000022 	 -0.0000000000 
124.2000000000 	 -0.0009971325 	 1.0001200285 	 0.0000000031 	 -0.0000000000 
124.4000000000 	 -0.0009052938 	 1.0001073664 	 0.0000000040 	 -0.0000000000 
124.6000000000 	 -0.0008071131 	 1.0000975908 	 0.0000000050 	 -0.0000000000 
124.8000000000 	 -0.0007036851 	 1.0000905640 	 0.0000000061 	 -0.0000000000 
125.0000000000 	 -0.0005961275 	 1.0000861222 	 0.0000000072 	 -0.0000000000 
125.2000000000 	 -0.0004855693 	 1.0000840810 	 0.0000000083 	 0.0000000000 
125.4000000000 	 -0.0003731404 	 1.0000842414 	 0.0000000095 	 0.0000000000 
125.6000000000 	 -0.0002599598 	 1.0000863945 	 0.0000000107 	 0.0000000000 
125.8000000000 	 -0.0001471261 	 1.0000903266 	 0.0000000118 	 0.0000000000 
126.0000000000 	 -0.0000357071 	 1.0000958236 	 0.0000000130 	 0.0000000000 
126.2000000000 	 0.0000732695 	 1.0001026749 	 0.0000000141 	 0.0000000000 
126.4000000000 	 0.0001788251 	 1.0001106763 	 0.0000000152 	 0.0000000000 
126.6000000000 	 0.0002800380 	 1.0001196326 	 0.0000000162 	 0.0000000000 
126.8000000000 	 0.0003760513 	 1.0001293594 	 0.0000000172 	 0.0000000000 
127.0000000000 	 0.0004660787 	 1.0001396840 	 0.0000000182 	 0.0000000000 
127.2000000000 	 0.0005494109 	 1.0001504462 	 0.0000000190 	 0.0000000000 
127.4000000000 	 0.0006254203 	 1.0001614979 	 0.0000000198 	 0.0000000000 
127.6000000000 	 0.0006935647 	 1.0001727030 	 0.0000000205 	 0.0000000000 
127.8000000000 	 0.0007533906 	 1.0001839361 	 0.0000000211 	 0.0000000000 
128.0000000000 	 0.0008045352 	 1.0001950816 	 0.0000000217 	 0.0000000000 
128.2000000000 	 0.0008467276 	 1.0002060326 	 0.0000000221 	 0.0000000000 
128.4000000000 	 0.0008797893 	 1.0002166892 	 0.0000000224 	 0.0000000000 
128.6000000000 	 0.0009036332 	 1.0002269574 	 0.0000000227 	 0.0000000000 
128.8000000000 	 0.0009182623 	 1.0002367482 	 0.0000000228 	 0.0000000000 
129.0000000000 	 0.0009237678 	 1.0002459761 	 0.0000000229 	 0.0000000000 
129.2000000000 	 0.0009203253 	 1.0002545590 	 0.0000000229 	 0.0000000000 
129.4000000000 	 0.0009081918 	 1.0002624173 	 0.0000000227 	 0.0000000000 
129.6000000000 	 0.0008877004 	 1.0002694743 	 0.0000000225 	 0.0000000000 
129.8000000000 	 0.0008592560 	 1.0002756560 	 0.0000000222 	 0.0000000000 
130.0000000000 	 0.0008233290 	 1.0002808919 	 0.0000000219 	 0.0000000000 
130.2000000000 	 0.0007804497 	 1.0002851156 	 0.0000000214 	 0.0000000000 
130.4000000000 	 0.0007312013 	 1.0002882662 	 0.0000000209 	 0.0000000000 
130.6000000000 	 0.0006762131 	 1.0002902889 	 0.0000000203 	 0.0000000000 
130.8000000000 	 0.0006161537 	 1.0002911370 	 0.0000000197 	 0.0000000000 
131.0000000000 	 0.0005517232 	 1.0002907728 	 0.0000000191 	 -0.0000000000 
131.2000000000 	 0.0004836457 	 1.0002891690 	 0.0000000183 	 0.0000000000 
131.4000000000 	 0.0004126623 	 1.0002863100 	 0.0000000176 	 -0.0000000000 
131.6000000000 	 0.0003395231 	 1.0002821930 	 0.0000000169 	 -0.0000000000 
131.8000000000 	 0.0002649798 	 1.0002768292 	 0.0000000161 	 -0.0000000000 
132.0000000000 	 0.0001897791 	 1.0002702439 	 0.0000000153 	 -0.0000000000 
132.2000000000 	 0.0001146548 	 1.0002624770 	 0.0000000145 	 -0.0000000000 
132.4000000000 	 0.0000403219 	 1.0002535832 	 0.0000000138 	 -0.0000000000 
132.6000000000 	 -0.0000325304 	 1.0002436318 	 0.0000000130 	 -0.0000000000 
132.8000000000 	 -0.0001032440 	 1.0002327054 	 0.0000000123 	 -0.0000000000 
133.0000000000 	 -0.0001711980 	 1.0002208999 	 0.0000000116 	 -0.0000000000 
133.2000000000 	 -0.0002358131 	 1.0002083221 	 0.0000000109 	 -0.0000000000 
133.4000000000 	 -0.0002965567 	 1.0001950893 	 0.0000000103 	 -0.0000000000 
133.6000000000 	 -0.0003529465 	 1.0001813265 	 0.0000000097 	 -0.0000000000 
133.8000000000 	 -0.0004045536 	 1.0001671652 	 0.0000000092 	 -0.0000000000 
134.0000000000 	 -0.0004510058 	 1.0001527409 	 0.0000000087 	 -0.0000000000 
134.2000000000 	 -0.0004919892 	 1.0001381910 	 0.0000000083 	 -0.0000000000 
134.4000000000 	 -0.0005272503 	 1.0001236527 	 0.0000000079 	 -0.0000000000 
134.6000000000 	 -0.0005565963 	 1.0001092608 	 0.0000000076 	 -0.0000000000 
134.8000000000 	 -0.0005798958 	 1.0000951457 	 0.0000000074 	 -0.0000000000 
135.0000000000 	 -0.0005970784 	 1.0000814314 	 0.0000000072 	 -0.0000000000 
135.2000000000 	 -0.0006081339 	 1.0000682338 	 0.0000000071 	 -0.0000000000 
135.4000000000 	 -0.0006131109 	 1.0000556592 	 0.0000000070 	 -0.0000000000 
135.6000000000 	 -0.0006121145 	 1.0000438031 	 0.0000000070 	 -0.0000000000 
135.8000000000 	 -0.0006053045 	 1.0000327490 	 0.0000000071 	 -0.0000000000 
136.0000000000 	 -0.0005928921 	 1.0000225680 	 0.0000000072 	 -0.0000000000 
136.2000000000 	 -0.0005751366 	 1.0000133178 	 0.0000000074 	 0.0000000000 
136.4000000000 	 -0.0005523417 	 1.0000050433 	 0.0000000077 	 0.0000000000 
136.6000000000 	 -0.0005248517 	 0.9999977757 	 0.0000000079 	 -0.0000000000 
136.8000000000 	 -0.0004930471 	 0.9999915338 	 0.0000000083 	 -0.0000000000 
137.0000000000 	 -0.0004573399 	 0.9999863236 	 0.0000000086 	 0.0000000000 
137.2000000000 	 -0.0004181690 	 0.9999821397 	 0.0000000090 	 0.0000000000 
137.4000000000 	 -0.0003759953 	 0.9999789658 	 0.0000000095 	 0.0000000000 
137.6000000000 	 -0.0003312969 	 0.9999767756 	 0.0000000099 	 0.0000000000 
137.8000000000 	 -0.0002845638 	 0.9999755341 	 0.0000000104 	 0.0000000000 
138.0000000000 	 -0.0002362931 	 0.9999751985 	 0.0000000109 	 0.0000000000 
138.2000000000 	 -0.0001869842 	 0.9999757192 	 0.0000000114 	 0.0000000000 
138.4000000000 	 -0.0001371338 	 0.9999770414 	 0.0000000119 	 0.0000000000 
138.6000000000 	 -0.0000872311 	 0.9999791054 	 0.0000000125 	 0.0000000000 
138.8000000000 	 -0.0000377537 	 0.9999818481 	 0.0000000130 	 0.0000000000 
139.0000000000 	 0.0000108371 	 0.9999852040 	 0.0000000135 	 0.0000000000 
139.2000000000 	 0.0000580999 	 0.9999891056 	 0.0000000140 	 0.0000000000 
139.4000000000 	 0.0001036172 	 0.9999934845 	 0.0000000144 	 0.0000000000 
139.6000000000 	 0.0001469986 	 0.9999982722 	 0.0000000149 	 0.0000000000 
139.8000000000 	 0.0001878840 	 1.0000033999 	 0.0000000153 	 0.0000000000 
140.0000000000 	 0.0002259463 	 1.0000088000 	 0.0000000157 	 0.0000000000 
140.2000000000 	 0.0002608933 	 1.0000144059 	 0.0000000160 	 0.0000000000 
140.4000000000 	 0.0002924702 	 1.0000201523 	 0.0000000164 	 0.0000000000 
140.6000000000 	 0.0003204605 	 1.0000259756 	 0.0000000167 	 0.0000000000 
140.8000000000 	 0.0003446878 	 1.0000318145 	 0.0000000169 	 0.0000000000 
141.0000000000 	 0.0003650156 	 1.0000376094 	 0.0000000171 	 0.0000000000 
141.2000000000 	 0.0003813485 	 1.0000433035 	 0.0000000173 	 0.0000000000 
141.4000000000 	 0.0003936313 	 1.0000488421 	 0.0000000174 	 0.0000000000 
141.6000000000 	 0.0004018490 	 1.0000541733 	 0.0000000175 	 0.0000000000 
141.8000000000 	 0.0004060259 	 1.0000592484 	 0.0000000175 	 0.0000000000 
142.0000000000 	 0.0004062239 	 1.0000640213 	 0.0000000175 	 0.0000000000 
142.2000000000 	 0.0004025418 	 1.0000684494 	 0.0000000175 	 0.0000000000 
142.4000000000 	 0.0003951125 	 1.0000724936 	 0.0000000174 	 0.0000000000 
142.6000000000 	 0.0003841016 	 1.0000761185 	 0.0000000173 	 0.0000000000 
142.8000000000 	 0.0003697046 	 1.0000792927 	 0.0000000172 	 -0.0000000000 
143.0000000000 	 0.0003521444 	 1.0000819889 	 0.0000000170 	 -0.0000000000 
143.2000000000 	 0.0003316685 	 1.0000841846 	 0.0000000168 	 -0.0000000000 
143.4000000000 	 0.0003085459 	 1.0000858616 	 0.0000000165 	 -0.0000000000 
143.6000000000 	 0.0002830641 	 1.0000870069 	 0.0000000163 	 -0.0000000000 
143.8000000000 	 0.0002555259 	 1.0000876125 	 0.0000000160 	 -0.0000000000 
144.0000000000 	 0.0002262462 	 1.0000876754 	 0.0000000157 	 -0.0000000000 
144.2000000000 	 0.0001955482 	 1.0000871984 	 0.0000000154 	 -0.0000000000 
144.4000000000 	 0.0001637608 	 1.0000861890 	 0.0000000150 	 -0.0000000000 
144.6000000000 	 0.0001312149 	 1.0000846605 	 0.0000000147 	 -0.0000000000 
144.8000000000 	 0.0000982403 	 1.0000826310 	 0.0000000144 	 -0.0000000000 
145.0000000000 	 0.0000651624 	 1.0000801238 	 0.0000000140 	 -0.0000000000 
145.2000000000 	 0.0000322996 	 1.0000771667 	 0.0000000137 	 -0.0000000000 
145.4000000000 	 -0.0000000401 	 1.0000737923 	 0.0000000134 	 -0.0000000000 
145.6000000000 	 -0.0000315612 	 1.0000700367 	 0.0000000130 	 -0.0000000000 
145.8000000000 	 -0.0000619835 	 1.0000659401 	 0.0000000127 	 -0.0000000000 
146.0000000000 	 -0.0000910447 	 1.0000615453 	 0.0000000124 	 -0.0000000000 
146.2000000000 	 -0.0001185017 	 1.0000568979 	 0.0000000121 	 -0.0000000000 
146.4000000000 	 -0.0001441332 	 1.0000520453 	 0.0000000119 	 -0.0000000000 
146.6000000000 	 -0.0001677408 	 1.0000470364 	 0.0000000116 	 -0.0000000000 
146.8000000000 	 -0.0001891504 	 1.0000419206 	 0.0000000114 	 -0.0000000000 
147.0000000000 	 -0.0002082132 	 1.0000367476 	 0.0000000112 	 -0.0000000000 
147.2000000000 	 -0.0002248069 	 1.0000315664 	 0.0000000110 	 -0.0000000000 
147.4000000000 	 -0.0002388355 	 1.0000264250 	 0.0000000109 	 -0.0000000000 
147.6000000000 	 -0.0002502302 	 1.0000213699 	 0.0000000108 	 -0.0000000000 
147.8000000000 	 -0.0002589489 	 1.0000164450 	 0.0000000107 	 -0.0000000000 
148.0000000000 	 -0.0002649762 	 1.0000116921 	 0.0000000106 	 -0.0000000000 
148.2000000000 	 -0.0002683228 	 1.0000071494 	 0.0000000106 	 -0.0000000000 
148.4000000000 	 -0.0002690245 	 1.0000028522 	 0.0000000106 	 -0.0000000000 
148.6000000000 	 -0.0002671418 	 0.9999988317 	 0.0000000106 	 -0.0000000000 
148.8000000000 	 -0.0002627580 	 0.9999951155 	 0.0000000106 	 -0.0000000000 
149.0000000000 	 -0.0002559785 	 0.9999917268 	 0.0000000107 	 -0.0000000000 
149.2000000000 	 -0.0002469286 	 0.9999886849 	 0.0000000108 	 -0.0000000000 
149.4000000000 	 -0.0002357523 	 0.9999860047 	 0.0000000109 	 -0.0000000000 
149.6000000000 	 -0.0002226101 	 0.9999836969 	 0.0000000111 	 -0.0000000000 
149.8000000000 	 -0.0002076773 	 0.9999817682 	 0.0000000112 	 -0.0000000000 
150.0000000000 	 -0.0001911418 	 0.9999802213 	 0.0000000114 	 -0.0000000000 
150.2000000000 	 -0.0001732020 	 0.9999790548 	 0.0000000116 	 -0.0000000000 
150.4000000000 	 -0.0001540649 	 0.9999782638 	 0.0000000118 	 -0.0000000000 
150.6000000000 	 -0.0001339433 	 0.9999778402 	 0.0000000120 	 -0.0000000000 
150.8000000000 	 -0.0001130543 	 0.9999777724 	 0.0000000122 	 -0.0000000000 
151.0000000000 	 -0.0000916168 	 0.9999780461 	 0.0000000124 	 -0.0000000000 
151.2000000000 	 -0.0000698492 	 0.9999786443 	 0.0000000126 	 0.0000000000 
151.4000000000 	 -0.0000479677 	 0.9999795477 	 0.0000000129 	 0.0000000000 
151.6000000000 	 -0.0000261840 	 0.9999807349 	 0.0000000131 	 0.0000000000 
151.8000000000 	 -0.0000047035 	 0.9999821829 	 0.0000000133 	 0.0000000000 
152.0000000000 	 0.0000162765 	 0.9999838671 	 0.0000000135 	 0.0000000000 
152.2000000000 	 0.0000365685 	 0.9999857618 	 0.0000000137 	 0.0000000000 
152.4000000000 	 0.0000559962 	 0.9999878403 	 0.0000000139 	 0.0000000000 
152.6000000000 	 0.0000743962 	 0.9999900752 	 0.0000000141 	 0.0000000000 
152.8000000000 	 0.0000916190 	 0.9999924389 	 0.0000000143 	 0.0000000000 
153.0000000000 	 0.0001075301 	 0.9999949033 	 0.0000000145 	 0.0000000000 
153.2000000000 	 0.0001220110 	 0.9999974408 	 0.0000000146 	 0.0000000000 
153.4000000000 	 0.0001349598 	 1.0000000236 	 0.0000000147 	 0.0000000000 
153.6000000000 	 0.0001462918 	 1.0000026246 	 0.0000000149 	 0.0000000000 
153.8000000000 	 0.0001559400 	 1.0000052174 	 0.0000000150 	 0.0000000000 
154.0000000000 	 0.0001638550 	 1.0000077764 	 0.0000000150 	 0.0000000000 
154.2000000000 	 0.0001700054 	 1.0000102770 	 0.0000000151 	 0.0000000000 
154.4000000000 	 0.0001743774 	 1.0000126957 	 0.0000000152 	 0.0000000000 
154.6000000000 	 0.0001769744 	 1.0000150106 	 0.0000000152 	 0.0000000000 
154.8000000000 	 0.0001778167 	 1.0000172011 	 0.0000000152 	 0.0000000000 
155.0000000000 	 0.0001769409 	 1.0000192483 	 0.0000000152 	 0.0000000000 
155.2000000000 	 0.0001743991 	 1.0000211349 	 0.0000000152 	 0.0000000000 
155.4000000000 	 0.0001702579 	 1.0000228458 	 0.0000000151 	 0.0000000000 
155.6000000000 	 0.0001645974 	 1.0000243675 	 0.0000000151 	 0.0000000000 
155.8000000000 	 0.0001575104 	 1.0000256889 	 0.0000000150 	 0.0000000000 
156.0000000000 	 0.0001491009 	 1.0000268007 	 0.0000000149 	 0.0000000000 
156.2000000000 	 0.0001394826 	 1.0000276960 	 0.0000000148 	 0.0000000000 
156.4000000000 	 0.0001287781 	 1.0000283701 	 0.0000000147 	 0.0000000000 
156.6000000000 	 0.0001171173 	 1.0000288203 	 0.0000000146 	 0.0000000000 
156.8000000000 	 0.0001046358 	 1.0000290464 	 0.0000000144 	 0.0000000000 
157.0000000000 	 0.0000914736 	 1.0000290502 	 0.0000000143 	 0.0000000000 
157.2000000000 	 0.0000777737 	 1.0000288358 	 0.0000000142 	 0.0000000000 
157.4000000000 	 0.0000636805 	 1.0000284091 	 0.0000000140 	 0.0000000000 
157.6000000000 	 0.0000493384 	 1.0000277782 	 0.0000000139 	 0.0000000000 
157.8000000000 	 0.0000348909 	 1.0000269530 	 0.0000000137 	 0.0000000000 
158.0000000000 	 0.0000204783 	 1.0000259451 	 0.0000000136 	 0.0000000000 
158.2000000000 	 0.0000062375 	 1.0000247677 	 0.0000000134 	 -0.0000000000 
158.4000000000 	 -0.0000077001 	 1.0000234354 	 0.0000000133 	 -0.0000000000 
158.6000000000 	 -0.0000212091 	 1.0000219640 	 0.0000000131 	 -0.0000000000 
158.8000000000 	 -0.0000341716 	 1.0000203703 	 0.0000000130 	 -0.0000000000 
159.0000000000 	 -0.0000464777 	 1.0000186721 	 0.0000000129 	 -0.0000000000 
159.2000000000 	 -0.0000580267 	 1.0000168877 	 0.0000000128 	 -0.0000000000 
159.4000000000 	 -0.0000687276 	 1.0000150357 	 0.0000000126 	 -0.0000000000 
159.6000000000 	 -0.0000784999 	 1.0000131352 	 0.0000000125 	 -0.0000000000 
159.8000000000 	 -0.0000872741 	 1.0000112051 	 0.0000000125 	 -0.0000000000 
160.0000000000 	 -0.0000949918 	 1.0000092641 	 0.0000000124 	 -0.0000000000 
160.2000000000 	 -0.0001016063 	 1.0000073306 	 0.0000000123 	 -0.0000000000 
160.4000000000 	 -0.0001070825 	 1.0000054223 	 0.0000000122 	 -0.0000000000 
160.6000000000 	 -0.0001113973 	 1.0000035562 	 0.0000000122 	 -0.0000000000 
160.8000000000 	 -0.0001145390 	 1.0000017484 	 0.0000000122 	 -0.0000000000 
161.0000000000 	 -0.0001165076 	 1.0000000141 	 0.0000000122 	 -0.0000000000 
161.2000000000 	 -0.0001173143 	 0.9999983670 	 0.0000000121 	 -0.0000000000 
161.4000000000 	 -0.0001169808 	 0.9999968197 	 0.0000000121 	 -0.0000000000 
161.6000000000 	 -0.0001155396 	 0.9999953836 	 0.0000000122 	 -0.0000000000 
161.8000000000 	 -0.0001130326 	 0.9999940683 	 0.0000000122 	 -0.0000000000 
162.0000000000 	 -0.0001095109 	 0.9999928822 	 0.0000000122 	 -0.0000000000 
162.2000000000 	 -0.0001050341 	 0.9999918321 	 0.0000000123 	 -0.0000000000 
162.4000000000 	 -0.0000996693 	 0.9999909232 	 0.0000000123 	 -0.0000000000 
162.6000000000 	 -0.0000934903 	 0.9999901593 	 0.0000000124 	 -0.0000000000 
162.8000000000 	 -0.0000865768 	 0.9999895425 	 0.0000000125 	 -0.0000000000 
163.0000000000 	 -0.0000790137 	 0.9999890737 	 0.0000000125 	 -0.0000000000 
163.2000000000 	 -0.0000708897 	 0.9999887520 	 0.0000000126 	 -0.0000000000 
163.4000000000 	 -0.0000622966 	 0.9999885755 	 0.0000000127 	 -0.0000000000 
163.6000000000 	 -0.0000533285 	 0.9999885407 	 0.0000000128 	 -0.0000000000 
163.8000000000 	 -0.0000440805 	 0.9999886431 	 0.0000000129 	 -0.0000000000 
164.0000000000 	 -0.0000346481 	 0.9999888769 	 0.0000000130 	 -0.0000000000 
164.2000000000 	 -0.0000251260 	 0.9999892354 	 0.0000000131 	 -0.0000000000 
164.4000000000 	 -0.0000156073 	 0.9999897108 	 0.0000000132 	 -0.0000000000 
164.6000000000 	 -0.0000061829 	 0.9999902946 	 0.0000000133 	 -0.0000000000 
164.8000000000 	 0.0000030597 	 0.9999909775 	 0.0000000134 	 0.0000000000 
165.0000000000 	 0.0000120369 	 0.9999917496 	 0.0000000135 	 0.0000000000 
165.2000000000 	 0.0000206698 	 0.9999926005 	 0.0000000136 	 0.0000000000 
165.4000000000 	 0.0000288848 	 0.9999935193 	 0.0000000137 	 0.0000000000 
165.6000000000 	 0.0000366142 	 0.9999944949 	 0.0000000137 	 0.0000000000 
165.8000000000 	 0.0000437966 	 0.9999955159 	 0.0000000138 	 0.0000000000 
166.0000000000 	 0.0000503775 	 0.9999965711 	 0.0000000139 	 0.0000000000 
166.2000000000 	 0.0000563093 	 0.9999976489 	 0.0000000139 	 0.0000000000 
166.4000000000 	 0.0000615521 	 0.9999987382 	 0.0000000140 	 0.0000000000 
166.6000000000 	 0.0000660734 	 0.9999998280 	 0.0000000140 	 0.0000000000 
166.8000000000 	 0.0000698485 	 1.0000009074 	 0.0000000141 	 0.0000000000 
167.0000000000 	 0.0000728605 	 1.0000019661 	 0.0000000141 	 0.0000000000 
167.2000000000 	 0.0000751001 	 1.0000029944 	 0.0000000141 	 0.0000000000 
167.4000000000 	 0.0000765657 	 1.0000039829 	 0.0000000141 	 0.0000000000 
167.6000000000 	 0.0000772632 	 1.0000049228 	 0.0000000142 	 0.0000000000 
167.8000000000 	 0.0000772054 	 1.0000058064 	 0.0000000142 	 0.0000000000 
168.0000000000 	 0.0000764123 	 1.0000066263 	 0.0000000141 	 0.0000000000 
168.2000000000 	 0.0000749103 	 1.0000073760 	 0.0000000141 	 0.0000000000 
168.4000000000 	 0.0000727318 	 1.0000080500 	 0.0000000141 	 0.0000000000 
168.6000000000 	 0.0000699150 	 1.0000086435 	 0.0000000141 	 0.0000000000 
168.8000000000 	 0.0000665030 	 1.0000091527 	 0.0000000140 	 0.0000000000 
169.0000000000 	 0.0000625438 	 1.0000095746 	 0.0000000140 	 0.0000000000 
169.2000000000 	 0.0000580889 	 1.0000099072 	 0.0000000140 	 0.0000000000 
169.4000000000 	 0.0000531938 	 1.0000101493 	 0.0000000139 	 0.0000000000 
169.6000000000 	 0.0000479164 	 1.0000103008 	 0.0000000138 	 0.0000000000 
169.8000000000 	 0.0000423168 	 1.0000103623 	 0.0000000138 	 0.0000000000 
170.0000000000 	 0.0000364567 	 1.0000103353 	 0.0000000137 	 -0.0000000000 
170.2000000000 	 0.0000303989 	 1.0000102222 	 0.0000000137 	 -0.0000000000 
170.4000000000 	 0.0000242060 	 1.0000100262 	 0.0000000136 	 -0.0000000000 
170.6000000000 	 0.0000179408 	 1.0000097510 	 0.0000000135 	 -0.0000000000 
170.8000000000 	 0.0000116649 	 1.0000094012 	 0.0000000135 	 -0.0000000000 
171.0000000000 	 0.0000054385 	 1.0000089819 	 0.0000000134 	 -0.0000000000 
171.2000000000 	 -0.0000006803 	 1.0000084988 	 0.0000000133 	 -0.0000000000 
171.4000000000 	 -0.0000066358 	 1.0000079581 	 0.0000000133 	 -0.0000000000 
171.6000000000 	 -0.0000123754 	 1.0000073664 	 0.0000000132 	 -0.0000000000 
171.8000000000 	 -0.0000178498 	 1.0000067305 	 0.0000000132 	 -0.0000000000 
172.0000000000 	 -0.0000230134 	 1.0000060576 	 0.0000000131 	 -0.0000000000 
172.2000000000 	 -0.0000278251 	 1.0000053550 	 0.0000000131 	 -0.0000000000 
172.4000000000 	 -0.0000322479 	 1.0000046301 	 0.0000000130 	 -0.0000000000 
172.6000000000 	 -0.0000362495 	 1.0000038903 	 0.0000000130 	 -0.0000000000 
172.8000000000 	 -0.0000398025 	 1.0000031430 	 0.0000000129 	 -0.0000000000 
173.0000000000 	 -0.0000428845 	 1.0000023954 	 0.0000000129 	 -0.0000000000 
173.2000000000 	 -0.0000454783 	 1.0000016545 	 0.0000000129 	 -0.0000000000 
173.4000000000 	 -0.0000475714 	 1.0000009270 	 0.0000000129 	 -0.0000000000 
173.6000000000 	 -0.0000491569 	 1.0000002196 	 0.0000000128 	 -0.0000000000 
173.8000000000 	 -0.0000502325 	 0.9999995381 	 0.0000000128 	 -0.0000000000 
174.0000000000 	 -0.0000508011 	 0.9999988882 	 0.0000000128 	 -0.0000000000 
174.2000000000 	 -0.0000508703 	 0.9999982751 	 0.0000000128 	 -0.0000000000 
174.4000000000 	 -0.0000504521 	 0.9999977035 	 0.0000000128 	 0.0000000000 
174.6000000000 	 -0.0000495632 	 0.9999971774 	 0.0000000128 	 0.0000000000 
174.8000000000 	 -0.0000482241 	 0.9999967005 	 0.0000000129 	 0.0000000000 
175.0000000000 	 -0.0000464590 	 0.9999962758 	 0.0000000129 	 0.0000000000 
175.2000000000 	 -0.0000442959 	 0.9999959055 	 0.0000000129 	 0.0000000000 
175.4000000000 	 -0.0000417655 	 0.9999955916 	 0.0000000129 	 0.0000000000 
175.6000000000 	 -0.0000389014 	 0.9999953352 	 0.0000000130 	 0.0000000000 
175.8000000000 	 -0.0000357396 	 0.9999951371 	 0.0000000130 	 0.0000000000 
176.0000000000 	 -0.0000323179 	 0.9999949971 	 0.0000000130 	 0.0000000000 
176.2000000000 	 -0.0000286755 	 0.9999949150 	 0.0000000131 	 0.0000000000 
176.4000000000 	 -0.0000248530 	 0.9999948895 	 0.0000000131 	 0.0000000000 
176.6000000000 	 -0.0000208915 	 0.9999949192 	 0.0000000131 	 0.0000000000 
176.8000000000 	 -0.0000168322 	 0.9999950022 	 0.0000000132 	 0.0000000000 
177.0000000000 	 -0.0000127166 	 0.9999951358 	 0.0000000132 	 0.0000000000 
177.2000000000 	 -0.0000085854 	 0.9999953173 	 0.0000000133 	 0.0000000000 
177.4000000000 	 -0.0000044783 	 0.9999955435 	 0.0000000133 	 0.0000000000 
177.6000000000 	 -0.0000004340 	 0.9999958108 	 0.0000000134 	 0.0000000000 
177.8000000000 	 0.0000035105 	 0.9999961153 	 0.0000000134 	 0.0000000000 
178.0000000000 	 0.0000073202 	 0.9999964530 	 0.0000000134 	 0.0000000000 
178.2000000000 	 0.0000109621 	 0.9999968196 	 0.0000000135 	 0.0000000000 
178.4000000000 	 0.0000144058 	 0.9999972108 	 0.0000000135 	 0.0000000000 
178.6000000000 	 0.0000176235 	 0.9999976219 	 0.0000000135 	 0.0000000000 
178.8000000000 	 0.0000205903 	 0.9999980484 	 0.0000000136 	 0.0000000000 
179.0000000000 	 0.0000232843 	 0.9999984857 	 0.0000000136 	 0.0000000000 
179.2000000000 	 0.0000256868 	 0.9999989293 	 0.0000000136 	 0.0000000000 
179.4000000000 	 0.0000277824 	 0.9999993746 	 0.0000000136 	 0.0000000000 
179.6000000000 	 0.0000295589 	 0.9999998173 	 0.0000000137 	 0.0000000000 
179.8000000000 	 0.0000310076 	 1.0000002532 	 0.0000000137 	 0.0000000000 
180.0000000000 	 0.0000321231 	 1.0000006781 	 0.0000000137 	 0.0000000000 
180.2000000000 	 0.0000329033 	 1.0000010883 	 0.0000000137 	 0.0000000000 
180.4000000000 	 0.0000333494 	 1.0000014801 	 0.0000000137 	 0.0000000000 
180.6000000000 	 0.0000334657 	 1.0000018503 	 0.0000000137 	 0.0000000000 
180.8000000000 	 0.0000332595 	 1.0000021958 	 0.0000000137 	 -0.0000000000 
181.0000000000 	 0.0000327413 	 1.0000025139 	 0.0000000137 	 -0.0000000000 
181.2000000000 	 0.0000319238 	 1.0000028023 	 0.0000000137 	 -0.0000000000 
181.4000000000 	 0.0000308227 	 1.0000030590 	 0.0000000137 	 -0.0000000000 
181.6000000000 	 0.0000294557 	 1.0000032823 	 0.0000000137 	 -0.0000000000 
181.8000000000 	 0.0000278427 	 1.0000034709 	 0.0000000136 	 -0.0000000000 
182.0000000000 	 0.0000260055 	 1.0000036239 	 0.0000000136 	 -0.0000000000 
182.2000000000 	 0.0000239673 	 1.0000037408 	 0.0000000136 	 -0.0000000000 
182.4000000000 	 0.0000217528 	 1.0000038213 	 0.0000000136 	 -0.0000000000 
182.6000000000 	 0.0000193877 	 1.0000038657 	 0.0000000136 	 -0.0000000000 
182.8000000000 	 0.0000168985 	 1.0000038743 	 0.0000000135 	 -0.0000000000 
183.0000000000 	 0.0000143120 	 1.0000038482 	 0.0000000135 	 -0.0000000000 
183.2000000000 	 0.0000116555 	 1.0000037885 	 0.0000000135 	 -0.0000000000 
183.4000000000 	 0.0000089561 	 1.0000036965 	 0.0000000134 	 -0.0000000000 
183.6000000000 	 0.0000062408 	 1.0000035741 	 0.0000000134 	 -0.0000000000 
183.8000000000 	 0.0000035358 	 1.0000034231 	 0.0000000134 	 -0.0000000000 
184.0000000000 	 0.0000008667 	 1.0000032458 	 0.0000000134 	 -0.0000000000 
184.2000000000 	 -0.0000017419 	 1.0000030446 	 0.0000000133 	 -0.0000000000 
184.4000000000 	 -0.0000042667 	 1.0000028220 	 0.0000000133 	 -0.0000000000 
184.6000000000 	 -0.0000066857 	 1.0000025808 	 0.0000000133 	 -0.0000000000 
184.8000000000 	 -0.0000089786 	 1.0000023236 	 0.0000000133 	 -0.0000000000 
185.0000000000 	 -0.0000111267 	 1.0000020534 	 0.0000000132 	 -0.0000000000 
185.2000000000 	 -0.0000131132 	 1.0000017731 	 0.0000000132 	 -0.0000000000 
185.4000000000 	 -0.0000149235 	 1.0000014856 	 0.0000000132 	 -0.0000000000 
185.6000000000 	 -0.0000165446 	 1.0000011938 	 0.0000000132 	 -0.0000000000 
185.8000000000 	 -0.0000179660 	 1.0000009007 	 0.0000000132 	 -0.0000000000 
186.0000000000 	 -0.0000191793 	 1.0000006091 	 0.0000000132 	 -0.0000000000 
186.2000000000 	 -0.0000201782 	 1.0000003216 	 0.0000000131 	 -0.0000000000 
186.4000000000 	 -0.0000209588 	 1.0000000408 	 0.0000000131 	 -0.0000000000 
186.6000000000 	 -0.0000215192 	 0.9999997693 	 0.0000000131 	 -0.0000000000 
186.8000000000 	 -0.0000218597 	 0.9999995093 	 0.0000000131 	 -0.0000000000 
187.0000000000 	 -0.0000219829 	 0.9999992629 	 0.0000000131 	 -0.0000000000 
187.2000000000 	 -0.0000218929 	 0.9999990322 	 0.0000000131 	 -0.0000000000 
187.4000000000 	 -0.0000215964 	 0.9999988187 	 0.0000000131 	 -0.0000000000 
187.6000000000 	 -0.0000211013 	 0.9999986241 	 0.0000000131 	 -0.0000000000 
187.8000000000 	 -0.0000204176 	 0.9999984497 	 0.0000000131 	 -0.0000000000 
188.0000000000 	 -0.0000195566 	 0.9999982964 	 0.0000000132 	 -0.0000000000 
188.2000000000 	 -0.0000185312 	 0.9999981652 	 0.0000000132 	 -0.0000000000 
188.4000000000 	 -0.0000173553 	 0.9999980565 	 0.0000000132 	 -0.0000000000 
188.6000000000 	 -0.0000160440 	 0.9999979709 	 0.0000000132 	 -0.0000000000 
188.8000000000 	 -0.0000146135 	 0.9999979084 	 0.0000000132 	 -0.0000000000 
189.0000000000 	 -0.0000130803 	 0.9999978689 	 0.0000000132 	 0.0000000000 
189.2000000000 	 -0.0000114619 	 0.9999978521 	 0.0000000132 	 0.0000000000 
189.4000000000 	 -0.0000097758 	 0.9999978575 	 0.0000000133 	 0.0000000000 
189.6000000000 	 -0.0000080399 	 0.9999978844 	 0.0000000133 	 0.0000000000 
189.8000000000 	 -0.0000062721 	 0.9999979320 	 0.0000000133 	 0.0000000000 
190.0000000000 	 -0.0000044900 	 0.9999979990 	 0.0000000133 	 0.0000000000 
190.2000000000 	 -0.0000027110 	 0.9999980844 	 0.0000000133 	 0.0000000000 
190.4000000000 	 -0.0000009521 	 0.9999981867 	 0.0000000133 	 0.0000000000 
190.6000000000 	 0.0000007705 	 0.9999983045 	 0.0000000134 	 0.0000000000 
190.8000000000 	 0.0000024413 	 0.9999984362 	 0.0000000134 	 -0.0000000000 
191.0000000000 	 0.0000040456 	 0.9999985801 	 0.0000000134 	 -0.0000000000 
191.2000000000 	 0.0000055699 	 0.9999987344 	 0.0000000134 	 0.0000000000 
191.4000000000 	 0.0000070017 	 0.9999988974 	 0.0000000134 	 0.0000000000 
191.6000000000 	 0.0000083296 	 0.9999990674 	 0.0000000134 	 0.0000000000 
191.8000000000 	 0.0000095438 	 0.9999992423 	 0.0000000135 	 0.0000000000 
192.0000000000 	 0.0000106355 	 0.9999994204 	 0.0000000135 	 0.0000000000 
192.2000000000 	 0.0000115974 	 0.9999995998 	 0.0000000135 	 0.0000000000 
192.4000000000 	 0.0000124238 	 0.9999997789 	 0.0000000135 	 0.0000000000 
192.6000000000 	 0.0000131103 	 0.9999999559 	 0.0000000135 	 0.0000000000 
192.8000000000 	 0.0000136539 	 1.0000001290 	 0.0000000135 	 0.0000000000 
193.0000000000 	 0.0000140531 	 1.0000002969 	 0.0000000135 	 0.0000000000 
193.2000000000 	 0.0000143078 	 1.0000004579 	 0.0000000135 	 0.0000000000 
193.4000000000 	 0.0000144194 	 1.0000006108 	 0.0000000135 	 0.0000000000 
193.6000000000 	 0.0000143904 	 1.0000007542 	 0.0000000135 	 0.0000000000 
193.8000000000 	 0.0000142248 	 1.0000008871 	 0.0000000135 	 0.0000000000 
194.0000000000 	 0.0000139277 	 1.0000010084 	 0.0000000135 	 0.0000000000 
194.2000000000 	 0.0000135053 	 1.0000011173 	 0.0000000135 	 0.0000000000 
194.4000000000 	 0.0000129650 	 1.0000012130 	 0.0000000135 	 0.0000000000 
194.6000000000 	 0.0000123148 	 1.0000012951 	 0.0000000135 	 0.0000000000 
194.8000000000 	 0.0000115638 	 1.0000013631 	 0.0000000135 	 0.0000000000 
195.0000000000 	 0.0000107219 	 1.0000014168 	 0.0000000135 	 0.0000000000 
195.2000000000 	 0.0000097994 	 1.0000014559 	 0.0000000135 	 0.0000000000 
195.4000000000 	 0.0000088072 	 1.0000014806 	 0.0000000134 	 0.0000000000 
195.6000000000 	 0.0000077566 	 1.0000014909 	 0.0000000134 	 0.0000000000 
195.8000000000 	 0.0000066591 	 1.0000014872 	 0.0000000134 	 0.0000000000 
196.0000000000 	 0.0000055265 	 1.0000014699 	 0.0000000134 	 0.0000000000 
196.2000000000 	 0.0000043703 	 1.0000014395 	 0.0000000134 	 0.0000000000 
196.4000000000 	 0.0000032024 	 1.0000013967 	 0.0000000134 	 0.0000000000 
196.6000000000 	 0.0000020340 	 1.0000013422 	 0.0000000134 	 -0.0000000000 
196.8000000000 	 0.0000008765 	 1.0000012768 	 0.0000000134 	 -0.0000000000 
197.0000000000 	 -0.0000002594 	 1.0000012015 	 0.0000000134 	 -0.0000000000 
197.2000000000 	 -0.0000013635 	 1.0000011173 	 0.0000000133 	 -0.0000000000 
197.4000000000 	 -0.0000024260 	 1.0000010251 	 0.0000000133 	 -0.0000000000 
197.6000000000 	 -0.0000034378 	 1.0000009262 	 0.0000000133 	 -0.0000000000 
197.8000000000 	 -0.0000043907 	 1.0000008216 	 0.0000000133 	 -0.0000000000 
198.0000000000 	 -0.0000052769 	 1.0000007126 	 0.0000000133 	 -0.0000000000 
198.2000000000 	 -0.0000060899 	 1.0000006002 	 0.0000000133 	 -0.0000000000 
198.4000000000 	 -0.0000068237 	 1.0000004856 	 0.0000000133 	 -0.0000000000 
198.6000000000 	 -0.0000074733 	 1.0000003699 	 0.0000000133 	 0.0000000000 
198.8000000000 	 -0.0000080348 	 1.0000002544 	 0.0000000133 	 0.0000000000 
199.0000000000 	 -0.0000085051 	 1.0000001401 	 0.0000000133 	 0.0000000000 
199.2000000000 	 -0.0000088819 	 1.0000000279 	 0.0000000133 	 0.0000000000 
199.4000000000 	 -0.0000091643 	 0.9999999191 	 0.0000000133 	 0.0000000000 
199.6000000000 	 -0.0000093518 	 0.9999998144 	 0.0000000133 	 0.0000000000 
199.8000000000 	 -0.0000094452 	 0.9999997148 	 0.0000000133 	 0.0000000000 
