0.0000000000 	 1.0000000000 	 1082530.2553348073 	 0.0000000136 	 0.0000000000 
0.5000000000 	 0.9815059477 	 297453.0289886467 	 0.0000000134 	 0.0000000000 
1.0000000000 	 0.9681008701 	 306282.8440742844 	 0.0000000132 	 0.0000000000 
1.5000000000 	 0.9458089198 	 310950.6046153886 	 0.0000000129 	 0.0000000000 
2.0000000000 	 0.9148879450 	 311252.4301498352 	 0.0000000125 	 0.0000000000 
2.5000000000 	 0.8756879961 	 307185.8332633860 	 0.0000000119 	 0.0000000000 
3.0000000000 	 0.8286472445 	 298944.2855763917 	 0.0000000113 	 0.0000000000 
3.5000000000 	 0.7742864694 	 286902.7012762381 	 0.0000000105 	 0.0000000000 
4.0000000000 	 0.7132023052 	 271594.9188289412 	 0.0000000097 	 0.0000000000 
4.5000000000 	 0.6460595019 	 253684.6498617638 	 0.0000000088 	 0.0000000000 
5.0000000000 	 0.5735824860 	 233931.6186504785 	 0.0000000078 	 0.0000000000 
5.5000000000 	 0.4965464971 	 213154.7303227435 	 0.0000000068 	 0.0000000000 
6.0000000000 	 0.4157685382 	 192194.0957480066 	 0.0000000057 	 0.0000000000 
6.5000000000 	 0.3320983163 	 171873.6333333930 	 0.0000000045 	 0.0000000000 
7.0000000000 	 0.2464092793 	 152965.7965465090 	 0.0000000034 	 0.0000000000 
7.5000000000 	 0.1595897906 	 136159.7697114183 	 0.0000000022 	 0.0000000000 
8.0000000000 	 0.0725344307 	 122034.2554197775 	 0.0000000010 	 0.0000000000 
8.5000000000 	 -0.0138646188 	 111035.7557653207 	 -0.0000000002 	 0.0000000000 
9.0000000000 	 -0.0987261627 	 103463.0285424384 	 -0.0000000013 	 0.0000000000 
9.5000000000 	 -0.1811885948 	 99458.1742795400 	 -0.0000000025 	 0.0000000000 
10.0000000000 	 -0.2604185309 	 99004.5744871481 	 -0.0000000035 	 0.0000000000 
10.5000000000 	 -0.3356194462 	 101931.6514071950 	 -0.0000000046 	 0.0000000000 
11.0000000000 	 -0.4060402467 	 107926.1555253822 	 -0.0000000055 	 0.0000000000 
11.5000000000 	 -0.4709836587 	 116549.4163160178 	 -0.0000000064 	 0.0000000000 
12.0000000000 	 -0.5298142848 	 127259.7276511074 	 -0.0000000072 	 0.0000000000 
12.5000000000 	 -0.5819661506 	 139438.8002455588 	 -0.0000000079 	 0.0000000000 
13.0000000000 	 -0.6269495605 	 152421.0194659459 	 -0.0000000085 	 0.0000000000 
13.5000000000 	 -0.6643570850 	 165524.1160159081 	 -0.0000000090 	 0.0000000000 
14.0000000000 	 -0.6938685322 	 178079.8027706335 	 -0.0000000094 	 0.0000000000 
14.5000000000 	 -0.7152547832 	 189462.9592442757 	 -0.0000000097 	 0.0000000000 
15.0000000000 	 -0.7283804184 	 199118.0533447750 	 -0.0000000099 	 0.0000000000 
15.5000000000 	 -0.7332050992 	 206581.6680884945 	 -0.0000000100 	 0.0000000000 
16.0000000000 	 -0.7297837111 	 211500.2325383768 	 -0.0000000099 	 0.0000000000 
16.5000000000 	 -0.7182653013 	 213642.3225799089 	 -0.0000000098 	 0.0000000000 
17.0000000000 	 -0.6988908677 	 212905.1780035014 	 -0.0000000095 	 0.0000000000 
17.5000000000 	 -0.6719900657 	 209315.3610365895 	 -0.0000000092 	 0.0000000000 
18.0000000000 	 -0.6379769026 	 203023.7430138336 	 -0.0000000087 	 0.0000000000 
18.5000000000 	 -0.5973444868 	 194295.2410006357 	 -0.0000000081 	 0.0000000000 
19.0000000000 	 -0.5506588928 	 183493.9281387626 	 -0.0000000075 	 0.0000000000 
19.5000000000 	 -0.4985521995 	 171064.3073057317 	 -0.0000000068 	 0.0000000000 
20.0000000000 	 -0.4417147567 	 157509.6651001583 	 -0.0000000060 	 0.0000000000 
20.5000000000 	 -0.3808867389 	 143368.5122051774 	 -0.0000000052 	 0.0000000000 
21.0000000000 	 -0.3168490549 	 129190.1653863730 	 -0.0000000043 	 0.0000000000 
21.5000000000 	 -0.2504136969 	 115510.5354245953 	 -0.0000000034 	 0.0000000000 
22.0000000000 	 -0.1824136289 	 102829.1537563903 	 -0.0000000025 	 0.0000000000 
22.5000000000 	 -0.1136923377 	 91588.3980116337 	 -0.0000000015 	 0.0000000000 
23.0000000000 	 -0.0450931865 	 82155.7651528212 	 -0.0000000006 	 -0.0000000000 
23.5000000000 	 0.0225512741 	 74809.8932599129 	 0.0000000003 	 -0.0000000000 
24.0000000000 	 0.0884298691 	 69730.8553492491 	 0.0000000012 	 -0.0000000000 
24.5000000000 	 0.1517630686 	 66995.0486382986 	 0.0000000021 	 -0.0000000000 
25.0000000000 	 0.2118127980 	 66574.7903394810 	 0.0000000029 	 -0.0000000000 
25.5000000000 	 0.2678916343 	 68342.5174026665 	 0.0000000036 	 -0.0000000000 
26.0000000000 	 0.3193712497 	 72079.2835219107 	 0.0000000043 	 -0.0000000000 
26.5000000000 	 0.3656899830 	 77487.0623334251 	 0.0000000050 	 -0.0000000000 
27.0000000000 	 0.4063594393 	 84204.2092597234 	 0.0000000055 	 -0.0000000000 
27.5000000000 	 0.4409700370 	 91823.3119292423 	 0.0000000060 	 -0.0000000000 
28.0000000000 	 0.4691954371 	 99910.5741185054 	 0.0000000064 	 -0.0000000000 
28.5000000000 	 0.4907958061 	 108025.8324301221 	 0.0000000067 	 -0.0000000000 
29.0000000000 	 0.5056198737 	 115742.2984769168 	 0.0000000069 	 -0.0000000000 
29.5000000000 	 0.5136057583 	 122665.1512896391 	 0.0000000070 	 -0.0000000000 
30.0000000000 	 0.5147805467 	 128448.1734128813 	 0.0000000070 	 -0.0000000000 
30.5000000000 	 0.5092586293 	 132807.7272183982 	 0.0000000069 	 -0.0000000000 
31.0000000000 	 0.4972388114 	 135533.5019682625 	 0.0000000068 	 -0.0000000000 
31.5000000000 	 0.4790002431 	 136495.6221123495 	 0.0000000065 	 -0.0000000000 
32.0000000000 	 0.4548972405 	 135647.8863641027 	 0.0000000062 	 -0.0000000000 
32.5000000000 	 0.4253530940 	 133027.0962973848 	 0.0000000058 	 -0.0000000000 
33.0000000000 	 0.3908529881 	 128748.6222768767 	 0.0000000053 	 -0.0000000000 
33.5000000000 	 0.3519361767 	 122998.5322479644 	 0.0000000048 	 -0.0000000000 
34.0000000000 	 0.3091875729 	 116022.7646278537 	 0.0000000042 	 -0.0000000000 
34.5000000000 	 0.2632289164 	 108113.9515342882 	 0.0000000036 	 -0.0000000000 
35.0000000000 	 0.2147096784 	 99596.5867693688 	 0.0000000029 	 -0.0000000000 
35.5000000000 	 0.1642978553 	 90811.2815947600 	 0.0000000022 	 -0.0000000000 
36.0000000000 	 0.1126707841 	 82098.8611827203 	 0.0000000015 	 -0.0000000000 
36.5000000000 	 0.0605060965 	 73785.0284893665 	 0.0000000008 	 -0.0000000000 
37.0000000000 	 0.0084729126 	 66166.2652322151 	 0.0000000001 	 -0.0000000000 
37.5000000000 	 -0.0427766379 	 59497.5571474581 	 -0.0000000006 	 -0.0000000000 
38.0000000000 	 -0.0926154882 	 53982.4279670520 	 -0.0000000013 	 -0.0000000000 
38.5000000000 	 -0.1404492220 	 49765.6484978166 	 -0.0000000019 	 -0.0000000000 
39.0000000000 	 -0.1857230989 	 46928.8582215294 	 -0.0000000025 	 -0.0000000000 
39.5000000000 	 -0.2279284356 	 45489.2011113167 	 -0.0000000031 	 0.0000000000 
40.0000000000 	 -0.2666082567 	 45400.9392902124 	 -0.0000000036 	 0.0000000000 
40.5000000000 	 -0.3013621337 	 46559.8731049788 	 -0.0000000041 	 0.0000000000 
41.0000000000 	 -0.3318501311 	 48810.2699228063 	 -0.0000000045 	 0.0000000000 
41.5000000000 	 -0.3577957939 	 51953.8930470890 	 -0.0000000049 	 0.0000000000 
42.0000000000 	 -0.3789881275 	 55760.6329393862 	 -0.0000000052 	 0.0000000000 
42.5000000000 	 -0.3952825454 	 59980.1809050432 	 -0.0000000054 	 0.0000000000 
43.0000000000 	 -0.4066007873 	 64354.1543979174 	 -0.0000000055 	 0.0000000000 
43.5000000000 	 -0.4129298375 	 68628.0845892822 	 -0.0000000056 	 0.0000000000 
44.0000000000 	 -0.4143199010 	 72562.7098626706 	 -0.0000000056 	 0.0000000000 
44.5000000000 	 -0.4108815182 	 75944.0798885001 	 -0.0000000056 	 0.0000000000 
45.0000000000 	 -0.4027819149 	 78592.0585885015 	 -0.0000000055 	 0.0000000000 
45.5000000000 	 -0.3902406994 	 80366.9139102124 	 -0.0000000053 	 0.0000000000 
46.0000000000 	 -0.3735250205 	 81173.7908281446 	 -0.0000000051 	 0.0000000000 
46.5000000000 	 -0.3529443035 	 80964.9745423997 	 -0.0000000048 	 0.0000000000 
47.0000000000 	 -0.3288446761 	 79739.9574142030 	 -0.0000000045 	 0.0000000000 
47.5000000000 	 -0.3016031890 	 77543.4207828307 	 -0.0000000041 	 0.0000000000 
48.0000000000 	 -0.2716219284 	 74461.3279437861 	 -0.0000000037 	 0.0000000000 
48.5000000000 	 -0.2393221069 	 70615.3946484304 	 -0.0000000033 	 0.0000000000 
49.0000000000 	 -0.2051382119 	 66156.2571600557 	 -0.0000000028 	 0.0000000000 
49.5000000000 	 -0.1695122810 	 61255.6949369396 	 -0.0000000023 	 0.0000000000 
50.0000000000 	 -0.1328883672 	 56098.2851354084 	 -0.0000000018 	 0.0000000000 
50.5000000000 	 -0.0957072519 	 50872.8704840618 	 -0.0000000013 	 0.0000000000 
51.0000000000 	 -0.0584014558 	 45764.2112531957 	 -0.0000000008 	 0.0000000000 
51.5000000000 	 -0.0213905966 	 40945.1675897209 	 -0.0000000003 	 0.0000000000 
52.0000000000 	 0.0149228666 	 36569.7214371910 	 0.0000000002 	 0.0000000000 
52.5000000000 	 0.0501574644 	 32767.0997417721 	 0.0000000007 	 0.0000000000 
53.0000000000 	 0.0839560940 	 29637.2041288683 	 0.0000000011 	 0.0000000000 
53.5000000000 	 0.1159889199 	 27247.4893477307 	 0.0000000016 	 0.0000000000 
54.0000000000 	 0.1459557849 	 25631.3658684708 	 0.0000000020 	 0.0000000000 
54.5000000000 	 0.1735881261 	 24788.1340968835 	 0.0000000024 	 0.0000000000 
55.0000000000 	 0.1986504060 	 24684.3916610957 	 0.0000000027 	 0.0000000000 
55.5000000000 	 0.2209410717 	 25256.7942274423 	 0.0000000030 	 0.0000000000 
56.0000000000 	 0.2402930719 	 26415.9969587836 	 0.0000000033 	 0.0000000000 
56.5000000000 	 0.2565739649 	 28051.5603939233 	 0.0000000035 	 0.0000000000 
57.0000000000 	 0.2696856607 	 30037.5727760100 	 0.0000000037 	 0.0000000000 
57.5000000000 	 0.2795638423 	 32238.7216167950 	 0.0000000038 	 0.0000000000 
58.0000000000 	 0.2861771172 	 34516.5406695452 	 0.0000000039 	 -0.0000000000 
58.5000000000 	 0.2895259488 	 36735.5638916177 	 0.0000000039 	 -0.0000000000 
59.0000000000 	 0.2896414193 	 38769.1342448196 	 0.0000000039 	 -0.0000000000 
59.5000000000 	 0.2865838711 	 40504.6405943391 	 0.0000000039 	 -0.0000000000 
60.0000000000 	 0.2804414715 	 41847.9885308559 	 0.0000000038 	 -0.0000000000 
60.5000000000 	 0.2713287384 	 42727.1484760977 	 0.0000000037 	 -0.0000000000 
61.0000000000 	 0.2593850544 	 43094.6649027403 	 0.0000000035 	 -0.0000000000 
61.5000000000 	 0.2447731856 	 42929.0521344162 	 0.0000000033 	 -0.0000000000 
62.0000000000 	 0.2276778044 	 42235.0437647357 	 0.0000000031 	 -0.0000000000 
62.5000000000 	 0.2083040009 	 41042.7037562241 	 0.0000000028 	 -0.0000000000 
63.0000000000 	 0.1868757479 	 39405.4476266171 	 0.0000000025 	 -0.0000000000 
63.5000000000 	 0.1636342729 	 37397.0622948538 	 0.0000000022 	 -0.0000000000 
64.0000000000 	 0.1388362789 	 35107.8531760243 	 0.0000000019 	 -0.0000000000 
64.5000000000 	 0.1127519581 	 32640.0864669631 	 0.0000000015 	 -0.0000000000 
65.0000000000 	 0.0856627488 	 30102.9315794167 	 0.0000000012 	 -0.0000000000 
65.5000000000 	 0.0578588099 	 27607.1401360567 	 0.0000000008 	 -0.0000000000 
66.0000000000 	 0.0296362119 	 25259.7198329706 	 0.0000000004 	 -0.0000000000 
66.5000000000 	 0.0012938784 	 23158.8693116400 	 0.0000000000 	 -0.0000000000 
67.0000000000 	 -0.0268696547 	 21389.4305493632 	 -0.0000000004 	 -0.0000000000 
67.5000000000 	 -0.0545595719 	 20019.0867971009 	 -0.0000000007 	 -0.0000000000 
68.0000000000 	 -0.0814880939 	 19095.4882088251 	 -0.0000000011 	 0.0000000000 
68.5000000000 	 -0.1073776712 	 18644.4284003836 	 -0.0000000015 	 0.0000000000 
69.0000000000 	 -0.1319639631 	 18669.1296481331 	 -0.0000000018 	 0.0000000000 
69.5000000000 	 -0.1549985335 	 19150.6294769442 	 -0.0000000021 	 0.0000000000 
70.0000000000 	 -0.1762512307 	 20049.2032390315 	 -0.0000000024 	 0.0000000000 
70.5000000000 	 -0.1955122462 	 21306.7101288440 	 -0.0000000027 	 0.0000000000 
71.0000000000 	 -0.2125938779 	 22849.7154484563 	 -0.0000000029 	 0.0000000000 
71.5000000000 	 -0.2273320360 	 24593.2189426608 	 -0.0000000031 	 0.0000000000 
72.0000000000 	 -0.2395875380 	 26444.8052497858 	 -0.0000000033 	 0.0000000000 
72.5000000000 	 -0.2492472300 	 28309.0251782583 	 -0.0000000034 	 0.0000000000 
73.0000000000 	 -0.2562249554 	 30091.8135679233 	 -0.0000000035 	 0.0000000000 
73.5000000000 	 -0.2604623716 	 31704.7502933536 	 -0.0000000035 	 0.0000000000 
74.0000000000 	 -0.2619295918 	 33068.9764779421 	 -0.0000000036 	 0.0000000000 
74.5000000000 	 -0.2606256113 	 34118.5901958959 	 -0.0000000035 	 0.0000000000 
75.0000000000 	 -0.2565784666 	 34803.3671038146 	 -0.0000000035 	 0.0000000000 
75.5000000000 	 -0.2498450767 	 35090.6829371855 	 -0.0000000034 	 0.0000000000 
76.0000000000 	 -0.2405107235 	 34966.5562936364 	 -0.0000000033 	 0.0000000000 
76.5000000000 	 -0.2286881479 	 34435.7792190753 	 -0.0000000031 	 0.0000000000 
77.0000000000 	 -0.2145162610 	 33521.1555237533 	 -0.0000000029 	 -0.0000000000 
77.5000000000 	 -0.1981584949 	 32261.9172490393 	 -0.0000000027 	 -0.0000000000 
78.0000000000 	 -0.1798008370 	 30711.4330430283 	 -0.0000000024 	 -0.0000000000 
78.5000000000 	 -0.1596496064 	 28934.3545585523 	 -0.0000000022 	 -0.0000000000 
79.0000000000 	 -0.1379290385 	 27003.3663066331 	 -0.0000000019 	 -0.0000000000 
79.5000000000 	 -0.1148787384 	 24995.7109085073 	 -0.0000000016 	 -0.0000000000 
80.0000000000 	 -0.0907510547 	 22989.6571721476 	 -0.0000000012 	 -0.0000000000 
80.5000000000 	 -0.0658084126 	 21061.0659744518 	 -0.0000000009 	 -0.0000000000 
81.0000000000 	 -0.0403206257 	 19280.1914268656 	 -0.0000000005 	 -0.0000000000 
81.5000000000 	 -0.0145621960 	 17708.8350631597 	 -0.0000000002 	 -0.0000000000 
82.0000000000 	 0.0111904053 	 16397.9503677720 	 0.0000000002 	 -0.0000000000 
82.5000000000 	 0.0366614808 	 15385.7747132393 	 0.0000000005 	 -0.0000000000 
83.0000000000 	 0.0615788878 	 14696.5455621043 	 0.0000000008 	 -0.0000000000 
83.5000000000 	 0.0856768553 	 14339.8371298814 	 0.0000000012 	 -0.0000000000 
84.0000000000 	 0.1086988330 	 14310.5319448228 	 0.0000000015 	 -0.0000000000 
84.5000000000 	 0.1304003503 	 14589.4185772651 	 0.0000000018 	 -0.0000000000 
85.0000000000 	 0.1505518495 	 15144.3823789872 	 0.0000000021 	 -0.0000000000 
85.5000000000 	 0.1689414465 	 15932.1312051054 	 0.0000000023 	 -0.0000000000 
86.0000000000 	 0.1853775595 	 16900.3741530293 	 0.0000000025 	 -0.0000000000 
86.5000000000 	 0.1996913414 	 17990.3500921858 	 0.0000000027 	 -0.0000000000 
87.0000000000 	 0.2117388511 	 19139.5860357784 	 0.0000000029 	 -0.0000000000 
87.5000000000 	 0.2214029047 	 20284.7548313912 	 0.0000000030 	 -0.0000000000 
88.0000000000 	 0.2285945545 	 21364.4983310098 	 0.0000000031 	 -0.0000000000 
88.5000000000 	 0.2332541608 	 22322.0864632773 	 0.0000000032 	 -0.0000000000 
89.0000000000 	 0.2353520340 	 23107.7941548354 	 0.0000000032 	 -0.0000000000 
89.5000000000 	 0.2348886418 	 23680.8957252907 	 0.0000000032 	 -0.0000000000 
90.0000000000 	 0.2318943906 	 24011.1985837273 	 0.0000000032 	 -0.0000000000 
90.5000000000 	 0.2264289997 	 24080.0631579407 	 0.0000000031 	 -0.0000000000 
91.0000000000 	 0.2185804998 	 23880.8819895455 	 0.0000000030 	 -0.0000000000 
91.5000000000 	 0.2084638867 	 23419.0164853087 	 0.0000000028 	 -0.0000000000 
92.0000000000 	 0.1962194677 	 22711.2135974377 	 0.0000000027 	 -0.0000000000 
92.5000000000 	 0.1820109343 	 21784.5458874874 	 0.0000000025 	 -0.0000000000 
93.0000000000 	 0.1660231942 	 20674.9365475394 	 0.0000000023 	 -0.0000000000 
93.5000000000 	 0.1484599926 	 19425.3456062572 	 0.0000000020 	 -0.0000000000 
94.0000000000 	 0.1295413508 	 18083.7047612212 	 0.0000000018 	 -0.0000000000 
94.5000000000 	 0.1095008470 	 16700.6957767101 	 0.0000000015 	 -0.0000000000 
95.0000000000 	 0.0885827673 	 15327.4712769615 	 0.0000000012 	 -0.0000000000 
95.5000000000 	 0.0670391514 	 14013.4168035905 	 0.0000000009 	 -0.0000000000 
96.0000000000 	 0.0451267643 	 12804.0492573571 	 0.0000000006 	 -0.0000000000 
96.5000000000 	 0.0231040234 	 11739.1392717546 	 0.0000000003 	 0.0000000000 
97.0000000000 	 0.0012279163 	 10851.1338846361 	 0.0000000000 	 0.0000000000 
97.5000000000 	 -0.0202490559 	 10163.9414069113 	 -0.0000000003 	 0.0000000000 
98.0000000000 	 -0.0410818724 	 9692.1232491544 	 -0.0000000006 	 0.0000000000 
98.5000000000 	 -0.0610358869 	 9440.5184492951 	 -0.0000000008 	 0.0000000000 
99.0000000000 	 -0.0798895880 	 9404.3067054431 	 -0.0000000011 	 0.0000000000 
99.5000000000 	 -0.0974371912 	 9569.4958708673 	 -0.0000000013 	 0.0000000000 
100.0000000000 	 -0.1134910341 	 9913.8011674448 	 -0.0000000015 	 0.0000000000 
100.5000000000 	 -0.1278837464 	 10407.8666921671 	 -0.0000000017 	 0.0000000000 
101.0000000000 	 -0.1404701713 	 11016.7658719902 	 -0.0000000019 	 0.0000000000 
101.5000000000 	 -0.1511290149 	 11701.7068674906 	 -0.0000000021 	 0.0000000000 
102.0000000000 	 -0.1597642017 	 12421.8618224308 	 -0.0000000022 	 0.0000000000 
102.5000000000 	 -0.1663059161 	 13136.2354460053 	 -0.0000000023 	 0.0000000000 
103.0000000000 	 -0.1707113090 	 13805.4886474566 	 -0.0000000023 	 0.0000000000 
103.5000000000 	 -0.1729648510 	 14393.6367546122 	 -0.0000000024 	 0.0000000000 
104.0000000000 	 -0.1730783146 	 14869.5490419789 	 -0.0000000024 	 0.0000000000 
104.5000000000 	 -0.1710903755 	 15208.1866463968 	 -0.0000000023 	 0.0000000000 
105.0000000000 	 -0.1670658272 	 15391.5290902801 	 -0.0000000023 	 0.0000000000 
105.5000000000 	 -0.1610944126 	 15409.1550447530 	 -0.0000000022 	 0.0000000000 
106.0000000000 	 -0.1532892889 	 15258.4600070599 	 -0.0000000021 	 0.0000000000 
106.5000000000 	 -0.1437851502 	 14944.5112829834 	 -0.0000000020 	 0.0000000000 
107.0000000000 	 -0.1327360447 	 14479.5581330650 	 -0.0000000018 	 0.0000000000 
107.5000000000 	 -0.1203129314 	 13882.2310875555 	 -0.0000000016 	 0.0000000000 
108.0000000000 	 -0.1067010291 	 13176.4782902787 	 -0.0000000015 	 0.0000000000 
108.5000000000 	 -0.0920970105 	 12390.2975770293 	 -0.0000000013 	 0.0000000000 
109.0000000000 	 -0.0767060970 	 11554.3303058307 	 -0.0000000010 	 0.0000000000 
109.5000000000 	 -0.0607391068 	 10700.3865918805 	 -0.0000000008 	 0.0000000000 
110.0000000000 	 -0.0444095027 	 9859.9716522561 	 -0.0000000006 	 0.0000000000 
110.5000000000 	 -0.0279304823 	 9062.8798216512 	 -0.0000000004 	 0.0000000000 
111.0000000000 	 -0.0115121477 	 8335.9168842218 	 -0.0000000002 	 0.0000000000 
111.5000000000 	 0.0046412132 	 7701.8032196217 	 0.0000000001 	 0.0000000000 
112.0000000000 	 0.0203337041 	 7178.3003596144 	 0.0000000003 	 0.0000000000 
112.5000000000 	 0.0353802269 	 6777.5923322189 	 0.0000000005 	 0.0000000000 
113.0000000000 	 0.0496086923 	 6505.9410220116 	 0.0000000007 	 0.0000000000 
113.5000000000 	 0.0628620041 	 6363.6220957002 	 0.0000000009 	 0.0000000000 
114.0000000000 	 0.0749997921 	 6345.1352483909 	 0.0000000010 	 -0.0000000000 
114.5000000000 	 0.0858998663 	 6439.6701193039 	 0.0000000012 	 -0.0000000000 
115.0000000000 	 0.0954593714 	 6631.7977744248 	 0.0000000013 	 -0.0000000000 
115.5000000000 	 0.1035956228 	 6902.3477522475 	 0.0000000014 	 -0.0000000000 
116.0000000000 	 0.1102466148 	 7229.4229108339 	 0.0000000015 	 -0.0000000000 
116.5000000000 	 0.1153711971 	 7589.4991645414 	 0.0000000016 	 -0.0000000000 
117.0000000000 	 0.1189489280 	 7958.5549858471 	 0.0000000016 	 -0.0000000000 
117.5000000000 	 0.1209796177 	 8313.1763387776 	 0.0000000016 	 -0.0000000000 
118.0000000000 	 0.1214825863 	 8631.5863799641 	 0.0000000017 	 -0.0000000000 
118.5000000000 	 0.1204956653 	 8894.5554319035 	 0.0000000016 	 -0.0000000000 
119.0000000000 	 0.1180739775 	 9086.1548650348 	 0.0000000016 	 -0.0000000000 
119.5000000000 	 0.1142885313 	 9194.3280257900 	 0.0000000016 	 -0.0000000000 
120.0000000000 	 0.1092246681 	 9211.2614857890 	 0.0000000015 	 -0.0000000000 
120.5000000000 	 0.1029803975 	 9133.5501559595 	 0.0000000014 	 -0.0000000000 
121.0000000000 	 0.0956646560 	 8962.1595379940 	 0.0000000013 	 -0.0000000000 
121.5000000000 	 0.0873955197 	 8702.1972558682 	 0.0000000012 	 -0.0000000000 
122.0000000000 	 0.0782983992 	 8362.5136390958 	 0.0000000011 	 -0.0000000000 
122.5000000000 	 0.0685042399 	 7955.1573396195 	 0.0000000009 	 -0.0000000000 
123.0000000000 	 0.0581477505 	 7494.7166194393 	 0.0000000008 	 -0.0000000000 
123.5000000000 	 0.0473656765 	 6997.5800936844 	 0.0000000006 	 -0.0000000000 
124.0000000000 	 0.0362951363 	 6481.1522305167 	 0.0000000005 	 -0.0000000000 
124.5000000000 	 0.0250720326 	 5963.0590441623 	 0.0000000003 	 -0.0000000000 
125.0000000000 	 0.0138295531 	 5460.3781228144 	 0.0000000002 	 -0.0000000000 
125.5000000000 	 0.0026967723 	 4988.9245790533 	 0.0000000000 	 -0.0000000000 
126.0000000000 	 -0.0082026352 	 4562.6208661279 	 -0.0000000001 	 -0.0000000000 
126.5000000000 	 -0.0187515600 	 4192.9737694068 	 -0.0000000003 	 -0.0000000000 
127.0000000000 	 -0.0288404928 	 3888.6764758177 	 -0.0000000004 	 -0.0000000000 
127.5000000000 	 -0.0383684220 	 3655.3476864377 	 -0.0000000005 	 -0.0000000000 
128.0000000000 	 -0.0472435891 	 3495.4134531106 	 -0.0000000006 	 -0.0000000000 
128.5000000000 	 -0.0553840974 	 3408.1311330397 	 -0.0000000008 	 -0.0000000000 
129.0000000000 	 -0.0627183756 	 3389.7487854937 	 -0.0000000009 	 -0.0000000000 
129.5000000000 	 -0.0691854960 	 3433.7877983695 	 -0.0000000009 	 -0.0000000000 
130.0000000000 	 -0.0747353540 	 3531.4317456948 	 -0.0000000010 	 -0.0000000000 
130.5000000000 	 -0.0793287153 	 3672.0006569188 	 -0.0000000011 	 -0.0000000000 
131.0000000000 	 -0.0829371424 	 3843.4871486170 	 -0.0000000011 	 -0.0000000000 
131.5000000000 	 -0.0855428108 	 4033.1293027670 	 -0.0000000012 	 0.0000000000 
132.0000000000 	 -0.0871382316 	 4227.9947727642 	 -0.0000000012 	 0.0000000000 
132.5000000000 	 -0.0877258954 	 4415.5512843819 	 -0.0000000012 	 0.0000000000 
133.0000000000 	 -0.0873178546 	 4584.2003756287 	 -0.0000000012 	 0.0000000000 
133.5000000000 	 -0.0859352616 	 4723.7537036252 	 -0.0000000012 	 0.0000000000 
134.0000000000 	 -0.0836078799 	 4825.8343717567 	 -0.0000000011 	 0.0000000000 
134.5000000000 	 -0.0803735815 	 4884.1892778564 	 -0.0000000011 	 0.0000000000 
135.0000000000 	 -0.0762778440 	 4894.9022913579 	 -0.0000000010 	 0.0000000000 
135.5000000000 	 -0.0713732530 	 4856.5019644369 	 -0.0000000010 	 0.0000000000 
136.0000000000 	 -0.0657190129 	 4769.9613751332 	 -0.0000000009 	 0.0000000000 
136.5000000000 	 -0.0593804606 	 4638.5915692039 	 -0.0000000008 	 0.0000000000 
137.0000000000 	 -0.0524285722 	 4467.8338785608 	 -0.0000000007 	 0.0000000000 
137.5000000000 	 -0.0449394469 	 4264.9602424622 	 -0.0000000006 	 0.0000000000 
138.0000000000 	 -0.0369937490 	 4038.6944703214 	 -0.0000000005 	 0.0000000000 
138.5000000000 	 -0.0286760904 	 3798.7711309966 	 -0.0000000004 	 0.0000000000 
139.0000000000 	 -0.0200743361 	 3555.4522087847 	 -0.0000000003 	 0.0000000000 
139.5000000000 	 -0.0112788251 	 3319.0245082535 	 -0.0000000002 	 0.0000000000 
140.0000000000 	 -0.0023815072 	 3099.3025828696 	 -0.0000000000 	 0.0000000000 
140.5000000000 	 0.0065249946 	 2905.1623431199 	 0.0000000001 	 0.0000000000 
141.0000000000 	 0.0153483733 	 2744.1291383391 	 0.0000000002 	 0.0000000000 
141.5000000000 	 0.0239976507 	 2622.0409593860 	 0.0000000003 	 0.0000000000 
142.0000000000 	 0.0323841811 	 2542.8026911528 	 0.0000000004 	 0.0000000000 
142.5000000000 	 0.0404226137 	 2508.2415261939 	 0.0000000006 	 0.0000000000 
143.0000000000 	 0.0480317871 	 2518.0673805608 	 0.0000000007 	 0.0000000000 
143.5000000000 	 0.0551355391 	 2569.9360982244 	 0.0000000008 	 0.0000000000 
144.0000000000 	 0.0616634221 	 2659.6079491249 	 0.0000000008 	 0.0000000000 
144.5000000000 	 0.0675513275 	 2781.1897462796 	 0.0000000009 	 0.0000000000 
145.0000000000 	 0.0727420277 	 2927.4459150587 	 0.0000000010 	 -0.0000000000 
145.5000000000 	 0.0771856482 	 3090.1619144307 	 0.0000000011 	 -0.0000000000 
146.0000000000 	 0.0808400842 	 3260.5422910764 	 0.0000000011 	 -0.0000000000 
146.5000000000 	 0.0836713695 	 3429.6250982143 	 0.0000000011 	 -0.0000000000 
147.0000000000 	 0.0856540028 	 3588.6942600719 	 0.0000000012 	 -0.0000000000 
147.5000000000 	 0.0867712260 	 3729.6717059099 	 0.0000000012 	 -0.0000000000 
148.0000000000 	 0.0870152437 	 3845.4718473486 	 0.0000000012 	 -0.0000000000 
148.5000000000 	 0.0863873679 	 3930.3024071857 	 0.0000000012 	 -0.0000000000 
149.0000000000 	 0.0848980683 	 3979.8979585944 	 0.0000000012 	 -0.0000000000 
149.5000000000 	 0.0825669123 	 3991.6758256118 	 0.0000000011 	 -0.0000000000 
150.0000000000 	 0.0794223798 	 3964.8081763899 	 0.0000000011 	 -0.0000000000 
150.5000000000 	 0.0755015492 	 3900.2088972101 	 0.0000000010 	 -0.0000000000 
151.0000000000 	 0.0708496558 	 3800.4387423388 	 0.0000000010 	 -0.0000000000 
151.5000000000 	 0.0655195345 	 3669.5367897081 	 0.0000000009 	 -0.0000000000 
152.0000000000 	 0.0595709636 	 3512.7899591992 	 0.0000000008 	 -0.0000000000 
152.5000000000 	 0.0530699326 	 3336.4549609293 	 0.0000000007 	 0.0000000000 
153.0000000000 	 0.0460878543 	 3147.4483903128 	 0.0000000006 	 0.0000000000 
153.5000000000 	 0.0387007446 	 2953.0209022066 	 0.0000000005 	 0.0000000000 
154.0000000000 	 0.0309883847 	 2760.4306600217 	 0.0000000004 	 0.0000000000 
154.5000000000 	 0.0230334779 	 2576.6298809683 	 0.0000000003 	 0.0000000000 
155.0000000000 	 0.0149208061 	 2407.9765644083 	 0.0000000002 	 0.0000000000 
155.5000000000 	 0.0067363882 	 2259.9816236191 	 0.0000000001 	 0.0000000000 
156.0000000000 	 -0.0014333634 	 2137.0997626268 	 -0.0000000000 	 0.0000000000 
156.5000000000 	 -0.0095024909 	 2042.5706052323 	 -0.0000000001 	 0.0000000000 
157.0000000000 	 -0.0173863478 	 1978.3147467234 	 -0.0000000002 	 0.0000000000 
157.5000000000 	 -0.0250024651 	 1944.8875168192 	 -0.0000000003 	 0.0000000000 
158.0000000000 	 -0.0322714252 	 1941.4912391961 	 -0.0000000004 	 0.0000000000 
158.5000000000 	 -0.0391177359 	 1966.0446406231 	 -0.0000000005 	 0.0000000000 
159.0000000000 	 -0.0454706949 	 2015.3058143215 	 -0.0000000006 	 0.0000000000 
159.5000000000 	 -0.0512652277 	 2085.0428726701 	 -0.0000000007 	 0.0000000000 
160.0000000000 	 -0.0564426829 	 2170.2442693833 	 -0.0000000008 	 0.0000000000 
160.5000000000 	 -0.0609515636 	 2265.3588976097 	 -0.0000000008 	 0.0000000000 
161.0000000000 	 -0.0647481774 	 2364.5546454632 	 -0.0000000009 	 0.0000000000 
161.5000000000 	 -0.0677971852 	 2461.9832565954 	 -0.0000000009 	 0.0000000000 
162.0000000000 	 -0.0700720371 	 2552.0391906359 	 -0.0000000010 	 0.0000000000 
162.5000000000 	 -0.0715552827 	 2629.6007156335 	 -0.0000000010 	 0.0000000000 
163.0000000000 	 -0.0722387524 	 2690.2426604771 	 -0.0000000010 	 0.0000000000 
163.5000000000 	 -0.0721236079 	 2730.4119708064 	 -0.0000000010 	 0.0000000000 
164.0000000000 	 -0.0712202647 	 2747.5593429519 	 -0.0000000010 	 0.0000000000 
164.5000000000 	 -0.0695481945 	 2740.2225239765 	 -0.0000000009 	 0.0000000000 
165.0000000000 	 -0.0671356138 	 2708.0592929200 	 -0.0000000009 	 0.0000000000 
165.5000000000 	 -0.0640190698 	 2651.8304478604 	 -0.0000000009 	 0.0000000000 
166.0000000000 	 -0.0602429328 	 2573.3352861565 	 -0.0000000008 	 0.0000000000 
166.5000000000 	 -0.0558588046 	 2475.3039708368 	 -0.0000000008 	 0.0000000000 
167.0000000000 	 -0.0509248510 	 2361.2527963234 	 -0.0000000007 	 0.0000000000 
167.5000000000 	 -0.0455050672 	 2235.3096640128 	 -0.0000000006 	 0.0000000000 
168.0000000000 	 -0.0396684830 	 2102.0180621115 	 -0.0000000005 	 0.0000000000 
168.5000000000 	 -0.0334883148 	 1966.1284747772 	 -0.0000000005 	 0.0000000000 
169.0000000000 	 -0.0270410735 	 1832.3864459629 	 -0.0000000004 	 0.0000000000 
169.5000000000 	 -0.0204056348 	 1705.3264533378 	 -0.0000000003 	 0.0000000000 
170.0000000000 	 -0.0136622827 	 1589.0803334358 	 -0.0000000002 	 0.0000000000 
170.5000000000 	 -0.0068917368 	 1487.2082133863 	 -0.0000000001 	 0.0000000000 
171.0000000000 	 -0.0001741741 	 1402.5588020608 	 -0.0000000000 	 0.0000000000 
171.5000000000 	 0.0064117417 	 1337.1644750373 	 0.0000000001 	 -0.0000000000 
172.0000000000 	 0.0127898101 	 1292.1749541655 	 0.0000000002 	 -0.0000000000 
172.5000000000 	 0.0188872112 	 1267.8315713781 	 0.0000000003 	 -0.0000000000 
173.0000000000 	 0.0246353779 	 1263.4822448638 	 0.0000000003 	 -0.0000000000 
173.5000000000 	 0.0299708111 	 1277.6354586661 	 0.0000000004 	 -0.0000000000 
174.0000000000 	 0.0348358291 	 1308.0498255861 	 0.0000000005 	 -0.0000000000 
174.5000000000 	 0.0391792400 	 1351.8543125775 	 0.0000000005 	 -0.0000000000 
175.0000000000 	 0.0429569317 	 1405.6929713025 	 0.0000000006 	 -0.0000000000 
175.5000000000 	 0.0461323697 	 1465.8870987572 	 0.0000000006 	 -0.0000000000 
176.0000000000 	 0.0486769988 	 1528.6071678865 	 0.0000000007 	 -0.0000000000 
176.5000000000 	 0.0505705403 	 1590.0466237390 	 0.0000000007 	 -0.0000000000 
177.0000000000 	 0.0518011813 	 1646.5897489139 	 0.0000000007 	 -0.0000000000 
177.5000000000 	 0.0523656491 	 1694.9662256625 	 0.0000000007 	 -0.0000000000 
178.0000000000 	 0.0522691697 	 1732.3857659451 	 0.0000000007 	 -0.0000000000 
178.5000000000 	 0.0515253052 	 1756.6472154586 	 0.0000000007 	 -0.0000000000 
179.0000000000 	 0.0501556727 	 1766.2178082750 	 0.0000000007 	 -0.0000000000 
179.5000000000 	 0.0481895467 	 1760.2797368663 	 0.0000000007 	 -0.0000000000 
180.0000000000 	 0.0456633508 	 1738.7428026496 	 0.0000000006 	 -0.0000000000 
180.5000000000 	 0.0426200481 	 1702.2235672560 	 0.0000000006 	 -0.0000000000 
181.0000000000 	 0.0391084432 	 1651.9930307508 	 0.0000000005 	 -0.0000000000 
181.5000000000 	 0.0351824096 	 1589.8963111320 	 0.0000000005 	 -0.0000000000 
182.0000000000 	 0.0309000583 	 1518.2490373553 	 0.0000000004 	 -0.0000000000 
182.5000000000 	 0.0263228653 	 1439.7160877019 	 0.0000000004 	 -0.0000000000 
183.0000000000 	 0.0215147731 	 1357.1789135491 	 0.0000000003 	 -0.0000000000 
183.5000000000 	 0.0165412826 	 1273.5979415051 	 0.0000000002 	 -0.0000000000 
184.0000000000 	 0.0114685475 	 1191.8764828942 	 0.0000000002 	 -0.0000000000 
184.5000000000 	 0.0063624847 	 1114.7322213219 	 0.0000000001 	 -0.0000000000 
185.0000000000 	 0.0012879110 	 1044.5817564390 	 0.0000000000 	 -0.0000000000 
185.5000000000 	 -0.0036922852 	 983.4428849386 	 -0.0000000001 	 -0.0000000000 
186.0000000000 	 -0.0085179286 	 932.8583503031 	 -0.0000000001 	 -0.0000000000 
186.5000000000 	 -0.0131322881 	 893.8437376111 	 -0.0000000002 	 -0.0000000000 
187.0000000000 	 -0.0174827482 	 866.8610459331 	 -0.0000000002 	 -0.0000000000 
187.5000000000 	 -0.0215214101 	 851.8182926418 	 -0.0000000003 	 -0.0000000000 
188.0000000000 	 -0.0252056155 	 848.0943192998 	 -0.0000000003 	 -0.0000000000 
188.5000000000 	 -0.0284983845 	 854.5868343020 	 -0.0000000004 	 0.0000000000 
189.0000000000 	 -0.0313687612 	 869.7806891644 	 -0.0000000004 	 0.0000000000 
189.5000000000 	 -0.0337920602 	 891.8325055088 	 -0.0000000005 	 0.0000000000 
190.0000000000 	 -0.0357500134 	 918.6670971854 	 -0.0000000005 	 0.0000000000 
190.5000000000 	 -0.0372308143 	 948.0807085166 	 -0.0000000005 	 0.0000000000 
191.0000000000 	 -0.0382290628 	 977.8459434739 	 -0.0000000005 	 0.0000000000 
191.5000000000 	 -0.0387456160 	 1005.8133910925 	 -0.0000000005 	 0.0000000000 
192.0000000000 	 -0.0387873506 	 1030.0053411084 	 -0.0000000005 	 0.0000000000 
192.5000000000 	 -0.0383668484 	 1048.6976017838 	 -0.0000000005 	 0.0000000000 
193.0000000000 	 -0.0375020126 	 1060.4862123170 	 -0.0000000005 	 0.0000000000 
193.5000000000 	 -0.0362156290 	 1064.3367439666 	 -0.0000000005 	 0.0000000000 
194.0000000000 	 -0.0345348808 	 1059.6148284232 	 -0.0000000005 	 0.0000000000 
194.5000000000 	 -0.0324908304 	 1046.0975037531 	 -0.0000000004 	 0.0000000000 
195.0000000000 	 -0.0301178768 	 1023.9658504407 	 -0.0000000004 	 0.0000000000 
195.5000000000 	 -0.0274531994 	 993.7802024050 	 -0.0000000004 	 0.0000000000 
196.0000000000 	 -0.0245361953 	 956.4398956786 	 -0.0000000003 	 0.0000000000 
196.5000000000 	 -0.0214079192 	 913.1300698447 	 -0.0000000003 	 0.0000000000 
197.0000000000 	 -0.0181105315 	 865.2584442077 	 -0.0000000002 	 0.0000000000 
197.5000000000 	 -0.0146867608 	 814.3852520752 	 -0.0000000002 	 0.0000000000 
198.0000000000 	 -0.0111793854 	 762.1496322043 	 -0.0000000002 	 0.0000000000 
198.5000000000 	 -0.0076307399 	 710.1957645455 	 -0.0000000001 	 0.0000000000 
199.0000000000 	 -0.0040822494 	 660.1018912573 	 -0.0000000001 	 0.0000000000 
199.5000000000 	 -0.0005739964 	 613.3151063423 	 -0.0000000000 	 0.0000000000 
200.0000000000 	 0.0028556764 	 571.0944393405 	 0.0000000000 	 0.0000000000 
200.5000000000 	 0.0061705241 	 534.4643113778 	 0.0000000001 	 0.0000000000 
201.0000000000 	 0.0093367162 	 504.1799240678 	 0.0000000001 	 0.0000000000 
201.5000000000 	 0.0123231089 	 480.7055877943 	 0.0000000002 	 0.0000000000 
202.0000000000 	 0.0151014722 	 464.2064034018 	 0.0000000002 	 0.0000000000 
202.5000000000 	 0.0176466711 	 454.5531295742 	 0.0000000002 	 0.0000000000 
203.0000000000 	 0.0199368006 	 451.3395130885 	 0.0000000003 	 0.0000000000 
203.5000000000 	 0.0219532770 	 453.9108532052 	 0.0000000003 	 0.0000000000 
204.0000000000 	 0.0236808853 	 461.4021424478 	 0.0000000003 	 0.0000000000 
204.5000000000 	 0.0251077876 	 472.7837865764 	 0.0000000003 	 0.0000000000 
205.0000000000 	 0.0262254948 	 486.9126719174 	 0.0000000004 	 0.0000000000 
205.5000000000 	 0.0270288062 	 502.5862175265 	 0.0000000004 	 0.0000000000 
206.0000000000 	 0.0275157219 	 518.5970315399 	 0.0000000004 	 -0.0000000000 
206.5000000000 	 0.0276873321 	 533.7858664127 	 0.0000000004 	 -0.0000000000 
207.0000000000 	 0.0275476899 	 547.0907377536 	 0.0000000004 	 -0.0000000000 
207.5000000000 	 0.0271036709 	 557.5903130005 	 0.0000000004 	 -0.0000000000 
208.0000000000 	 0.0263648262 	 564.5399720309 	 0.0000000004 	 -0.0000000000 
208.5000000000 	 0.0253432316 	 567.3992842985 	 0.0000000003 	 -0.0000000000 
209.0000000000 	 0.0240533359 	 565.8499972553 	 0.0000000003 	 -0.0000000000 
209.5000000000 	 0.0225118112 	 559.8040092900 	 0.0000000003 	 -0.0000000000 
210.0000000000 	 0.0207374036 	 549.4011592271 	 0.0000000003 	 -0.0000000000 
210.5000000000 	 0.0187507833 	 534.9970395988 	 0.0000000003 	 -0.0000000000 
211.0000000000 	 0.0165743896 	 517.1414032703 	 0.0000000002 	 -0.0000000000 
211.5000000000 	 0.0142322661 	 496.5481049843 	 0.0000000002 	 -0.0000000000 
212.0000000000 	 0.0117498806 	 474.0578848621 	 0.0000000002 	 -0.0000000000 
212.5000000000 	 0.0091539236 	 450.5956607096 	 0.0000000001 	 -0.0000000000 
213.0000000000 	 0.0064720809 	 427.1243136927 	 0.0000000001 	 -0.0000000000 
213.5000000000 	 0.0037327796 	 404.5972051052 	 0.0000000001 	 -0.0000000000 
214.0000000000 	 0.0009649077 	 383.9118058807 	 0.0000000000 	 -0.0000000000 
214.5000000000 	 -0.0018024886 	 365.8668107572 	 -0.0000000000 	 -0.0000000000 
215.0000000000 	 -0.0045405203 	 351.1249394200 	 -0.0000000001 	 -0.0000000000 
215.5000000000 	 -0.0072207777 	 340.1832826858 	 -0.0000000001 	 -0.0000000000 
216.0000000000 	 -0.0098156447 	 333.3525702979 	 -0.0000000001 	 -0.0000000000 
216.5000000000 	 -0.0122985991 	 330.7461656915 	 -0.0000000002 	 -0.0000000000 
217.0000000000 	 -0.0146444891 	 332.2789953370 	 -0.0000000002 	 -0.0000000000 
217.5000000000 	 -0.0168297814 	 337.6760592882 	 -0.0000000002 	 -0.0000000000 
218.0000000000 	 -0.0188327801 	 346.4896921975 	 -0.0000000003 	 -0.0000000000 
218.5000000000 	 -0.0206338164 	 358.1243759074 	 -0.0000000003 	 -0.0000000000 
219.0000000000 	 -0.0222154123 	 371.8676470047 	 -0.0000000003 	 -0.0000000000 
219.5000000000 	 -0.0235624241 	 386.9254823102 	 -0.0000000003 	 0.0000000000 
220.0000000000 	 -0.0246621672 	 402.4604543018 	 -0.0000000003 	 0.0000000000 
220.5000000000 	 -0.0255045270 	 417.6309091181 	 -0.0000000003 	 0.0000000000 
221.0000000000 	 -0.0260820554 	 431.6294193560 	 -0.0000000004 	 0.0000000000 
221.5000000000 	 -0.0263900512 	 443.7188026538 	 -0.0000000004 	 0.0000000000 
222.0000000000 	 -0.0264266218 	 453.2640911852 	 -0.0000000004 	 0.0000000000 
222.5000000000 	 -0.0261927195 	 459.7590052852 	 -0.0000000004 	 0.0000000000 
223.0000000000 	 -0.0256921483 	 462.8457381132 	 -0.0000000003 	 0.0000000000 
223.5000000000 	 -0.0249315351 	 462.3272034467 	 -0.0000000003 	 0.0000000000 
224.0000000000 	 -0.0239202624 	 458.1713169477 	 -0.0000000003 	 0.0000000000 
224.5000000000 	 -0.0226703617 	 450.5073413624 	 -0.0000000003 	 0.0000000000 
225.0000000000 	 -0.0211963682 	 439.6147809402 	 -0.0000000003 	 0.0000000000 
225.5000000000 	 -0.0195151407 	 425.9057156524 	 -0.0000000003 	 0.0000000000 
226.0000000000 	 -0.0176456540 	 409.9017774811 	 -0.0000000002 	 0.0000000000 
226.5000000000 	 -0.0156087675 	 392.2071730193 	 -0.0000000002 	 0.0000000000 
227.0000000000 	 -0.0134269796 	 373.4792387311 	 -0.0000000002 	 0.0000000000 
227.5000000000 	 -0.0111241723 	 354.3979938107 	 -0.0000000002 	 0.0000000000 
228.0000000000 	 -0.0087253508 	 335.6360607678 	 -0.0000000001 	 0.0000000000 
228.5000000000 	 -0.0062563822 	 317.8301708589 	 -0.0000000001 	 -0.0000000000 
229.0000000000 	 -0.0037437328 	 301.5553049451 	 -0.0000000001 	 -0.0000000000 
229.5000000000 	 -0.0012142063 	 287.3023443741 	 -0.0000000000 	 -0.0000000000 
230.0000000000 	 0.0013053204 	 275.4599348567 	 0.0000000000 	 -0.0000000000 
230.5000000000 	 0.0037881620 	 266.3011028991 	 0.0000000001 	 -0.0000000000 
231.0000000000 	 0.0062080945 	 259.9750005595 	 0.0000000001 	 -0.0000000000 
231.5000000000 	 0.0085396267 	 256.5039846741 	 0.0000000001 	 -0.0000000000 
232.0000000000 	 0.0107582741 	 255.7860558259 	 0.0000000001 	 -0.0000000000 
232.5000000000 	 0.0128408325 	 257.6024882618 	 0.0000000002 	 -0.0000000000 
233.0000000000 	 0.0147656475 	 261.6302767259 	 0.0000000002 	 -0.0000000000 
233.5000000000 	 0.0165128734 	 267.4588213693 	 0.0000000002 	 -0.0000000000 
234.0000000000 	 0.0180647189 	 274.6100785017 	 0.0000000002 	 -0.0000000000 
234.5000000000 	 0.0194056693 	 282.5612396291 	 0.0000000003 	 -0.0000000000 
235.0000000000 	 0.0205226834 	 290.7688800919 	 0.0000000003 	 -0.0000000000 
235.5000000000 	 0.0214053563 	 298.6934525034 	 0.0000000003 	 -0.0000000000 
236.0000000000 	 0.0220460462 	 305.8229981440 	 0.0000000003 	 -0.0000000000 
236.5000000000 	 0.0224399620 	 311.6950080392 	 0.0000000003 	 -0.0000000000 
237.0000000000 	 0.0225852089 	 315.9154870210 	 0.0000000003 	 -0.0000000000 
237.5000000000 	 0.0224827944 	 318.1744368632 	 0.0000000003 	 -0.0000000000 
238.0000000000 	 0.0221365943 	 318.2571753144 	 0.0000000003 	 -0.0000000000 
238.5000000000 	 0.0215532816 	 316.0511237607 	 0.0000000003 	 -0.0000000000 
239.0000000000 	 0.0207422205 	 311.5479185607 	 0.0000000003 	 -0.0000000000 
239.5000000000 	 0.0197153300 	 304.8409111369 	 0.0000000003 	 -0.0000000000 
240.0000000000 	 0.0184869182 	 296.1183222661 	 0.0000000003 	 -0.0000000000 
240.5000000000 	 0.0170734921 	 285.6524840783 	 0.0000000002 	 -0.0000000000 
241.0000000000 	 0.0154935444 	 273.7857520696 	 0.0000000002 	 -0.0000000000 
241.5000000000 	 0.0137673201 	 260.9137858043 	 0.0000000002 	 -0.0000000000 
242.0000000000 	 0.0119165663 	 247.4669824696 	 0.0000000002 	 -0.0000000000 
242.5000000000 	 0.0099642648 	 233.8909026024 	 0.0000000001 	 -0.0000000000 
243.0000000000 	 0.0079343541 	 220.6265495070 	 0.0000000001 	 -0.0000000000 
243.5000000000 	 0.0058514389 	 208.0913523466 	 0.0000000001 	 -0.0000000000 
244.0000000000 	 0.0037404937 	 196.6616569702 	 0.0000000001 	 -0.0000000000 
244.5000000000 	 0.0016265617 	 186.6574518027 	 0.0000000000 	 -0.0000000000 
245.0000000000 	 -0.0004655463 	 178.3299438861 	 -0.0000000000 	 -0.0000000000 
245.5000000000 	 -0.0025115503 	 171.8524657938 	 -0.0000000000 	 -0.0000000000 
246.0000000000 	 -0.0044879919 	 167.3150362193 	 -0.0000000001 	 0.0000000000 
246.5000000000 	 -0.0063725139 	 164.7227267048 	 -0.0000000001 	 0.0000000000 
247.0000000000 	 -0.0081441263 	 163.9978115549 	 -0.0000000001 	 0.0000000000 
247.5000000000 	 -0.0097834537 	 164.9855092665 	 -0.0000000001 	 0.0000000000 
248.0000000000 	 -0.0112729616 	 167.4629659939 	 -0.0000000002 	 0.0000000000 
248.5000000000 	 -0.0125971602 	 171.1509961388 	 -0.0000000002 	 0.0000000000 
249.0000000000 	 -0.0137427814 	 175.7279852176 	 -0.0000000002 	 0.0000000000 
249.5000000000 	 -0.0146989283 	 180.8452799794 	 -0.0000000002 	 0.0000000000 
250.0000000000 	 -0.0154571941 	 186.1433425086 	 -0.0000000002 	 0.0000000000 
250.5000000000 	 -0.0160117500 	 191.2679289096 	 -0.0000000002 	 0.0000000000 
251.0000000000 	 -0.0163593980 	 195.8855689138 	 -0.0000000002 	 0.0000000000 
251.5000000000 	 -0.0164995897 	 199.6976699047 	 -0.0000000002 	 0.0000000000 
252.0000000000 	 -0.0164344081 	 202.4526424920 	 -0.0000000002 	 0.0000000000 
252.5000000000 	 -0.0161685120 	 203.9555493686 	 -0.0000000002 	 0.0000000000 
253.0000000000 	 -0.0157090436 	 204.0749012375 	 -0.0000000002 	 0.0000000000 
253.5000000000 	 -0.0150655005 	 202.7463665741 	 -0.0000000002 	 0.0000000000 
254.0000000000 	 -0.0142495728 	 199.9733132245 	 -0.0000000002 	 0.0000000000 
254.5000000000 	 -0.0132749496 	 195.8242551633 	 -0.0000000002 	 0.0000000000 
255.0000000000 	 -0.0121570986 	 190.4274239280 	 -0.0000000002 	 0.0000000000 
255.5000000000 	 -0.0109130230 	 183.9628165442 	 -0.0000000001 	 0.0000000000 
256.0000000000 	 -0.0095610004 	 176.6521798658 	 -0.0000000001 	 0.0000000000 
256.5000000000 	 -0.0081203104 	 168.7474713380 	 -0.0000000001 	 0.0000000000 
257.0000000000 	 -0.0066109543 	 160.5183833351 	 -0.0000000001 	 0.0000000000 
257.5000000000 	 -0.0050533721 	 152.2395369600 	 -0.0000000001 	 0.0000000000 
258.0000000000 	 -0.0034681615 	 144.1779360830 	 -0.0000000000 	 0.0000000000 
258.5000000000 	 -0.0018758019 	 136.5812357915 	 -0.0000000000 	 0.0000000000 
259.0000000000 	 -0.0002963871 	 129.6673177786 	 -0.0000000000 	 0.0000000000 
259.5000000000 	 0.0012506307 	 123.6155893387 	 0.0000000000 	 0.0000000000 
260.0000000000 	 0.0027466827 	 118.5603317749 	 0.0000000000 	 0.0000000000 
260.5000000000 	 0.0041743085 	 114.5863239417 	 0.0000000001 	 0.0000000000 
261.0000000000 	 0.0055173613 	 111.7268609557 	 0.0000000001 	 0.0000000000 
261.5000000000 	 0.0067611918 	 109.9641782108 	 0.0000000001 	 0.0000000000 
262.0000000000 	 0.0078928061 	 109.2321823278 	 0.0000000001 	 0.0000000000 
262.5000000000 	 0.0089009977 	 109.4212874398 	 0.0000000001 	 -0.0000000000 
263.0000000000 	 0.0097764490 	 110.3850617403 	 0.0000000001 	 -0.0000000000 
263.5000000000 	 0.0105118032 	 111.9483114972 	 0.0000000001 	 -0.0000000000 
264.0000000000 	 0.0111017032 	 113.9161717787 	 0.0000000002 	 -0.0000000000 
264.5000000000 	 0.0115428006 	 116.0837388271 	 0.0000000002 	 -0.0000000000 
265.0000000000 	 0.0118337324 	 118.2457699699 	 0.0000000002 	 -0.0000000000 
265.5000000000 	 0.0119750701 	 120.2059942687 	 0.0000000002 	 -0.0000000000 
266.0000000000 	 0.0119692407 	 121.7856166785 	 0.0000000002 	 -0.0000000000 
266.5000000000 	 0.0118204255 	 122.8306580390 	 0.0000000002 	 -0.0000000000 
267.0000000000 	 0.0115344376 	 123.2178503522 	 0.0000000002 	 -0.0000000000 
267.5000000000 	 0.0111185830 	 122.8588866232 	 0.0000000002 	 -0.0000000000 
268.0000000000 	 0.0105815080 	 121.7029183071 	 0.0000000001 	 -0.0000000000 
268.5000000000 	 0.0099330375 	 119.7372751946 	 0.0000000001 	 -0.0000000000 
269.0000000000 	 0.0091840055 	 116.9864666371 	 0.0000000001 	 -0.0000000000 
269.5000000000 	 0.0083460823 	 113.5095960638 	 0.0000000001 	 -0.0000000000 
270.0000000000 	 0.0074316007 	 109.3963796456 	 0.0000000001 	 -0.0000000000 
270.5000000000 	 0.0064533823 	 104.7620115826 	 0.0000000001 	 -0.0000000000 
271.0000000000 	 0.0054245674 	 99.7411514414 	 0.0000000001 	 -0.0000000000 
271.5000000000 	 0.0043584492 	 94.4813323271 	 0.0000000001 	 -0.0000000000 
272.0000000000 	 0.0032683147 	 89.1360966639 	 0.0000000000 	 -0.0000000000 
272.5000000000 	 0.0021672921 	 83.8581626937 	 0.0000000000 	 -0.0000000000 
273.0000000000 	 0.0010682088 	 78.7929095285 	 0.0000000000 	 -0.0000000000 
273.5000000000 	 -0.0000165421 	 74.0724429632 	 -0.0000000000 	 -0.0000000000 
274.0000000000 	 -0.0010751233 	 69.8104691738 	 -0.0000000000 	 -0.0000000000 
274.5000000000 	 -0.0020963629 	 66.0981602989 	 -0.0000000000 	 -0.0000000000 
275.0000000000 	 -0.0030698508 	 63.0011484232 	 -0.0000000000 	 -0.0000000000 
275.5000000000 	 -0.0039860220 	 60.5577308364 	 -0.0000000001 	 -0.0000000000 
276.0000000000 	 -0.0048362255 	 58.7783160093 	 -0.0000000001 	 -0.0000000000 
276.5000000000 	 -0.0056127792 	 57.6460855163 	 -0.0000000001 	 -0.0000000000 
277.0000000000 	 -0.0063090102 	 57.1187969259 	 -0.0000000001 	 -0.0000000000 
277.5000000000 	 -0.0069192822 	 57.1316069085 	 -0.0000000001 	 -0.0000000000 
278.0000000000 	 -0.0074390087 	 57.6007555540 	 -0.0000000001 	 -0.0000000000 
278.5000000000 	 -0.0078646546 	 58.4279230594 	 -0.0000000001 	 -0.0000000000 
279.0000000000 	 -0.0081937263 	 59.5050494056 	 -0.0000000001 	 -0.0000000000 
279.5000000000 	 -0.0084247519 	 60.7193972390 	 -0.0000000001 	 -0.0000000000 
280.0000000000 	 -0.0085572536 	 61.9586374262 	 -0.0000000001 	 0.0000000000 
280.5000000000 	 -0.0085917119 	 63.1157448580 	 -0.0000000001 	 0.0000000000 
281.0000000000 	 -0.0085295262 	 64.0935082812 	 -0.0000000001 	 0.0000000000 
281.5000000000 	 -0.0083729704 	 64.8084808664 	 -0.0000000001 	 0.0000000000 
282.0000000000 	 -0.0081251473 	 65.1942262887 	 -0.0000000001 	 0.0000000000 
282.5000000000 	 -0.0077899417 	 65.2037464260 	 -0.0000000001 	 0.0000000000 
283.0000000000 	 -0.0073719730 	 64.8110097965 	 -0.0000000001 	 0.0000000000 
283.5000000000 	 -0.0068765493 	 64.0115348247 	 -0.0000000001 	 0.0000000000 
284.0000000000 	 -0.0063096203 	 62.8220158009 	 -0.0000000001 	 0.0000000000 
284.5000000000 	 -0.0056777309 	 61.2790149733 	 -0.0000000001 	 0.0000000000 
285.0000000000 	 -0.0049879720 	 59.4367790199 	 -0.0000000001 	 0.0000000000 
285.5000000000 	 -0.0042479281 	 57.3642736961 	 -0.0000000001 	 0.0000000000 
286.0000000000 	 -0.0034656202 	 55.1415665704 	 -0.0000000000 	 0.0000000000 
286.5000000000 	 -0.0026494402 	 52.8557222527 	 -0.0000000000 	 0.0000000000 
287.0000000000 	 -0.0018080786 	 50.5964047784 	 -0.0000000000 	 0.0000000000 
287.5000000000 	 -0.0009504430 	 48.4514046444 	 -0.0000000000 	 0.0000000000 
288.0000000000 	 -0.0000855682 	 46.5023190984 	 -0.0000000000 	 0.0000000000 
288.5000000000 	 0.0007774793 	 44.8206114784 	 0.0000000000 	 0.0000000000 
289.0000000000 	 0.0016297007 	 43.4642535172 	 0.0000000000 	 0.0000000000 
289.5000000000 	 0.0024622655 	 42.4751194650 	 0.0000000000 	 0.0000000000 
290.0000000000 	 0.0032666091 	 41.8772511961 	 0.0000000000 	 0.0000000000 
290.5000000000 	 0.0040345250 	 41.6760577396 	 0.0000000001 	 0.0000000000 
291.0000000000 	 0.0047582496 	 41.8584547917 	 0.0000000001 	 0.0000000000 
291.5000000000 	 0.0054305374 	 42.3938977802 	 0.0000000001 	 0.0000000000 
292.0000000000 	 0.0060447280 	 43.2362181176 	 0.0000000001 	 0.0000000000 
292.5000000000 	 0.0065948029 	 44.3261393893 	 0.0000000001 	 0.0000000000 
293.0000000000 	 0.0070754361 	 45.5943279842 	 0.0000000001 	 0.0000000000 
293.5000000000 	 0.0074820377 	 46.9648192393 	 0.0000000001 	 0.0000000000 
294.0000000000 	 0.0078107924 	 48.3586533334 	 0.0000000001 	 -0.0000000000 
294.5000000000 	 0.0080586934 	 49.6975531264 	 0.0000000001 	 -0.0000000000 
295.0000000000 	 0.0082235726 	 50.9074781805 	 0.0000000001 	 -0.0000000000 
295.5000000000 	 0.0083041242 	 51.9218957146 	 0.0000000001 	 -0.0000000000 
296.0000000000 	 0.0082999237 	 52.6846211075 	 0.0000000001 	 -0.0000000000 
296.5000000000 	 0.0082114370 	 53.1521002234 	 0.0000000001 	 -0.0000000000 
297.0000000000 	 0.0080400202 	 53.2950339871 	 0.0000000001 	 -0.0000000000 
297.5000000000 	 0.0077879089 	 53.0992800865 	 0.0000000001 	 -0.0000000000 
298.0000000000 	 0.0074581933 	 52.5660084547 	 0.0000000001 	 -0.0000000000 
298.5000000000 	 0.0070547827 	 51.7111308093 	 0.0000000001 	 -0.0000000000 
299.0000000000 	 0.0065823571 	 50.5640636341 	 0.0000000001 	 -0.0000000000 
299.5000000000 	 0.0060463090 	 49.1659206823 	 0.0000000001 	 -0.0000000000 
300.0000000000 	 0.0054526761 	 47.5672543607 	 0.0000000001 	 -0.0000000000 
300.5000000000 	 0.0048080681 	 45.8254796276 	 0.0000000001 	 -0.0000000000 
301.0000000000 	 0.0041195893 	 44.0021185291 	 0.0000000001 	 -0.0000000000 
301.5000000000 	 0.0033947583 	 42.1599963452 	 0.0000000000 	 -0.0000000000 
302.0000000000 	 0.0026414266 	 40.3605105508 	 0.0000000000 	 -0.0000000000 
302.5000000000 	 0.0018676978 	 38.6610779752 	 0.0000000000 	 -0.0000000000 
303.0000000000 	 0.0010818451 	 37.1128497164 	 0.0000000000 	 -0.0000000000 
303.5000000000 	 0.0002922305 	 35.7587678467 	 0.0000000000 	 0.0000000000 
304.0000000000 	 -0.0004927777 	 34.6320219813 	 -0.0000000000 	 0.0000000000 
304.5000000000 	 -0.0012648875 	 33.7549503793 	 -0.0000000000 	 0.0000000000 
305.0000000000 	 -0.0020159671 	 33.1384146772 	 -0.0000000000 	 0.0000000000 
305.5000000000 	 -0.0027381298 	 32.7816626602 	 -0.0000000000 	 0.0000000000 
306.0000000000 	 -0.0034238187 	 32.6726768521 	 -0.0000000000 	 0.0000000000 
306.5000000000 	 -0.0040658923 	 32.7889888785 	 -0.0000000001 	 0.0000000000 
307.0000000000 	 -0.0046577074 	 33.0989211550 	 -0.0000000001 	 0.0000000000 
307.5000000000 	 -0.0051931989 	 33.5631987997 	 -0.0000000001 	 0.0000000000 
308.0000000000 	 -0.0056669551 	 34.1368580045 	 -0.0000000001 	 0.0000000000 
308.5000000000 	 -0.0060742849 	 34.7713623497 	 -0.0000000001 	 0.0000000000 
309.0000000000 	 -0.0064112774 	 35.4168292497 	 -0.0000000001 	 0.0000000000 
309.5000000000 	 -0.0066748498 	 36.0242635983 	 -0.0000000001 	 0.0000000000 
310.0000000000 	 -0.0068627846 	 36.5476966390 	 -0.0000000001 	 0.0000000000 
310.5000000000 	 -0.0069737541 	 36.9461353848 	 -0.0000000001 	 0.0000000000 
311.0000000000 	 -0.0070073321 	 37.1852387798 	 -0.0000000001 	 0.0000000000 
311.5000000000 	 -0.0069639931 	 37.2386532421 	 -0.0000000001 	 0.0000000000 
312.0000000000 	 -0.0068450998 	 37.0889583973 	 -0.0000000001 	 0.0000000000 
312.5000000000 	 -0.0066528784 	 36.7281937238 	 -0.0000000001 	 0.0000000000 
313.0000000000 	 -0.0063903845 	 36.1579565122 	 -0.0000000001 	 0.0000000000 
313.5000000000 	 -0.0060614584 	 35.3890810980 	 -0.0000000001 	 0.0000000000 
314.0000000000 	 -0.0056706729 	 34.4409265785 	 -0.0000000001 	 0.0000000000 
314.5000000000 	 -0.0052232728 	 33.3403150857 	 -0.0000000001 	 0.0000000000 
315.0000000000 	 -0.0047251076 	 32.1201771235 	 -0.0000000001 	 0.0000000000 
315.5000000000 	 -0.0041825583 	 30.8179689327 	 -0.0000000001 	 0.0000000000 
316.0000000000 	 -0.0036024584 	 29.4739353572 	 -0.0000000000 	 0.0000000000 
316.5000000000 	 -0.0029920108 	 28.1292965244 	 -0.0000000000 	 0.0000000000 
317.0000000000 	 -0.0023587006 	 26.8244374899 	 -0.0000000000 	 0.0000000000 
317.5000000000 	 -0.0017102040 	 25.5971789193 	 -0.0000000000 	 0.0000000000 
318.0000000000 	 -0.0010542967 	 24.4812016577 	 -0.0000000000 	 0.0000000000 
318.5000000000 	 -0.0003987592 	 23.5046910523 	 -0.0000000000 	 0.0000000000 
319.0000000000 	 0.0002487159 	 22.6892550066 	 0.0000000000 	 0.0000000000 
319.5000000000 	 0.0008806171 	 22.0491578661 	 0.0000000000 	 0.0000000000 
320.0000000000 	 0.0014897034 	 21.5908963281 	 0.0000000000 	 -0.0000000000 
320.5000000000 	 0.0020690912 	 21.3131281371 	 0.0000000000 	 -0.0000000000 
321.0000000000 	 0.0026123355 	 21.2069478670 	 0.0000000000 	 -0.0000000000 
321.5000000000 	 0.0031135063 	 21.2564886702 	 0.0000000000 	 -0.0000000000 
322.0000000000 	 0.0035672577 	 21.4398145741 	 0.0000000000 	 -0.0000000000 
322.5000000000 	 0.0039688897 	 21.7300558871 	 0.0000000001 	 -0.0000000000 
323.0000000000 	 0.0043144019 	 22.0967307559 	 0.0000000001 	 -0.0000000000 
323.5000000000 	 0.0046005384 	 22.5071890603 	 0.0000000001 	 -0.0000000000 
324.0000000000 	 0.0048248232 	 22.9281113982 	 0.0000000001 	 -0.0000000000 
324.5000000000 	 0.0049855850 	 23.3269947239 	 0.0000000001 	 -0.0000000000 
325.0000000000 	 0.0050819726 	 23.6735588697 	 0.0000000001 	 -0.0000000000 
325.5000000000 	 0.0051139579 	 23.9410128420 	 0.0000000001 	 -0.0000000000 
326.0000000000 	 0.0050823283 	 24.1071275308 	 0.0000000001 	 -0.0000000000 
326.5000000000 	 0.0049886677 	 24.1550711345 	 0.0000000001 	 -0.0000000000 
327.0000000000 	 0.0048353250 	 24.0739757335 	 0.0000000001 	 -0.0000000000 
327.5000000000 	 0.0046253730 	 23.8592167171 	 0.0000000001 	 -0.0000000000 
328.0000000000 	 0.0043625554 	 23.5124004796 	 0.0000000001 	 -0.0000000000 
328.5000000000 	 0.0040512256 	 23.0410700550 	 0.0000000001 	 -0.0000000000 
329.0000000000 	 0.0036962764 	 22.4581519188 	 0.0000000001 	 -0.0000000000 
329.5000000000 	 0.0033030639 	 21.7811780573 	 0.0000000000 	 -0.0000000000 
330.0000000000 	 0.0028773256 	 21.0313276804 	 0.0000000000 	 -0.0000000000 
330.5000000000 	 0.0024250951 	 20.2323390153 	 0.0000000000 	 -0.0000000000 
331.0000000000 	 0.0019526155 	 19.4093457974 	 0.0000000000 	 -0.0000000000 
331.5000000000 	 0.0014662512 	 18.5876940037 	 0.0000000000 	 -0.0000000000 
332.0000000000 	 0.0009724011 	 17.7917927976 	 0.0000000000 	 -0.0000000000 
332.5000000000 	 0.0004774136 	 17.0440497515 	 0.0000000000 	 -0.0000000000 
333.0000000000 	 -0.0000124960 	 16.3639346113 	 -0.0000000000 	 -0.0000000000 
333.5000000000 	 -0.0004913244 	 15.7672086742 	 -0.0000000000 	 -0.0000000000 
334.0000000000 	 -0.0009533538 	 15.2653482860 	 -0.0000000000 	 -0.0000000000 
334.5000000000 	 -0.0013932216 	 14.8651817794 	 -0.0000000000 	 -0.0000000000 
335.0000000000 	 -0.0018059826 	 14.5687492369 	 -0.0000000000 	 -0.0000000000 
335.5000000000 	 -0.0021871650 	 14.3733843495 	 -0.0000000000 	 -0.0000000000 
336.0000000000 	 -0.0025328181 	 14.2720075155 	 -0.0000000000 	 -0.0000000000 
336.5000000000 	 -0.0028395517 	 14.2536100167 	 -0.0000000000 	 0.0000000000 
337.0000000000 	 -0.0031045666 	 14.3039004788 	 -0.0000000000 	 0.0000000000 
337.5000000000 	 -0.0033256746 	 14.4060779545 	 -0.0000000000 	 0.0000000000 
338.0000000000 	 -0.0035013099 	 14.5416908504 	 -0.0000000000 	 0.0000000000 
338.5000000000 	 -0.0036305298 	 14.6915382787 	 -0.0000000000 	 0.0000000000 
339.0000000000 	 -0.0037130062 	 14.8365697207 	 -0.0000000001 	 0.0000000000 
339.5000000000 	 -0.0037490085 	 14.9587411064 	 -0.0000000001 	 0.0000000000 
340.0000000000 	 -0.0037393780 	 15.0417894752 	 -0.0000000001 	 0.0000000000 
340.5000000000 	 -0.0036854956 	 15.0718938427 	 -0.0000000001 	 0.0000000000 
341.0000000000 	 -0.0035892426 	 15.0381976727 	 -0.0000000000 	 0.0000000000 
341.5000000000 	 -0.0034529574 	 14.9331755833 	 -0.0000000000 	 0.0000000000 
342.0000000000 	 -0.0032793876 	 14.7528356931 	 -0.0000000000 	 0.0000000000 
342.5000000000 	 -0.0030716393 	 14.4967565401 	 -0.0000000000 	 0.0000000000 
343.0000000000 	 -0.0028331247 	 14.1679653856 	 -0.0000000000 	 0.0000000000 
343.5000000000 	 -0.0025675079 	 13.7726709383 	 -0.0000000000 	 0.0000000000 
344.0000000000 	 -0.0022786518 	 13.3198692022 	 -0.0000000000 	 0.0000000000 
344.5000000000 	 -0.0019705633 	 12.8208458000 	 -0.0000000000 	 0.0000000000 
345.0000000000 	 -0.0016473415 	 12.2886003949 	 -0.0000000000 	 0.0000000000 
345.5000000000 	 -0.0013131263 	 11.7372218954 	 -0.0000000000 	 0.0000000000 
346.0000000000 	 -0.0009720486 	 11.1812426422 	 -0.0000000000 	 0.0000000000 
346.5000000000 	 -0.0006281844 	 10.6349999604 	 -0.0000000000 	 0.0000000000 
347.0000000000 	 -0.0002855101 	 10.1120317679 	 -0.0000000000 	 0.0000000000 
347.5000000000 	 0.0000521384 	 9.6245302119 	 0.0000000000 	 0.0000000000 
348.0000000000 	 0.0003811024 	 9.1828742684 	 0.0000000000 	 0.0000000000 
348.5000000000 	 0.0006979347 	 8.7952579308 	 0.0000000000 	 0.0000000000 
349.0000000000 	 0.0009994287 	 8.4674260675 	 0.0000000000 	 0.0000000000 
349.5000000000 	 0.0012826438 	 8.2025252243 	 0.0000000000 	 0.0000000000 
350.0000000000 	 0.0015449262 	 8.0010714015 	 0.0000000000 	 0.0000000000 
350.5000000000 	 0.0017839255 	 7.8610318526 	 0.0000000000 	 0.0000000000 
351.0000000000 	 0.0019976066 	 7.7780133121 	 0.0000000000 	 0.0000000000 
351.5000000000 	 0.0021842579 	 7.7455447450 	 0.0000000000 	 0.0000000000 
352.0000000000 	 0.0023424947 	 7.7554392013 	 0.0000000000 	 0.0000000000 
352.5000000000 	 0.0024712593 	 7.7982165663 	 0.0000000000 	 0.0000000000 
353.0000000000 	 0.0025698176 	 7.8635671927 	 0.0000000000 	 0.0000000000 
353.5000000000 	 0.0026377529 	 7.9408353400 	 0.0000000000 	 0.0000000000 
354.0000000000 	 0.0026749567 	 8.0195014379 	 0.0000000000 	 -0.0000000000 
354.5000000000 	 0.0026816178 	 8.0896429435 	 0.0000000000 	 -0.0000000000 
355.0000000000 	 0.0026582099 	 8.1423550740 	 0.0000000000 	 -0.0000000000 
355.5000000000 	 0.0026054776 	 8.1701151651 	 0.0000000000 	 -0.0000000000 
356.0000000000 	 0.0025244230 	 8.1670767692 	 0.0000000000 	 -0.0000000000 
356.5000000000 	 0.0024162904 	 8.1292831089 	 0.0000000000 	 -0.0000000000 
357.0000000000 	 0.0022825526 	 8.0547923778 	 0.0000000000 	 -0.0000000000 
357.5000000000 	 0.0021248959 	 7.9437111562 	 0.0000000000 	 -0.0000000000 
358.0000000000 	 0.0019452063 	 7.7981355648 	 0.0000000000 	 -0.0000000000 
358.5000000000 	 0.0017455543 	 7.6220029979 	 0.0000000000 	 -0.0000000000 
359.0000000000 	 0.0015281797 	 7.4208614549 	 0.0000000000 	 -0.0000000000 
359.5000000000 	 0.0012954748 	 7.2015664428 	 0.0000000000 	 -0.0000000000 
360.0000000000 	 0.0010499661 	 6.9719192230 	 0.0000000000 	 -0.0000000000 
360.5000000000 	 0.0007942930 	 6.7402635831 	 0.0000000000 	 -0.0000000000 
361.0000000000 	 0.0005311846 	 6.5150602993 	 0.0000000000 	 -0.0000000000 
361.5000000000 	 0.0002634334 	 6.3044614532 	 0.0000000000 	 -0.0000000000 
362.0000000000 	 -0.0000061335 	 6.1159061333 	 -0.0000000000 	 -0.0000000000 
362.5000000000 	 -0.0002746844 	 5.9557589236 	 -0.0000000000 	 -0.0000000000 
363.0000000000 	 -0.0005394148 	 5.8290098208 	 -0.0000000000 	 -0.0000000000 
363.5000000000 	 -0.0007975785 	 5.7390501198 	 -0.0000000000 	 -0.0000000000 
364.0000000000 	 -0.0010465182 	 5.6875340531 	 -0.0000000000 	 -0.0000000000 
364.5000000000 	 -0.0012836935 	 5.6743304822 	 -0.0000000000 	 -0.0000000000 
365.0000000000 	 -0.0015067072 	 5.6975634188 	 -0.0000000000 	 -0.0000000000 
365.5000000000 	 -0.0017133281 	 5.7537356177 	 -0.0000000000 	 -0.0000000000 
366.0000000000 	 -0.0019015113 	 5.8379255424 	 -0.0000000000 	 -0.0000000000 
366.5000000000 	 -0.0020694157 	 5.9440452432 	 -0.0000000000 	 -0.0000000000 
367.0000000000 	 -0.0022154188 	 6.0651448796 	 -0.0000000000 	 -0.0000000000 
367.5000000000 	 -0.0023381308 	 6.1937484337 	 -0.0000000000 	 -0.0000000000 
368.0000000000 	 -0.0024364059 	 6.3222047781 	 -0.0000000000 	 0.0000000000 
368.5000000000 	 -0.0025093526 	 6.4430379443 	 -0.0000000000 	 0.0000000000 
369.0000000000 	 -0.0025563431 	 6.5492808290 	 -0.0000000000 	 0.0000000000 
369.5000000000 	 -0.0025770204 	 6.6347771716 	 -0.0000000000 	 0.0000000000 
370.0000000000 	 -0.0025713032 	 6.6944381686 	 -0.0000000000 	 0.0000000000 
370.5000000000 	 -0.0025393885 	 6.7244419609 	 -0.0000000000 	 0.0000000000 
371.0000000000 	 -0.0024817510 	 6.7223674155 	 -0.0000000000 	 0.0000000000 
371.5000000000 	 -0.0023991383 	 6.6872572994 	 -0.0000000000 	 0.0000000000 
372.0000000000 	 -0.0022925628 	 6.6196099670 	 -0.0000000000 	 0.0000000000 
372.5000000000 	 -0.0021632892 	 6.5213030893 	 -0.0000000000 	 0.0000000000 
373.0000000000 	 -0.0020128193 	 6.3954566972 	 -0.0000000000 	 0.0000000000 
373.5000000000 	 -0.0018428726 	 6.2462457620 	 -0.0000000000 	 0.0000000000 
374.0000000000 	 -0.0016553655 	 6.0786746834 	 -0.0000000000 	 0.0000000000 
374.5000000000 	 -0.0014523873 	 5.8983268319 	 -0.0000000000 	 0.0000000000 
375.0000000000 	 -0.0012361768 	 5.7111020279 	 -0.0000000000 	 0.0000000000 
375.5000000000 	 -0.0010090965 	 5.5229540982 	 -0.0000000000 	 0.0000000000 
376.0000000000 	 -0.0007736078 	 5.3396391338 	 -0.0000000000 	 0.0000000000 
376.5000000000 	 -0.0005322455 	 5.1664834503 	 -0.0000000000 	 0.0000000000 
377.0000000000 	 -0.0002875924 	 5.0081787495 	 -0.0000000000 	 0.0000000000 
377.5000000000 	 -0.0000422539 	 4.8686104279 	 -0.0000000000 	 0.0000000000 
378.0000000000 	 0.0002011678 	 4.7507237258 	 0.0000000000 	 0.0000000000 
378.5000000000 	 0.0004400989 	 4.6564312016 	 0.0000000000 	 -0.0000000000 
379.0000000000 	 0.0006720210 	 4.5865637633 	 0.0000000000 	 -0.0000000000 
379.5000000000 	 0.0008944972 	 4.5408663010 	 0.0000000000 	 -0.0000000000 
380.0000000000 	 0.0011051984 	 4.5180374985 	 0.0000000000 	 -0.0000000000 
380.5000000000 	 0.0013019302 	 4.5158119299 	 0.0000000000 	 -0.0000000000 
381.0000000000 	 0.0014826583 	 4.5310808581 	 0.0000000000 	 -0.0000000000 
381.5000000000 	 0.0016455335 	 4.5600464923 	 0.0000000000 	 -0.0000000000 
382.0000000000 	 0.0017889139 	 4.5984029384 	 0.0000000000 	 -0.0000000000 
382.5000000000 	 0.0019113863 	 4.6415357101 	 0.0000000000 	 -0.0000000000 
383.0000000000 	 0.0020117833 	 4.6847307779 	 0.0000000000 	 -0.0000000000 
383.5000000000 	 0.0020891976 	 4.7233836344 	 0.0000000000 	 -0.0000000000 
384.0000000000 	 0.0021429930 	 4.7531990102 	 0.0000000000 	 -0.0000000000 
384.5000000000 	 0.0021728109 	 4.7703723463 	 0.0000000000 	 -0.0000000000 
385.0000000000 	 0.0021785734 	 4.7717452945 	 0.0000000000 	 -0.0000000000 
385.5000000000 	 0.0021604816 	 4.7549288761 	 0.0000000000 	 -0.0000000000 
386.0000000000 	 0.0021190118 	 4.7183898876 	 0.0000000000 	 -0.0000000000 
386.5000000000 	 0.0020549063 	 4.6614976408 	 0.0000000000 	 -0.0000000000 
387.0000000000 	 0.0019691630 	 4.5845301531 	 0.0000000000 	 -0.0000000000 
387.5000000000 	 0.0018630201 	 4.4886408797 	 0.0000000000 	 -0.0000000000 
388.0000000000 	 0.0017379402 	 4.3757885109 	 0.0000000000 	 -0.0000000000 
388.5000000000 	 0.0015955905 	 4.2486338228 	 0.0000000000 	 -0.0000000000 
389.0000000000 	 0.0014378217 	 4.1104090090 	 0.0000000000 	 -0.0000000000 
389.5000000000 	 0.0012666452 	 3.9647657134 	 0.0000000000 	 -0.0000000000 
390.0000000000 	 0.0010842081 	 3.8156087510 	 0.0000000000 	 -0.0000000000 
390.5000000000 	 0.0008927669 	 3.6669230108 	 0.0000000000 	 -0.0000000000 
391.0000000000 	 0.0006946606 	 3.5226010829 	 0.0000000000 	 -0.0000000000 
391.5000000000 	 0.0004922824 	 3.3862790321 	 0.0000000000 	 -0.0000000000 
392.0000000000 	 0.0002880507 	 3.2611872205 	 0.0000000000 	 -0.0000000000 
392.5000000000 	 0.0000843802 	 3.1500224647 	 0.0000000000 	 -0.0000000000 
393.0000000000 	 -0.0001163474 	 3.0548465143 	 -0.0000000000 	 -0.0000000000 
393.5000000000 	 -0.0003118114 	 2.9770148072 	 -0.0000000000 	 -0.0000000000 
394.0000000000 	 -0.0004997805 	 2.9171379157 	 -0.0000000000 	 -0.0000000000 
394.5000000000 	 -0.0006781388 	 2.8750765919 	 -0.0000000000 	 0.0000000000 
395.0000000000 	 -0.0008449113 	 2.8499697864 	 -0.0000000000 	 0.0000000000 
395.5000000000 	 -0.0009982865 	 2.8402935350 	 -0.0000000000 	 0.0000000000 
396.0000000000 	 -0.0011366383 	 2.8439472876 	 -0.0000000000 	 0.0000000000 
396.5000000000 	 -0.0012585439 	 2.8583631057 	 -0.0000000000 	 0.0000000000 
397.0000000000 	 -0.0013628008 	 2.8806322497 	 -0.0000000000 	 0.0000000000 
397.5000000000 	 -0.0014484393 	 2.9076430738 	 -0.0000000000 	 0.0000000000 
398.0000000000 	 -0.0015147339 	 2.9362237266 	 -0.0000000000 	 0.0000000000 
398.5000000000 	 -0.0015612097 	 2.9632832160 	 -0.0000000000 	 0.0000000000 
399.0000000000 	 -0.0015876472 	 2.9859444415 	 -0.0000000000 	 0.0000000000 
399.5000000000 	 -0.0015940822 	 3.0016634991 	 -0.0000000000 	 0.0000000000 
400.0000000000 	 -0.0015808029 	 3.0083301405 	 -0.0000000000 	 0.0000000000 
400.5000000000 	 -0.0015483436 	 3.0043453030 	 -0.0000000000 	 0.0000000000 
401.0000000000 	 -0.0014974743 	 2.9886728795 	 -0.0000000000 	 0.0000000000 
401.5000000000 	 -0.0014291871 	 2.9608640323 	 -0.0000000000 	 0.0000000000 
402.0000000000 	 -0.0013446793 	 2.9210539598 	 -0.0000000000 	 0.0000000000 
402.5000000000 	 -0.0012453343 	 2.8699320528 	 -0.0000000000 	 0.0000000000 
403.0000000000 	 -0.0011326988 	 2.8086880095 	 -0.0000000000 	 0.0000000000 
403.5000000000 	 -0.0010084594 	 2.7389371748 	 -0.0000000000 	 0.0000000000 
404.0000000000 	 -0.0008744167 	 2.6626296031 	 -0.0000000000 	 0.0000000000 
404.5000000000 	 -0.0007324586 	 2.5819475458 	 -0.0000000000 	 0.0000000000 
405.0000000000 	 -0.0005845337 	 2.4991966341 	 -0.0000000000 	 0.0000000000 
405.5000000000 	 -0.0004326235 	 2.4166959898 	 -0.0000000000 	 0.0000000000 
406.0000000000 	 -0.0002787160 	 2.3366721281 	 -0.0000000000 	 0.0000000000 
406.5000000000 	 -0.0001247793 	 2.2611613802 	 -0.0000000000 	 0.0000000000 
407.0000000000 	 0.0000272644 	 2.1919246426 	 0.0000000000 	 0.0000000000 
407.5000000000 	 0.0001755619 	 2.1303779013 	 0.0000000000 	 0.0000000000 
408.0000000000 	 0.0003183529 	 2.0775408907 	 0.0000000000 	 0.0000000000 
408.5000000000 	 0.0004539905 	 2.0340055543 	 0.0000000000 	 0.0000000000 
409.0000000000 	 0.0005809603 	 1.9999250045 	 0.0000000000 	 0.0000000000 
409.5000000000 	 0.0006978977 	 1.9750227862 	 0.0000000000 	 0.0000000000 
410.0000000000 	 0.0008036022 	 1.9586213143 	 0.0000000000 	 0.0000000000 
410.5000000000 	 0.0008970490 	 1.9496875644 	 0.0000000000 	 0.0000000000 
411.0000000000 	 0.0009773979 	 1.9468933000 	 0.0000000000 	 -0.0000000000 
411.5000000000 	 0.0010439998 	 1.9486865342 	 0.0000000000 	 -0.0000000000 
412.0000000000 	 0.0010963987 	 1.9533704818 	 0.0000000000 	 -0.0000000000 
412.5000000000 	 0.0011343321 	 1.9591860065 	 0.0000000000 	 -0.0000000000 
413.0000000000 	 0.0011577276 	 1.9643936256 	 0.0000000000 	 -0.0000000000 
413.5000000000 	 0.0011666973 	 1.9673511810 	 0.0000000000 	 -0.0000000000 
414.0000000000 	 0.0011615296 	 1.9665838406 	 0.0000000000 	 -0.0000000000 
414.5000000000 	 0.0011426786 	 1.9608435289 	 0.0000000000 	 -0.0000000000 
415.0000000000 	 0.0011107517 	 1.9491555334 	 0.0000000000 	 -0.0000000000 
415.5000000000 	 0.0010664962 	 1.9308508809 	 0.0000000000 	 -0.0000000000 
416.0000000000 	 0.0010107841 	 1.9055836757 	 0.0000000000 	 -0.0000000000 
416.5000000000 	 0.0009445963 	 1.8733334299 	 0.0000000000 	 -0.0000000000 
417.0000000000 	 0.0008690063 	 1.8343930763 	 0.0000000000 	 -0.0000000000 
417.5000000000 	 0.0007851635 	 1.7893438675 	 0.0000000000 	 -0.0000000000 
418.0000000000 	 0.0006942765 	 1.7390189673 	 0.0000000000 	 -0.0000000000 
418.5000000000 	 0.0005975964 	 1.6844578566 	 0.0000000000 	 -0.0000000000 
419.0000000000 	 0.0004964006 	 1.6268539663 	 0.0000000000 	 -0.0000000000 
419.5000000000 	 0.0003919771 	 1.5674980308 	 0.0000000000 	 -0.0000000000 
420.0000000000 	 0.0002856091 	 1.5077198178 	 0.0000000000 	 -0.0000000000 
420.5000000000 	 0.0001785607 	 1.4488306821 	 0.0000000000 	 -0.0000000000 
421.0000000000 	 0.0000720633 	 1.3920693318 	 0.0000000000 	 -0.0000000000 
421.5000000000 	 -0.0000326967 	 1.3385529227 	 -0.0000000000 	 -0.0000000000 
422.0000000000 	 -0.0001345898 	 1.2892352746 	 -0.0000000000 	 -0.0000000000 
422.5000000000 	 -0.0002325534 	 1.2448736391 	 -0.0000000000 	 -0.0000000000 
423.0000000000 	 -0.0003256007 	 1.2060050791 	 -0.0000000000 	 -0.0000000000 
423.5000000000 	 -0.0004128286 	 1.1729330267 	 -0.0000000000 	 -0.0000000000 
424.0000000000 	 -0.0004934241 	 1.1457242281 	 -0.0000000000 	 -0.0000000000 
424.5000000000 	 -0.0005666688 	 1.1242157883 	 -0.0000000000 	 -0.0000000000 
425.0000000000 	 -0.0006319431 	 1.1080316828 	 -0.0000000000 	 -0.0000000000 
425.5000000000 	 -0.0006887281 	 1.0966077109 	 -0.0000000000 	 -0.0000000000 
426.0000000000 	 -0.0007366067 	 1.0892235899 	 -0.0000000000 	 -0.0000000000 
426.5000000000 	 -0.0007752634 	 1.0850406084 	 -0.0000000000 	 -0.0000000000 
427.0000000000 	 -0.0008044834 	 1.0831431332 	 -0.0000000000 	 -0.0000000000 
427.5000000000 	 -0.0008241502 	 1.0825821104 	 -0.0000000000 	 -0.0000000000 
428.0000000000 	 -0.0008342432 	 1.0824187123 	 -0.0000000000 	 0.0000000000 
428.5000000000 	 -0.0008348335 	 1.0817663247 	 -0.0000000000 	 0.0000000000 
429.0000000000 	 -0.0008260809 	 1.0798291346 	 -0.0000000000 	 0.0000000000 
429.5000000000 	 -0.0008082290 	 1.0759358181 	 -0.0000000000 	 0.0000000000 
430.0000000000 	 -0.0007816011 	 1.0695670183 	 -0.0000000000 	 0.0000000000 
430.5000000000 	 -0.0007465959 	 1.0603754938 	 -0.0000000000 	 0.0000000000 
431.0000000000 	 -0.0007036825 	 1.0481982712 	 -0.0000000000 	 0.0000000000 
431.5000000000 	 -0.0006533967 	 1.0330601948 	 -0.0000000000 	 0.0000000000 
432.0000000000 	 -0.0005963360 	 1.0151688674 	 -0.0000000000 	 0.0000000000 
432.5000000000 	 -0.0005331552 	 0.9949010789 	 -0.0000000000 	 0.0000000000 
433.0000000000 	 -0.0004645614 	 0.9727813008 	 -0.0000000000 	 0.0000000000 
433.5000000000 	 -0.0003913088 	 0.9494531866 	 -0.0000000000 	 0.0000000000 
434.0000000000 	 -0.0003141927 	 0.9256453619 	 -0.0000000000 	 0.0000000000 
434.5000000000 	 -0.0002340425 	 0.9021331916 	 -0.0000000000 	 0.0000000000 
435.0000000000 	 -0.0001517146 	 0.8796984422 	 -0.0000000000 	 0.0000000000 
435.5000000000 	 -0.0000680836 	 0.8590890208 	 -0.0000000000 	 0.0000000000 
436.0000000000 	 0.0000159664 	 0.8409809912 	 0.0000000000 	 0.0000000000 
436.5000000000 	 0.0000995522 	 0.8259449846 	 0.0000000000 	 0.0000000000 
437.0000000000 	 0.0001818004 	 0.8144188076 	 0.0000000000 	 0.0000000000 
437.5000000000 	 0.0002618579 	 0.8066876585 	 0.0000000000 	 0.0000000000 
438.0000000000 	 0.0003389010 	 0.8028727939 	 0.0000000000 	 0.0000000000 
438.5000000000 	 0.0004121442 	 0.8029289430 	 0.0000000000 	 0.0000000000 
439.0000000000 	 0.0004808478 	 0.8066502038 	 0.0000000000 	 0.0000000000 
439.5000000000 	 0.0005443255 	 0.8136836794 	 0.0000000000 	 0.0000000000 
440.0000000000 	 0.0006019501 	 0.8235497483 	 0.0000000000 	 0.0000000000 
440.5000000000 	 0.0006531587 	 0.8356676020 	 0.0000000000 	 0.0000000000 
441.0000000000 	 0.0006974580 	 0.8493845455 	 0.0000000000 	 0.0000000000 
441.5000000000 	 0.0007344275 	 0.8640074980 	 0.0000000000 	 0.0000000000 
442.0000000000 	 0.0007637238 	 0.8788351191 	 0.0000000000 	 -0.0000000000 
442.5000000000 	 0.0007850834 	 0.8931890809 	 0.0000000000 	 -0.0000000000 
443.0000000000 	 0.0007983258 	 0.9064430610 	 0.0000000000 	 -0.0000000000 
443.5000000000 	 0.0008033552 	 0.9180482193 	 0.0000000000 	 -0.0000000000 
444.0000000000 	 0.0008001623 	 0.9275540757 	 0.0000000000 	 -0.0000000000 
444.5000000000 	 0.0007888247 	 0.9346239972 	 0.0000000000 	 -0.0000000000 
445.0000000000 	 0.0007695066 	 0.9390447216 	 0.0000000000 	 -0.0000000000 
445.5000000000 	 0.0007424566 	 0.9407297772 	 0.0000000000 	 -0.0000000000 
446.0000000000 	 0.0007080056 	 0.9397168744 	 0.0000000000 	 -0.0000000000 
446.5000000000 	 0.0006665621 	 0.9361597715 	 0.0000000000 	 -0.0000000000 
447.0000000000 	 0.0006186073 	 0.9303152864 	 0.0000000000 	 -0.0000000000 
447.5000000000 	 0.0005646892 	 0.9225263871 	 0.0000000000 	 -0.0000000000 
448.0000000000 	 0.0005054155 	 0.9132024144 	 0.0000000000 	 -0.0000000000 
448.5000000000 	 0.0004414462 	 0.9027974244 	 0.0000000000 	 -0.0000000000 
449.0000000000 	 0.0003734864 	 0.8917877916 	 0.0000000000 	 -0.0000000000 
449.5000000000 	 0.0003022784 	 0.8806499534 	 0.0000000000 	 -0.0000000000 
450.0000000000 	 0.0002285932 	 0.8698392107 	 0.0000000000 	 -0.0000000000 
450.5000000000 	 0.0001532237 	 0.8597703454 	 0.0000000000 	 -0.0000000000 
451.0000000000 	 0.0000769758 	 0.8508006640 	 0.0000000000 	 -0.0000000000 
451.5000000000 	 0.0000006610 	 0.8432160431 	 0.0000000000 	 -0.0000000000 
452.0000000000 	 -0.0000749115 	 0.8372203780 	 -0.0000000000 	 -0.0000000000 
452.5000000000 	 -0.0001489431 	 0.8329287452 	 -0.0000000000 	 -0.0000000000 
453.0000000000 	 -0.0002206542 	 0.8303644756 	 -0.0000000000 	 0.0000000000 
453.5000000000 	 -0.0002892917 	 0.8294601827 	 -0.0000000000 	 0.0000000000 
454.0000000000 	 -0.0003541381 	 0.8300626511 	 -0.0000000000 	 0.0000000000 
454.5000000000 	 -0.0004145192 	 0.8319413326 	 -0.0000000000 	 0.0000000000 
455.0000000000 	 -0.0004698121 	 0.8348000487 	 -0.0000000000 	 0.0000000000 
455.5000000000 	 -0.0005194532 	 0.8382913425 	 -0.0000000000 	 0.0000000000 
456.0000000000 	 -0.0005629446 	 0.8420328156 	 -0.0000000000 	 0.0000000000 
456.5000000000 	 -0.0005998606 	 0.8456246861 	 -0.0000000000 	 0.0000000000 
457.0000000000 	 -0.0006298529 	 0.8486677446 	 -0.0000000000 	 0.0000000000 
457.5000000000 	 -0.0006526550 	 0.8507809383 	 -0.0000000000 	 0.0000000000 
458.0000000000 	 -0.0006680851 	 0.8516177205 	 -0.0000000000 	 0.0000000000 
458.5000000000 	 -0.0006760480 	 0.8508806015 	 -0.0000000000 	 0.0000000000 
459.0000000000 	 -0.0006765356 	 0.8483331940 	 -0.0000000000 	 0.0000000000 
459.5000000000 	 -0.0006696264 	 0.8438093804 	 -0.0000000000 	 0.0000000000 
460.0000000000 	 -0.0006554841 	 0.8372192529 	 -0.0000000000 	 0.0000000000 
460.5000000000 	 -0.0006343542 	 0.8285517287 	 -0.0000000000 	 0.0000000000 
461.0000000000 	 -0.0006065610 	 0.8178737585 	 -0.0000000000 	 0.0000000000 
461.5000000000 	 -0.0005725025 	 0.8053263085 	 -0.0000000000 	 0.0000000000 
462.0000000000 	 -0.0005326451 	 0.7911173749 	 -0.0000000000 	 0.0000000000 
462.5000000000 	 -0.0004875180 	 0.7755123645 	 -0.0000000000 	 0.0000000000 
463.0000000000 	 -0.0004377058 	 0.7588223274 	 -0.0000000000 	 0.0000000000 
463.5000000000 	 -0.0003838418 	 0.7413905896 	 -0.0000000000 	 0.0000000000 
464.0000000000 	 -0.0003265997 	 0.7235783489 	 -0.0000000000 	 0.0000000000 
464.5000000000 	 -0.0002666862 	 0.7057499149 	 -0.0000000000 	 0.0000000000 
465.0000000000 	 -0.0002048317 	 0.6882581756 	 -0.0000000000 	 0.0000000000 
465.5000000000 	 -0.0001417819 	 0.6714309545 	 -0.0000000000 	 0.0000000000 
466.0000000000 	 -0.0000782886 	 0.6555588105 	 -0.0000000000 	 0.0000000000 
466.5000000000 	 -0.0000151011 	 0.6408847828 	 -0.0000000000 	 0.0000000000 
467.0000000000 	 0.0000470433 	 0.6275964905 	 0.0000000000 	 0.0000000000 
467.5000000000 	 0.0001074279 	 0.6158208585 	 0.0000000000 	 0.0000000000 
468.0000000000 	 0.0001653652 	 0.6056216529 	 0.0000000000 	 0.0000000000 
468.5000000000 	 0.0002202047 	 0.5969998258 	 0.0000000000 	 -0.0000000000 
469.0000000000 	 0.0002713414 	 0.5898965712 	 0.0000000000 	 -0.0000000000 
469.5000000000 	 0.0003182220 	 0.5841988660 	 0.0000000000 	 -0.0000000000 
470.0000000000 	 0.0003603518 	 0.5797471572 	 0.0000000000 	 -0.0000000000 
470.5000000000 	 0.0003973005 	 0.5763447798 	 0.0000000000 	 -0.0000000000 
471.0000000000 	 0.0004287065 	 0.5737686243 	 0.0000000000 	 -0.0000000000 
471.5000000000 	 0.0004542817 	 0.5717805510 	 0.0000000000 	 -0.0000000000 
472.0000000000 	 0.0004738138 	 0.5701390073 	 0.0000000000 	 -0.0000000000 
472.5000000000 	 0.0004871690 	 0.5686103561 	 0.0000000000 	 -0.0000000000 
473.0000000000 	 0.0004942928 	 0.5669794286 	 0.0000000000 	 -0.0000000000 
473.5000000000 	 0.0004952097 	 0.5650588442 	 0.0000000000 	 -0.0000000000 
474.0000000000 	 0.0004900227 	 0.5626967741 	 0.0000000000 	 -0.0000000000 
474.5000000000 	 0.0004789105 	 0.5597828050 	 0.0000000000 	 -0.0000000000 
475.0000000000 	 0.0004621246 	 0.5562517272 	 0.0000000000 	 -0.0000000000 
475.5000000000 	 0.0004399843 	 0.5520851244 	 0.0000000000 	 -0.0000000000 
476.0000000000 	 0.0004128719 	 0.5473107546 	 0.0000000000 	 -0.0000000000 
476.5000000000 	 0.0003812263 	 0.5419997934 	 0.0000000000 	 -0.0000000000 
477.0000000000 	 0.0003455359 	 0.5362621250 	 0.0000000000 	 -0.0000000000 
477.5000000000 	 0.0003063312 	 0.5302399227 	 0.0000000000 	 -0.0000000000 
478.0000000000 	 0.0002641766 	 0.5240998510 	 0.0000000000 	 -0.0000000000 
478.5000000000 	 0.0002196623 	 0.5180242827 	 0.0000000000 	 -0.0000000000 
479.0000000000 	 0.0001733960 	 0.5122019023 	 0.0000000000 	 -0.0000000000 
479.5000000000 	 0.0001259942 	 0.5068181785 	 0.0000000000 	 -0.0000000000 
480.0000000000 	 0.0000780739 	 0.5020461044 	 0.0000000000 	 -0.0000000000 
480.5000000000 	 0.0000302447 	 0.4980376246 	 0.0000000000 	 -0.0000000000 
481.0000000000 	 -0.0000168990 	 0.4949161269 	 -0.0000000000 	 -0.0000000000 
481.5000000000 	 -0.0000627859 	 0.4927703362 	 -0.0000000000 	 -0.0000000000 
482.0000000000 	 -0.0001068742 	 0.4916498612 	 -0.0000000000 	 -0.0000000000 
482.5000000000 	 -0.0001486585 	 0.4915625853 	 -0.0000000000 	 -0.0000000000 
483.0000000000 	 -0.0001876754 	 0.4924740030 	 -0.0000000000 	 -0.0000000000 
483.5000000000 	 -0.0002235089 	 0.4943085061 	 -0.0000000000 	 -0.0000000000 
484.0000000000 	 -0.0002557942 	 0.4969525302 	 -0.0000000000 	 -0.0000000000 
484.5000000000 	 -0.0002842221 	 0.5002593788 	 -0.0000000000 	 -0.0000000000 
485.0000000000 	 -0.0003085408 	 0.5040554615 	 -0.0000000000 	 0.0000000000 
485.5000000000 	 -0.0003285579 	 0.5081476202 	 -0.0000000000 	 0.0000000000 
486.0000000000 	 -0.0003441413 	 0.5123311551 	 -0.0000000000 	 0.0000000000 
486.5000000000 	 -0.0003552187 	 0.5163981562 	 -0.0000000000 	 0.0000000000 
487.0000000000 	 -0.0003617767 	 0.5201457368 	 -0.0000000000 	 0.0000000000 
487.5000000000 	 -0.0003638588 	 0.5233837899 	 -0.0000000000 	 0.0000000000 
488.0000000000 	 -0.0003615628 	 0.5259419367 	 -0.0000000000 	 0.0000000000 
488.5000000000 	 -0.0003550372 	 0.5276753775 	 -0.0000000000 	 0.0000000000 
489.0000000000 	 -0.0003444777 	 0.5284694504 	 -0.0000000000 	 0.0000000000 
489.5000000000 	 -0.0003301227 	 0.5282427695 	 -0.0000000000 	 0.0000000000 
490.0000000000 	 -0.0003122485 	 0.5269488694 	 -0.0000000000 	 0.0000000000 
490.5000000000 	 -0.0002911647 	 0.5245763735 	 -0.0000000000 	 0.0000000000 
491.0000000000 	 -0.0002672085 	 0.5211477663 	 -0.0000000000 	 0.0000000000 
491.5000000000 	 -0.0002407405 	 0.5167168886 	 -0.0000000000 	 0.0000000000 
492.0000000000 	 -0.0002121384 	 0.5113653477 	 -0.0000000000 	 0.0000000000 
492.5000000000 	 -0.0001817929 	 0.5051980134 	 -0.0000000000 	 0.0000000000 
493.0000000000 	 -0.0001501017 	 0.4983378418 	 -0.0000000000 	 0.0000000000 
493.5000000000 	 -0.0001174656 	 0.4909202758 	 -0.0000000000 	 0.0000000000 
494.0000000000 	 -0.0000842829 	 0.4830874290 	 -0.0000000000 	 0.0000000000 
494.5000000000 	 -0.0000509457 	 0.4749822994 	 -0.0000000000 	 0.0000000000 
495.0000000000 	 -0.0000178353 	 0.4667432311 	 -0.0000000000 	 0.0000000000 
495.5000000000 	 0.0000146817 	 0.4584988296 	 0.0000000000 	 0.0000000000 
496.0000000000 	 0.0000462564 	 0.4503634830 	 0.0000000000 	 0.0000000000 
496.5000000000 	 0.0000765614 	 0.4424336795 	 0.0000000000 	 0.0000000000 
497.0000000000 	 0.0001052932 	 0.4347852161 	 0.0000000000 	 0.0000000000 
497.5000000000 	 0.0001321745 	 0.4274714014 	 0.0000000000 	 0.0000000000 
498.0000000000 	 0.0001569561 	 0.4205223143 	 0.0000000000 	 0.0000000000 
498.5000000000 	 0.0001794189 	 0.4139451289 	 0.0000000000 	 0.0000000000 
499.0000000000 	 0.0001993740 	 0.4077254978 	 0.0000000000 	 0.0000000000 
499.5000000000 	 0.0002166644 	 0.4018299294 	 0.0000000000 	 0.0000000000 
