0.0000000000 	 1.0000000000 	 11091.5525666825 	 0.0000002320 	 0.0000000000 
0.5000000000 	 0.9978074243 	 7881.1441154294 	 0.0000002316 	 0.0000000000 
1.0000000000 	 0.9904165791 	 7680.7365357327 	 0.0000002302 	 0.0000000000 
1.5000000000 	 0.9774608774 	 7437.1722388212 	 0.0000002277 	 0.0000000000 
2.0000000000 	 0.9590345606 	 7155.0517290259 	 0.0000002241 	 0.0000000000 
2.5000000000 	 0.9352515336 	 6838.6798133293 	 0.0000002195 	 0.0000000000 
3.0000000000 	 0.9062446695 	 6492.0341538277 	 0.0000002139 	 0.0000000000 
3.5000000000 	 0.8721648157 	 6118.7896707891 	 0.0000002073 	 0.0000000000 
4.0000000000 	 0.8331794742 	 5722.3906874192 	 0.0000001998 	 0.0000000000 
4.5000000000 	 0.7894712089 	 5306.1622626658 	 0.0000001914 	 0.0000000000 
5.0000000000 	 0.7412359034 	 4873.4518445368 	 0.0000001820 	 0.0000000000 
5.5000000000 	 0.6886810549 	 4427.7919930358 	 0.0000001719 	 0.0000000000 
6.0000000000 	 0.6320243237 	 3973.0743367790 	 0.0000001609 	 0.0000000000 
6.5000000000 	 0.5714925551 	 3513.7239552723 	 0.0000001493 	 0.0000000000 
7.0000000000 	 0.5073214498 	 3054.8617628409 	 0.0000001369 	 0.0000000000 
7.5000000000 	 0.4397559827 	 2602.4400412076 	 0.0000001238 	 0.0000000000 
8.0000000000 	 0.3690515585 	 2163.3332817973 	 0.0000001102 	 0.0000000000 
8.5000000000 	 0.2954757762 	 1745.3639792497 	 0.0000000959 	 0.0000000000 
9.0000000000 	 0.2193105671 	 1357.2427503280 	 0.0000000812 	 0.0000000000 
9.5000000000 	 0.1408543974 	 1008.4060477891 	 0.0000000661 	 0.0000000000 
10.0000000000 	 0.0604242192 	 708.7437082508 	 0.0000000505 	 0.0000000000 
10.5000000000 	 -0.0216431061 	 468.2216466235 	 0.0000000347 	 0.0000000000 
11.0000000000 	 -0.1049901064 	 296.4194917911 	 0.0000000186 	 0.0000000000 
11.5000000000 	 -0.1892388216 	 202.0156513231 	 0.0000000023 	 0.0000000000 
12.0000000000 	 -0.2739917715 	 192.2608292494 	 -0.0000000141 	 0.0000000000 
12.5000000000 	 -0.3588337257 	 272.4842725366 	 -0.0000000304 	 0.0000000000 
13.0000000000 	 -0.4433341785 	 445.6745967002 	 -0.0000000468 	 0.0000000000 
13.5000000000 	 -0.5270503888 	 712.1688730081 	 -0.0000000629 	 0.0000000000 
14.0000000000 	 -0.6095308257 	 1069.4704770022 	 -0.0000000789 	 0.0000000000 
14.5000000000 	 -0.6903188651 	 1512.2004242153 	 -0.0000000945 	 0.0000000000 
15.0000000000 	 -0.7689566298 	 2032.1726719459 	 -0.0000001097 	 -0.0000000000 
15.5000000000 	 -0.8449889237 	 2618.5753151624 	 -0.0000001243 	 -0.0000000000 
16.0000000000 	 -0.9179672536 	 3258.2385683953 	 -0.0000001384 	 -0.0000000000 
16.5000000000 	 -0.9874539423 	 3935.9751312672 	 -0.0000001519 	 -0.0000000000 
17.0000000000 	 -1.0530262989 	 4634.9848103550 	 -0.0000001645 	 -0.0000000000 
17.5000000000 	 -1.1142807621 	 5337.3189498808 	 -0.0000001764 	 -0.0000000000 
18.0000000000 	 -1.1708368827 	 6024.3995562619 	 -0.0000001873 	 -0.0000000000 
18.5000000000 	 -1.2223410103 	 6677.5837149823 	 -0.0000001972 	 -0.0000000000 
19.0000000000 	 -1.2684695744 	 7278.7582662113 	 -0.0000002061 	 -0.0000000000 
19.5000000000 	 -1.3089319170 	 7810.9448144898 	 -0.0000002140 	 -0.0000000000 
20.0000000000 	 -1.3434726975 	 8258.8919637851 	 -0.0000002206 	 -0.0000000000 
20.5000000000 	 -1.3718739446 	 8609.6299885683 	 -0.0000002261 	 -0.0000000000 
21.0000000000 	 -1.3939568403 	 8852.9622624447 	 -0.0000002304 	 -0.0000000000 
21.5000000000 	 -1.4095832968 	 8981.8672794255 	 -0.0000002334 	 -0.0000000000 
22.0000000000 	 -1.4186573238 	 8992.7855132359 	 -0.0000002352 	 -0.0000000000 
22.5000000000 	 -1.4211261129 	 8885.7681088119 	 -0.0000002356 	 -0.0000000000 
23.0000000000 	 -1.4169807086 	 8664.4712986746 	 -0.0000002348 	 -0.0000000000 
23.5000000000 	 -1.4062561327 	 8335.9924064065 	 -0.0000002328 	 -0.0000000000 
24.0000000000 	 -1.3890308789 	 7910.5588887200 	 -0.0000002294 	 -0.0000000000 
24.5000000000 	 -1.3654257901 	 7401.0967900078 	 -0.0000002249 	 -0.0000000000 
25.0000000000 	 -1.3356024046 	 6822.7138585887 	 -0.0000002191 	 -0.0000000000 
25.5000000000 	 -1.2997608884 	 6192.1323054394 	 -0.0000002122 	 -0.0000000000 
26.0000000000 	 -1.2581376343 	 5527.0983387382 	 -0.0000002042 	 -0.0000000000 
26.5000000000 	 -1.2110025599 	 4845.7855168661 	 -0.0000001950 	 -0.0000000000 
27.0000000000 	 -1.1586561250 	 4166.2023088069 	 -0.0000001849 	 -0.0000000000 
27.5000000000 	 -1.1014261346 	 3505.6139817086 	 -0.0000001739 	 -0.0000000000 
28.0000000000 	 -1.0396644748 	 2879.9944046029 	 -0.0000001620 	 -0.0000000000 
28.5000000000 	 -0.9737439759 	 2303.5311723012 	 -0.0000001492 	 -0.0000000000 
29.0000000000 	 -0.9040555713 	 1788.2129234871 	 -0.0000001358 	 -0.0000000000 
29.5000000000 	 -0.8310058038 	 1343.5266802238 	 -0.0000001216 	 -0.0000000000 
30.0000000000 	 -0.7550145895 	 976.2839908821 	 -0.0000001070 	 -0.0000000000 
30.5000000000 	 -0.6765130465 	 690.5800926023 	 -0.0000000918 	 -0.0000000000 
31.0000000000 	 -0.5959411822 	 487.8755130887 	 -0.0000000762 	 -0.0000000000 
31.5000000000 	 -0.5137452950 	 367.1794110687 	 -0.0000000604 	 -0.0000000000 
32.0000000000 	 -0.4303750416 	 325.3103371712 	 -0.0000000443 	 -0.0000000000 
32.5000000000 	 -0.3462802014 	 357.2115091653 	 -0.0000000280 	 -0.0000000000 
33.0000000000 	 -0.2619072166 	 456.3012145990 	 -0.0000000117 	 -0.0000000000 
33.5000000000 	 -0.1776956008 	 614.8421860303 	 0.0000000045 	 -0.0000000000 
34.0000000000 	 -0.0940743158 	 824.3157510200 	 0.0000000207 	 -0.0000000000 
34.5000000000 	 -0.0114582188 	 1075.7874243266 	 0.0000000367 	 0.0000000000 
35.0000000000 	 0.0697553067 	 1360.2510877848 	 0.0000000523 	 0.0000000000 
35.5000000000 	 0.1491894081 	 1668.9396627276 	 0.0000000677 	 0.0000000000 
36.0000000000 	 0.2264903697 	 1993.5915744456 	 0.0000000826 	 0.0000000000 
36.5000000000 	 0.3013296241 	 2326.6643466020 	 0.0000000971 	 0.0000000000 
37.0000000000 	 0.3734050385 	 2661.4891314828 	 0.0000001110 	 0.0000000000 
37.5000000000 	 0.4424413717 	 2992.3626265439 	 0.0000001243 	 0.0000000000 
38.0000000000 	 0.5081898413 	 3314.5755246366 	 0.0000001370 	 0.0000000000 
38.5000000000 	 0.5704268005 	 3624.3794780537 	 0.0000001491 	 0.0000000000 
39.0000000000 	 0.6289515945 	 3918.8977551441 	 0.0000001604 	 0.0000000000 
39.5000000000 	 0.6835837406 	 4195.9884985857 	 0.0000001709 	 0.0000000000 
40.0000000000 	 0.7341596523 	 4454.0735783912 	 0.0000001807 	 0.0000000000 
40.5000000000 	 0.7805291780 	 4691.9497812405 	 0.0000001896 	 0.0000000000 
41.0000000000 	 0.8225522434 	 4908.6014179113 	 0.0000001978 	 0.0000000000 
41.5000000000 	 0.8600958738 	 5103.0333478107 	 0.0000002050 	 0.0000000000 
42.0000000000 	 0.8930318184 	 5274.1404819581 	 0.0000002114 	 0.0000000000 
42.5000000000 	 0.9212349413 	 5420.6244648330 	 0.0000002168 	 0.0000000000 
43.0000000000 	 0.9445824822 	 5540.9616216912 	 0.0000002213 	 0.0000000000 
43.5000000000 	 0.9629542498 	 5633.4198789317 	 0.0000002249 	 0.0000000000 
44.0000000000 	 0.9762337766 	 5696.1175426943 	 0.0000002274 	 0.0000000000 
44.5000000000 	 0.9843104261 	 5727.1143307397 	 0.0000002290 	 0.0000000000 
45.0000000000 	 0.9870823848 	 5724.5249075473 	 0.0000002295 	 0.0000000000 
45.5000000000 	 0.9844603945 	 5686.6466310777 	 0.0000002290 	 0.0000000000 
46.0000000000 	 0.9763719887 	 5612.0950875247 	 0.0000002275 	 0.0000000000 
46.5000000000 	 0.9627659260 	 5499.9421562101 	 0.0000002248 	 0.0000000000 
47.0000000000 	 0.9436164735 	 5349.8512948811 	 0.0000002211 	 0.0000000000 
47.5000000000 	 0.9189272051 	 5162.2037264968 	 0.0000002164 	 0.0000000000 
48.0000000000 	 0.8887340365 	 4938.2080276030 	 0.0000002105 	 0.0000000000 
48.5000000000 	 0.8531073039 	 4679.9850948007 	 0.0000002037 	 0.0000000000 
49.0000000000 	 0.8121527947 	 4390.6210726258 	 0.0000001957 	 0.0000000000 
49.5000000000 	 0.7660117349 	 4074.1825542300 	 0.0000001868 	 -0.0000000000 
50.0000000000 	 0.7148598222 	 3735.6908513695 	 0.0000001770 	 -0.0000000000 
50.5000000000 	 0.6589054509 	 3381.0548952765 	 0.0000001661 	 -0.0000000000 
51.0000000000 	 0.5983873227 	 3016.9649965624 	 0.0000001545 	 -0.0000000000 
51.5000000000 	 0.5335716504 	 2650.7520800757 	 0.0000001419 	 -0.0000000000 
52.0000000000 	 0.4647491745 	 2290.2191011385 	 0.0000001286 	 -0.0000000000 
52.5000000000 	 0.3922322070 	 1943.4531361694 	 0.0000001146 	 -0.0000000000 
53.0000000000 	 0.3163519123 	 1618.6279302362 	 0.0000001000 	 -0.0000000000 
53.5000000000 	 0.2374560239 	 1323.8069702284 	 0.0000000847 	 -0.0000000000 
54.0000000000 	 0.1559071678 	 1066.7557180908 	 0.0000000690 	 -0.0000000000 
54.5000000000 	 0.0720819082 	 854.7679867850 	 0.0000000528 	 -0.0000000000 
55.0000000000 	 -0.0136294739 	 694.5059309798 	 0.0000000362 	 -0.0000000000 
55.5000000000 	 -0.1008225959 	 591.8473727299 	 0.0000000194 	 -0.0000000000 
56.0000000000 	 -0.1890782554 	 551.7306966385 	 0.0000000023 	 -0.0000000000 
56.5000000000 	 -0.2779617542 	 577.9884780735 	 -0.0000000148 	 -0.0000000000 
57.0000000000 	 -0.3670226532 	 673.1667431564 	 -0.0000000320 	 -0.0000000000 
57.5000000000 	 -0.4557952800 	 838.3355049793 	 -0.0000000492 	 -0.0000000000 
58.0000000000 	 -0.5438001938 	 1072.9049913977 	 -0.0000000662 	 -0.0000000000 
58.5000000000 	 -0.6305466992 	 1374.4682275990 	 -0.0000000829 	 -0.0000000000 
59.0000000000 	 -0.7155364319 	 1738.6932321275 	 -0.0000000993 	 -0.0000000000 
59.5000000000 	 -0.7982679834 	 2159.2871013279 	 -0.0000001153 	 -0.0000000000 
60.0000000000 	 -0.8782424768 	 2628.0501364225 	 -0.0000001308 	 -0.0000000000 
60.5000000000 	 -0.9549699031 	 3135.0312070719 	 -0.0000001456 	 -0.0000000000 
61.0000000000 	 -1.0279759012 	 3668.7861261708 	 -0.0000001597 	 -0.0000000000 
61.5000000000 	 -1.0968085559 	 4216.7299601429 	 -0.0000001730 	 -0.0000000000 
62.0000000000 	 -1.1610447563 	 4765.5637653431 	 -0.0000001854 	 -0.0000000000 
62.5000000000 	 -1.2202957136 	 5301.7483301142 	 -0.0000001968 	 -0.0000000000 
63.0000000000 	 -1.2742113744 	 5811.9935573872 	 -0.0000002073 	 -0.0000000000 
63.5000000000 	 -1.3224836180 	 6283.7323564072 	 -0.0000002166 	 0.0000000000 
64.0000000000 	 -1.3648482548 	 6705.5514568305 	 -0.0000002248 	 0.0000000000 
64.5000000000 	 -1.4010859229 	 7067.5570940658 	 -0.0000002318 	 0.0000000000 
65.0000000000 	 -1.4310220080 	 7361.6598678227 	 -0.0000002375 	 0.0000000000 
65.5000000000 	 -1.4545257187 	 7581.7694706466 	 -0.0000002421 	 0.0000000000 
66.0000000000 	 -1.4715084392 	 7723.8959879866 	 -0.0000002454 	 0.0000000000 
66.5000000000 	 -1.4819214895 	 7786.1598500488 	 -0.0000002474 	 0.0000000000 
67.0000000000 	 -1.4857534303 	 7768.7171589226 	 -0.0000002481 	 0.0000000000 
67.5000000000 	 -1.4830270824 	 7673.6110774185 	 -0.0000002476 	 0.0000000000 
68.0000000000 	 -1.4737964571 	 7504.5635055942 	 -0.0000002458 	 0.0000000000 
68.5000000000 	 -1.4581438315 	 7266.7247335389 	 -0.0000002428 	 0.0000000000 
69.0000000000 	 -1.4361772174 	 6966.4022421224 	 -0.0000002385 	 0.0000000000 
69.5000000000 	 -1.4080284678 	 6610.7927241073 	 -0.0000002331 	 0.0000000000 
70.0000000000 	 -1.3738522116 	 6207.7421829515 	 -0.0000002265 	 0.0000000000 
70.5000000000 	 -1.3338256988 	 5765.5555844681 	 -0.0000002188 	 0.0000000000 
71.0000000000 	 -1.2881494849 	 5292.8686097233 	 -0.0000002099 	 0.0000000000 
71.5000000000 	 -1.2370487208 	 4798.5802958811 	 -0.0000002001 	 0.0000000000 
72.0000000000 	 -1.1807746937 	 4291.8300269306 	 -0.0000001892 	 0.0000000000 
72.5000000000 	 -1.1196062201 	 3781.9900341641 	 -0.0000001774 	 0.0000000000 
73.0000000000 	 -1.0538505370 	 3278.6388811159 	 -0.0000001647 	 0.0000000000 
73.5000000000 	 -0.9838434346 	 2791.4834172611 	 -0.0000001512 	 0.0000000000 
74.0000000000 	 -0.9099484927 	 2330.2053753132 	 -0.0000001369 	 0.0000000000 
74.5000000000 	 -0.8325553981 	 1904.2226040982 	 -0.0000001219 	 0.0000000000 
75.0000000000 	 -0.7520774244 	 1522.3725012594 	 -0.0000001064 	 0.0000000000 
75.5000000000 	 -0.6689482462 	 1192.5443886250 	 -0.0000000903 	 0.0000000000 
76.0000000000 	 -0.5836183330 	 921.3041303975 	 -0.0000000739 	 0.0000000000 
76.5000000000 	 -0.4965511879 	 713.5625149106 	 -0.0000000570 	 0.0000000000 
77.0000000000 	 -0.4082196588 	 572.3346445560 	 -0.0000000400 	 0.0000000000 
77.5000000000 	 -0.3191024515 	 498.6214228688 	 -0.0000000228 	 0.0000000000 
78.0000000000 	 -0.2296808548 	 491.4219190774 	 -0.0000000055 	 0.0000000000 
78.5000000000 	 -0.1404355956 	 547.8646000588 	 0.0000000117 	 0.0000000000 
79.0000000000 	 -0.0518436998 	 663.4316756033 	 0.0000000289 	 0.0000000000 
79.5000000000 	 0.0356247440 	 832.2454974898 	 0.0000000458 	 0.0000000000 
80.0000000000 	 0.1215099607 	 1047.3871608196 	 0.0000000623 	 0.0000000000 
80.5000000000 	 0.2053659702 	 1301.2220845715 	 0.0000000785 	 0.0000000000 
81.0000000000 	 0.2867640684 	 1585.7128575578 	 0.0000000943 	 0.0000000000 
81.5000000000 	 0.3652961513 	 1892.7046499245 	 0.0000001094 	 0.0000000000 
82.0000000000 	 0.4405777076 	 2214.1726008565 	 0.0000001240 	 0.0000000000 
82.5000000000 	 0.5122503067 	 2542.4239238835 	 0.0000001378 	 0.0000000000 
83.0000000000 	 0.5799834487 	 2870.2503623825 	 0.0000001509 	 0.0000000000 
83.5000000000 	 0.6434756977 	 3191.0294927449 	 0.0000001632 	 -0.0000000000 
84.0000000000 	 0.7024550955 	 3498.7766197108 	 0.0000001746 	 -0.0000000000 
84.5000000000 	 0.7566789361 	 3788.1529037938 	 0.0000001850 	 -0.0000000000 
85.0000000000 	 0.8059330594 	 4054.4398033441 	 0.0000001945 	 -0.0000000000 
85.5000000000 	 0.8500308771 	 4293.4942291173 	 0.0000002031 	 -0.0000000000 
86.0000000000 	 0.8888123571 	 4501.7017665388 	 0.0000002106 	 -0.0000000000 
86.5000000000 	 0.9221431561 	 4675.9455237340 	 0.0000002170 	 -0.0000000000 
87.0000000000 	 0.9499140164 	 4813.6047158109 	 0.0000002224 	 -0.0000000000 
87.5000000000 	 0.9720404457 	 4912.5901543591 	 0.0000002266 	 -0.0000000000 
88.0000000000 	 0.9884626208 	 4971.4146233540 	 0.0000002298 	 -0.0000000000 
88.5000000000 	 0.9991454027 	 4989.2865450937 	 0.0000002319 	 -0.0000000000 
89.0000000000 	 1.0040783419 	 4966.2072771710 	 0.0000002328 	 -0.0000000000 
89.5000000000 	 1.0032755656 	 4903.0475626818 	 0.0000002327 	 -0.0000000000 
90.0000000000 	 0.9967754742 	 4801.5786352948 	 0.0000002314 	 -0.0000000000 
90.5000000000 	 0.9846402094 	 4664.4393373946 	 0.0000002291 	 -0.0000000000 
91.0000000000 	 0.9669548916 	 4495.0321066699 	 0.0000002256 	 -0.0000000000 
91.5000000000 	 0.9438266610 	 4297.3554718964 	 0.0000002212 	 -0.0000000000 
92.0000000000 	 0.9153835808 	 4075.7945555009 	 0.0000002157 	 -0.0000000000 
92.5000000000 	 0.8817734718 	 3834.8996007480 	 0.0000002092 	 -0.0000000000 
93.0000000000 	 0.8431627417 	 3579.1832934874 	 0.0000002017 	 -0.0000000000 
93.5000000000 	 0.7997352484 	 3312.9612953530 	 0.0000001933 	 0.0000000000 
94.0000000000 	 0.7516912002 	 3040.2500151449 	 0.0000001841 	 0.0000000000 
94.5000000000 	 0.6992460661 	 2764.7248624510 	 0.0000001739 	 0.0000000000 
95.0000000000 	 0.6426294469 	 2489.7336440097 	 0.0000001630 	 0.0000000000 
95.5000000000 	 0.5820838561 	 2218.3543322740 	 0.0000001513 	 0.0000000000 
96.0000000000 	 0.5178633783 	 1953.4838472603 	 0.0000001389 	 0.0000000000 
96.5000000000 	 0.4502322052 	 1697.9439113500 	 0.0000001258 	 0.0000000000 
97.0000000000 	 0.3794630978 	 1454.5906779848 	 0.0000001122 	 0.0000000000 
97.5000000000 	 0.3058358742 	 1226.4161920214 	 0.0000000979 	 0.0000000000 
98.0000000000 	 0.2296360709 	 1016.6315295707 	 0.0000000832 	 0.0000000000 
98.5000000000 	 0.1511539599 	 828.7234702913 	 0.0000000681 	 0.0000000000 
99.0000000000 	 0.0706841147 	 666.4784943504 	 0.0000000525 	 0.0000000000 
99.5000000000 	 -0.0114743016 	 533.9694106699 	 0.0000000367 	 0.0000000000 
100.0000000000 	 -0.0950164054 	 435.5006941292 	 0.0000000205 	 0.0000000000 
100.5000000000 	 -0.1796295903 	 375.5085910121 	 0.0000000042 	 0.0000000000 
101.0000000000 	 -0.2649907452 	 358.4117373904 	 -0.0000000123 	 0.0000000000 
101.5000000000 	 -0.3507629290 	 388.4085854382 	 -0.0000000289 	 0.0000000000 
102.0000000000 	 -0.4365918811 	 469.2209202058 	 -0.0000000455 	 0.0000000000 
102.5000000000 	 -0.5221028510 	 603.7893785706 	 -0.0000000620 	 0.0000000000 
103.0000000000 	 -0.6068982640 	 793.9369530871 	 -0.0000000784 	 0.0000000000 
103.5000000000 	 -0.6905566742 	 1040.0278121736 	 -0.0000000945 	 0.0000000000 
104.0000000000 	 -0.7726333112 	 1340.6578731690 	 -0.0000001104 	 0.0000000000 
104.5000000000 	 -0.8526623370 	 1692.4171581902 	 -0.0000001258 	 0.0000000000 
105.0000000000 	 -0.9301607533 	 2089.7605025227 	 -0.0000001408 	 0.0000000000 
105.5000000000 	 -1.0046337567 	 2525.0131330876 	 -0.0000001552 	 0.0000000000 
106.0000000000 	 -1.0755812482 	 2988.5226953312 	 -0.0000001689 	 0.0000000000 
106.5000000000 	 -1.1425051342 	 3468.9517593678 	 -0.0000001818 	 0.0000000000 
107.0000000000 	 -1.2049170152 	 3953.6876021351 	 -0.0000001939 	 0.0000000000 
107.5000000000 	 -1.2623458567 	 4429.3328497593 	 -0.0000002050 	 0.0000000000 
108.0000000000 	 -1.3143452790 	 4882.2349427326 	 -0.0000002150 	 0.0000000000 
108.5000000000 	 -1.3605002055 	 5299.0157832649 	 -0.0000002239 	 0.0000000000 
109.0000000000 	 -1.4004327287 	 5667.0731526388 	 -0.0000002316 	 0.0000000000 
109.5000000000 	 -1.4338071643 	 5975.0375107801 	 -0.0000002381 	 0.0000000000 
110.0000000000 	 -1.4603343184 	 6213.1765613571 	 -0.0000002432 	 -0.0000000000 
110.5000000000 	 -1.4797750022 	 6373.7431817682 	 -0.0000002470 	 -0.0000000000 
111.0000000000 	 -1.4919428094 	 6451.2610962616 	 -0.0000002493 	 -0.0000000000 
111.5000000000 	 -1.4967061600 	 6442.7400343181 	 -0.0000002502 	 -0.0000000000 
112.0000000000 	 -1.4939896267 	 6347.8108110899 	 -0.0000002497 	 -0.0000000000 
112.5000000000 	 -1.4837746044 	 6168.7719265185 	 -0.0000002477 	 -0.0000000000 
113.0000000000 	 -1.4660994314 	 5910.5424060888 	 -0.0000002443 	 -0.0000000000 
113.5000000000 	 -1.4410591071 	 5580.5194060106 	 -0.0000002395 	 -0.0000000000 
114.0000000000 	 -1.4088047463 	 5188.3424700234 	 -0.0000002333 	 -0.0000000000 
114.5000000000 	 -1.3695428568 	 4745.5689476658 	 -0.0000002257 	 -0.0000000000 
115.0000000000 	 -1.3235344339 	 4265.2675834672 	 -0.0000002168 	 -0.0000000000 
115.5000000000 	 -1.2710937408 	 3761.5408901842 	 -0.0000002067 	 -0.0000000000 
116.0000000000 	 -1.2125865382 	 3248.9927456728 	 -0.0000001954 	 -0.0000000000 
116.5000000000 	 -1.1484274710 	 2742.1656804681 	 -0.0000001830 	 -0.0000000000 
117.0000000000 	 -1.0790763533 	 2254.9805471277 	 -0.0000001696 	 -0.0000000000 
117.5000000000 	 -1.0050332169 	 1800.2160013974 	 -0.0000001553 	 -0.0000000000 
118.0000000000 	 -0.9268321574 	 1389.0630844549 	 -0.0000001402 	 -0.0000000000 
118.5000000000 	 -0.8450341588 	 1030.7805980664 	 -0.0000001244 	 -0.0000000000 
119.0000000000 	 -0.7602191703 	 732.4630132288 	 -0.0000001080 	 -0.0000000000 
119.5000000000 	 -0.6729777447 	 498.9192852785 	 -0.0000000911 	 -0.0000000000 
120.0000000000 	 -0.5839025800 	 332.6519601962 	 -0.0000000739 	 -0.0000000000 
120.5000000000 	 -0.4935803608 	 233.9223947623 	 -0.0000000565 	 -0.0000000000 
121.0000000000 	 -0.4025843469 	 200.8885669235 	 -0.0000000389 	 -0.0000000000 
121.5000000000 	 -0.3114681571 	 229.8046759419 	 -0.0000000213 	 -0.0000000000 
122.0000000000 	 -0.2207610588 	 315.2743235760 	 -0.0000000038 	 -0.0000000000 
122.5000000000 	 -0.1309648305 	 450.5497348297 	 0.0000000136 	 -0.0000000000 
123.0000000000 	 -0.0425519728 	 627.8674386940 	 0.0000000306 	 -0.0000000000 
123.5000000000 	 0.0440351655 	 838.8068702896 	 0.0000000474 	 -0.0000000000 
124.0000000000 	 0.1283848291 	 1074.6545252101 	 0.0000000637 	 -0.0000000000 
124.5000000000 	 0.2101162476 	 1326.7546345338 	 0.0000000795 	 -0.0000000000 
125.0000000000 	 0.2888801848 	 1586.8286237806 	 0.0000000947 	 -0.0000000000 
125.5000000000 	 0.3643596727 	 1847.2492045196 	 0.0000001092 	 -0.0000000000 
126.0000000000 	 0.4362708407 	 2101.2594655686 	 0.0000001231 	 -0.0000000000 
126.5000000000 	 0.5043636869 	 2343.1316378504 	 0.0000001363 	 -0.0000000000 
127.0000000000 	 0.5684226200 	 2568.2637939824 	 0.0000001487 	 -0.0000000000 
127.5000000000 	 0.6282666137 	 2773.2156414137 	 0.0000001602 	 -0.0000000000 
128.0000000000 	 0.6837488292 	 2955.6870316753 	 0.0000001709 	 -0.0000000000 
128.5000000000 	 0.7347555925 	 3114.4450417982 	 0.0000001808 	 -0.0000000000 
129.0000000000 	 0.7812046441 	 3249.2075099917 	 0.0000001898 	 0.0000000000 
129.5000000000 	 0.8230426188 	 3360.4925796989 	 0.0000001978 	 0.0000000000 
130.0000000000 	 0.8602417652 	 3449.4449111047 	 0.0000002050 	 0.0000000000 
130.5000000000 	 0.8927959649 	 3517.6496070068 	 0.0000002113 	 0.0000000000 
131.0000000000 	 0.9207161706 	 3566.9445773526 	 0.0000002167 	 0.0000000000 
131.5000000000 	 0.9440254331 	 3599.2412104000 	 0.0000002212 	 0.0000000000 
132.0000000000 	 0.9627537326 	 3616.3620955317 	 0.0000002248 	 0.0000000000 
132.5000000000 	 0.9769328682 	 3619.9033706172 	 0.0000002276 	 0.0000000000 
133.0000000000 	 0.9865916790 	 3611.1280825864 	 0.0000002294 	 0.0000000000 
133.5000000000 	 0.9917518785 	 3590.8955753998 	 0.0000002304 	 0.0000000000 
134.0000000000 	 0.9924247683 	 3559.6300710290 	 0.0000002306 	 0.0000000000 
134.5000000000 	 0.9886090602 	 3517.3291128500 	 0.0000002298 	 0.0000000000 
135.0000000000 	 0.9802899741 	 3463.6095333334 	 0.0000002282 	 0.0000000000 
135.5000000000 	 0.9674397086 	 3397.7855777780 	 0.0000002257 	 0.0000000000 
136.0000000000 	 0.9500193059 	 3318.9714489248 	 0.0000002224 	 0.0000000000 
136.5000000000 	 0.9279818599 	 3226.1994413103 	 0.0000002181 	 0.0000000000 
137.0000000000 	 0.9012769581 	 3118.5452806517 	 0.0000002130 	 0.0000000000 
137.5000000000 	 0.8698561874 	 2995.2540628349 	 0.0000002069 	 0.0000000000 
138.0000000000 	 0.8336794649 	 2855.8626163854 	 0.0000001999 	 0.0000000000 
138.5000000000 	 0.7927218866 	 2700.3162138972 	 0.0000001920 	 0.0000000000 
139.0000000000 	 0.7469807120 	 2529.0784019195 	 0.0000001832 	 0.0000000000 
139.5000000000 	 0.6964820510 	 2343.2318369459 	 0.0000001734 	 0.0000000000 
140.0000000000 	 0.6412868165 	 2144.5656818722 	 0.0000001627 	 0.0000000000 
140.5000000000 	 0.5814955524 	 1935.6422954724 	 0.0000001512 	 0.0000000000 
141.0000000000 	 0.5172518491 	 1719.8338809144 	 0.0000001388 	 0.0000000000 
141.5000000000 	 0.4487442007 	 1501.3194299020 	 0.0000001255 	 0.0000000000 
142.0000000000 	 0.3762063040 	 1285.0340532000 	 0.0000001115 	 0.0000000000 
142.5000000000 	 0.2999159337 	 1076.5663003464 	 0.0000000968 	 -0.0000000000 
143.0000000000 	 0.2201926282 	 882.0035878472 	 0.0000000814 	 -0.0000000000 
143.5000000000 	 0.1373944763 	 707.7305288516 	 0.0000000654 	 -0.0000000000 
144.0000000000 	 0.0519143122 	 560.1890974176 	 0.0000000489 	 -0.0000000000 
144.5000000000 	 -0.0358243895 	 445.6127297302 	 0.0000000319 	 -0.0000000000 
145.0000000000 	 -0.1253716651 	 369.7484552208 	 0.0000000147 	 -0.0000000000 
145.5000000000 	 -0.2162550451 	 337.5819095326 	 -0.0000000029 	 -0.0000000000 
146.0000000000 	 -0.3079832033 	 353.0796475131 	 -0.0000000206 	 -0.0000000000 
146.5000000000 	 -0.4000491410 	 418.9616621335 	 -0.0000000384 	 -0.0000000000 
147.0000000000 	 -0.4919328381 	 536.5146618196 	 -0.0000000562 	 -0.0000000000 
147.5000000000 	 -0.5831033817 	 705.4539106591 	 -0.0000000738 	 -0.0000000000 
148.0000000000 	 -0.6730207169 	 923.8389649699 	 -0.0000000911 	 -0.0000000000 
148.5000000000 	 -0.7611373117 	 1188.0471319111 	 -0.0000001082 	 -0.0000000000 
149.0000000000 	 -0.8469001535 	 1492.8081766014 	 -0.0000001247 	 -0.0000000000 
149.5000000000 	 -0.9297535220 	 1831.3041202792 	 -0.0000001407 	 -0.0000000000 
150.0000000000 	 -1.0091428827 	 2195.3375866436 	 -0.0000001561 	 -0.0000000000 
150.5000000000 	 -1.0845200372 	 2575.5697535415 	 -0.0000001706 	 -0.0000000000 
151.0000000000 	 -1.1553494404 	 2961.8240698793 	 -0.0000001843 	 -0.0000000000 
151.5000000000 	 -1.2211154279 	 3343.4451390187 	 -0.0000001970 	 -0.0000000000 
152.0000000000 	 -1.2813300276 	 3709.6950177471 	 -0.0000002086 	 -0.0000000000 
152.5000000000 	 -1.3355410207 	 4050.1634515024 	 -0.0000002191 	 -0.0000000000 
153.0000000000 	 -1.3833399197 	 4355.1660162705 	 -0.0000002283 	 -0.0000000000 
153.5000000000 	 -1.4243694932 	 4616.1058676010 	 -0.0000002363 	 -0.0000000000 
154.0000000000 	 -1.4583304229 	 4825.7804926868 	 -0.0000002428 	 -0.0000000000 
154.5000000000 	 -1.4849866656 	 4978.6224736762 	 -0.0000002480 	 -0.0000000000 
155.0000000000 	 -1.5041691707 	 5070.8698920408 	 -0.0000002517 	 -0.0000000000 
155.5000000000 	 -1.5157777636 	 5100.6656256733 	 -0.0000002539 	 -0.0000000000 
156.0000000000 	 -1.5197812044 	 5068.0855159599 	 -0.0000002547 	 -0.0000000000 
156.5000000000 	 -1.5162155938 	 4975.0950290336 	 -0.0000002540 	 -0.0000000000 
157.0000000000 	 -1.5051813925 	 4825.4346088676 	 -0.0000002519 	 -0.0000000000 
157.5000000000 	 -1.4868393388 	 4624.4363507956 	 -0.0000002483 	 -0.0000000000 
158.0000000000 	 -1.4614055167 	 4378.7785768790 	 -0.0000002434 	 -0.0000000000 
158.5000000000 	 -1.4291457853 	 4096.1893627516 	 -0.0000002372 	 -0.0000000000 
159.0000000000 	 -1.3903697461 	 3785.1140515291 	 -0.0000002297 	 -0.0000000000 
159.5000000000 	 -1.3454244084 	 3454.3646595898 	 -0.0000002210 	 -0.0000000000 
160.0000000000 	 -1.2946877185 	 3112.7705838267 	 -0.0000002112 	 0.0000000000 
160.5000000000 	 -1.2385621310 	 2768.8501607508 	 -0.0000002004 	 0.0000000000 
161.0000000000 	 -1.1774684137 	 2430.5214847603 	 -0.0000001886 	 0.0000000000 
161.5000000000 	 -1.1118398845 	 2104.8684943645 	 -0.0000001759 	 0.0000000000 
162.0000000000 	 -1.0421172678 	 1797.9745988775 	 -0.0000001624 	 0.0000000000 
162.5000000000 	 -0.9687443276 	 1514.8309141701 	 -0.0000001483 	 0.0000000000 
163.0000000000 	 -0.8921643742 	 1259.3195385258 	 -0.0000001335 	 0.0000000000 
163.5000000000 	 -0.8128176564 	 1034.2647205466 	 -0.0000001181 	 0.0000000000 
164.0000000000 	 -0.7311395619 	 841.5373729964 	 -0.0000001024 	 0.0000000000 
164.5000000000 	 -0.6475594679 	 682.1927354612 	 -0.0000000862 	 0.0000000000 
165.0000000000 	 -0.5625000429 	 556.6185097207 	 -0.0000000698 	 0.0000000000 
165.5000000000 	 -0.4763768077 	 464.6721060012 	 -0.0000000531 	 0.0000000000 
166.0000000000 	 -0.3895978054 	 405.7903041847 	 -0.0000000364 	 0.0000000000 
166.5000000000 	 -0.3025632976 	 379.0614880804 	 -0.0000000196 	 0.0000000000 
167.0000000000 	 -0.2156654591 	 383.2583817447 	 -0.0000000028 	 0.0000000000 
167.5000000000 	 -0.1292880916 	 416.8368652123 	 0.0000000139 	 0.0000000000 
168.0000000000 	 -0.0438063894 	 477.9130172203 	 0.0000000304 	 0.0000000000 
168.5000000000 	 0.0404132186 	 564.2348651015 	 0.0000000467 	 0.0000000000 
169.0000000000 	 0.1230131587 	 673.1661818153 	 0.0000000626 	 0.0000000000 
169.5000000000 	 0.2036447864 	 801.6964307903 	 0.0000000782 	 0.0000000000 
170.0000000000 	 0.2819685438 	 946.4843207113 	 0.0000000933 	 0.0000000000 
170.5000000000 	 0.3576543187 	 1103.9344229491 	 0.0000001080 	 0.0000000000 
171.0000000000 	 0.4303821216 	 1270.2993829596 	 0.0000001220 	 0.0000000000 
171.5000000000 	 0.4998431524 	 1441.7961410993 	 0.0000001354 	 0.0000000000 
172.0000000000 	 0.5657412699 	 1614.7236336123 	 0.0000001481 	 0.0000000000 
172.5000000000 	 0.6277948032 	 1785.5709251153 	 0.0000001601 	 0.0000000000 
173.0000000000 	 0.6857385867 	 1951.1074762429 	 0.0000001713 	 0.0000000000 
173.5000000000 	 0.7393260584 	 2108.4503158747 	 0.0000001817 	 0.0000000000 
174.0000000000 	 0.7883312436 	 2255.1057257425 	 0.0000001911 	 0.0000000000 
174.5000000000 	 0.8325504553 	 2388.9854463042 	 0.0000001997 	 0.0000000000 
175.0000000000 	 0.8718035699 	 2508.3993180181 	 0.0000002073 	 0.0000000000 
175.5000000000 	 0.9059347748 	 2612.0276646013 	 0.0000002139 	 0.0000000000 
176.0000000000 	 0.9348127395 	 2698.8776286656 	 0.0000002194 	 0.0000000000 
176.5000000000 	 0.9583302104 	 2768.2282075593 	 0.0000002240 	 0.0000000000 
177.0000000000 	 0.9764030909 	 2819.5691529564 	 0.0000002275 	 0.0000000000 
177.5000000000 	 0.9889691235 	 2852.5394817230 	 0.0000002299 	 -0.0000000000 
178.0000000000 	 0.9959863418 	 2866.8722493285 	 0.0000002313 	 -0.0000000000 
178.5000000000 	 0.9974315040 	 2862.3532600850 	 0.0000002315 	 -0.0000000000 
179.0000000000 	 0.9932987286 	 2838.8018866491 	 0.0000002307 	 -0.0000000000 
179.5000000000 	 0.9835985400 	 2796.0812318424 	 0.0000002289 	 -0.0000000000 
180.0000000000 	 0.9683574656 	 2734.1417624258 	 0.0000002259 	 -0.0000000000 
180.5000000000 	 0.9476182433 	 2653.0972551155 	 0.0000002219 	 -0.0000000000 
181.0000000000 	 0.9214405987 	 2553.3253321781 	 0.0000002169 	 -0.0000000000 
181.5000000000 	 0.8899024749 	 2435.5786073998 	 0.0000002108 	 -0.0000000000 
182.0000000000 	 0.8531015493 	 2301.0881621977 	 0.0000002037 	 -0.0000000000 
182.5000000000 	 0.8111568649 	 2151.6399214773 	 0.0000001956 	 -0.0000000000 
183.0000000000 	 0.7642104116 	 1989.6070486988 	 0.0000001865 	 -0.0000000000 
183.5000000000 	 0.7124285192 	 1817.9276394491 	 0.0000001765 	 -0.0000000000 
184.0000000000 	 0.6560029449 	 1640.0259649161 	 0.0000001656 	 -0.0000000000 
184.5000000000 	 0.5951515579 	 1459.6856255147 	 0.0000001538 	 -0.0000000000 
185.0000000000 	 0.5301185464 	 1280.8917841274 	 0.0000001413 	 -0.0000000000 
185.5000000000 	 0.4611741024 	 1107.6646614786 	 0.0000001279 	 -0.0000000000 
186.0000000000 	 0.3886135662 	 943.9062419196 	 0.0000001139 	 -0.0000000000 
186.5000000000 	 0.3127560479 	 793.2770180901 	 0.0000000993 	 -0.0000000000 
187.0000000000 	 0.2339425627 	 659.1115949594 	 0.0000000841 	 -0.0000000000 
187.5000000000 	 0.1525337376 	 544.3736901449 	 0.0000000683 	 0.0000000000 
188.0000000000 	 0.0689071573 	 451.6445727620 	 0.0000000522 	 0.0000000000 
188.5000000000 	 -0.0165455649 	 383.1351916731 	 0.0000000357 	 0.0000000000 
189.0000000000 	 -0.1034218928 	 340.7110187077 	 0.0000000189 	 0.0000000000 
189.5000000000 	 -0.1913115272 	 325.9192848682 	 0.0000000019 	 0.0000000000 
190.0000000000 	 -0.2797994775 	 340.0100551306 	 -0.0000000152 	 0.0000000000 
190.5000000000 	 -0.3684688849 	 383.9448745954 	 -0.0000000323 	 0.0000000000 
191.0000000000 	 -0.4569034303 	 458.3891113853 	 -0.0000000494 	 0.0000000000 
191.5000000000 	 -0.5446891653 	 563.6863047352 	 -0.0000000663 	 0.0000000000 
192.0000000000 	 -0.6314156372 	 699.8145363113 	 -0.0000000831 	 0.0000000000 
192.5000000000 	 -0.7166762240 	 866.3259183919 	 -0.0000000996 	 0.0000000000 
193.0000000000 	 -0.8000676758 	 1062.2708153108 	 -0.0000001157 	 0.0000000000 
193.5000000000 	 -0.8811889513 	 1286.1088408217 	 -0.0000001313 	 0.0000000000 
194.0000000000 	 -0.9596395592 	 1535.6098250088 	 -0.0000001465 	 0.0000000000 
194.5000000000 	 -1.0350177361 	 1807.7507132336 	 -0.0000001611 	 0.0000000000 
195.0000000000 	 -1.1069188980 	 2098.6191153213 	 -0.0000001749 	 0.0000000000 
195.5000000000 	 -1.1749348529 	 2403.3401583801 	 -0.0000001881 	 0.0000000000 
196.0000000000 	 -1.2386542213 	 2716.0482542124 	 -0.0000002004 	 0.0000000000 
196.5000000000 	 -1.2976643720 	 3029.9266271313 	 -0.0000002118 	 0.0000000000 
197.0000000000 	 -1.3515549777 	 3337.3330969427 	 -0.0000002222 	 0.0000000000 
197.5000000000 	 -1.3999230737 	 3630.0208344997 	 -0.0000002315 	 0.0000000000 
198.0000000000 	 -1.4423793391 	 3899.4496337175 	 -0.0000002397 	 0.0000000000 
198.5000000000 	 -1.4785552177 	 4137.1693495210 	 -0.0000002467 	 0.0000000000 
199.0000000000 	 -1.5081104539 	 4335.2448283420 	 -0.0000002524 	 0.0000000000 
199.5000000000 	 -1.5307406159 	 4486.6828599948 	 -0.0000002568 	 0.0000000000 
200.0000000000 	 -1.5461841894 	 4585.8185515464 	 -0.0000002598 	 0.0000000000 
200.5000000000 	 -1.5542288723 	 4628.6230648564 	 -0.0000002613 	 0.0000000000 
201.0000000000 	 -1.5547167875 	 4612.9071231415 	 -0.0000002614 	 0.0000000000 
201.5000000000 	 -1.5475484533 	 4538.4121015380 	 -0.0000002601 	 0.0000000000 
202.0000000000 	 -1.5326854869 	 4406.7972383717 	 -0.0000002572 	 0.0000000000 
202.5000000000 	 -1.5101521116 	 4221.5421199415 	 -0.0000002528 	 0.0000000000 
203.0000000000 	 -1.4800355865 	 3987.7859618648 	 -0.0000002470 	 0.0000000000 
203.5000000000 	 -1.4424856722 	 3712.1212548779 	 -0.0000002398 	 0.0000000000 
204.0000000000 	 -1.3977132212 	 3402.3531857100 	 -0.0000002311 	 0.0000000000 
204.5000000000 	 -1.3459879713 	 3067.2315126983 	 -0.0000002211 	 0.0000000000 
205.0000000000 	 -1.2876356308 	 2716.1598207672 	 -0.0000002098 	 -0.0000000000 
205.5000000000 	 -1.2230343785 	 2358.8878418104 	 -0.0000001974 	 -0.0000000000 
206.0000000000 	 -1.1526109375 	 2005.1943671927 	 -0.0000001838 	 -0.0000000000 
206.5000000000 	 -1.0768363964 	 1664.5698472452 	 -0.0000001691 	 -0.0000000000 
207.0000000000 	 -0.9962219272 	 1345.9083945401 	 -0.0000001536 	 -0.0000000000 
207.5000000000 	 -0.9113144891 	 1057.2186707189 	 -0.0000001372 	 -0.0000000000 
208.0000000000 	 -0.8226925063 	 805.3626425850 	 -0.0000001200 	 -0.0000000000 
208.5000000000 	 -0.7309613967 	 595.8311555227 	 -0.0000001023 	 -0.0000000000 
209.0000000000 	 -0.6367487342 	 432.5660461564 	 -0.0000000841 	 -0.0000000000 
209.5000000000 	 -0.5406987914 	 317.8396862604 	 -0.0000000656 	 -0.0000000000 
210.0000000000 	 -0.4434662558 	 252.2031567020 	 -0.0000000468 	 -0.0000000000 
210.5000000000 	 -0.3457090465 	 234.5121483375 	 -0.0000000279 	 -0.0000000000 
211.0000000000 	 -0.2480803314 	 262.0343995494 	 -0.0000000090 	 -0.0000000000 
211.5000000000 	 -0.1512200071 	 330.6347801492 	 0.0000000097 	 -0.0000000000 
212.0000000000 	 -0.0557460098 	 435.0260489097 	 0.0000000281 	 -0.0000000000 
212.5000000000 	 0.0377541276 	 569.0669001302 	 0.0000000462 	 -0.0000000000 
213.0000000000 	 0.1287310394 	 726.0851706062 	 0.0000000637 	 -0.0000000000 
213.5000000000 	 0.2166801809 	 899.2029338643 	 0.0000000807 	 -0.0000000000 
214.0000000000 	 0.3011469714 	 1081.6413400486 	 0.0000000970 	 -0.0000000000 
214.5000000000 	 0.3817301230 	 1266.9864711409 	 0.0000001126 	 -0.0000000000 
215.0000000000 	 0.4580830402 	 1449.4031979092 	 0.0000001274 	 -0.0000000000 
215.5000000000 	 0.5299134243 	 1623.7913167013 	 0.0000001412 	 -0.0000000000 
216.0000000000 	 0.5969814439 	 1785.8853884651 	 0.0000001542 	 -0.0000000000 
216.5000000000 	 0.6590969597 	 1932.3047759289 	 0.0000001662 	 -0.0000000000 
217.0000000000 	 0.7161162774 	 2060.5624175348 	 0.0000001772 	 -0.0000000000 
217.5000000000 	 0.7679387768 	 2169.0403619699 	 0.0000001872 	 -0.0000000000 
218.0000000000 	 0.8145035941 	 2256.9383639479 	 0.0000001962 	 -0.0000000000 
218.5000000000 	 0.8557863867 	 2324.2001882496 	 0.0000002042 	 -0.0000000000 
219.0000000000 	 0.8917961155 	 2371.4213343488 	 0.0000002111 	 -0.0000000000 
219.5000000000 	 0.9225717369 	 2399.7417224620 	 0.0000002171 	 0.0000000000 
220.0000000000 	 0.9481787019 	 2410.7272261439 	 0.0000002220 	 0.0000000000 
220.5000000000 	 0.9687051759 	 2406.2445139648 	 0.0000002260 	 0.0000000000 
221.0000000000 	 0.9842579312 	 2388.3342538914 	 0.0000002290 	 0.0000000000 
221.5000000000 	 0.9949579014 	 2359.0881602884 	 0.0000002311 	 0.0000000000 
222.0000000000 	 1.0009354315 	 2320.5354664149 	 0.0000002322 	 0.0000000000 
222.5000000000 	 1.0023253079 	 2274.5440503415 	 0.0000002325 	 0.0000000000 
223.0000000000 	 0.9992616997 	 2222.7405670455 	 0.0000002319 	 0.0000000000 
223.5000000000 	 0.9918731882 	 2166.4526005250 	 0.0000002305 	 0.0000000000 
224.0000000000 	 0.9802780973 	 2106.6742333349 	 0.0000002282 	 0.0000000000 
224.5000000000 	 0.9645803575 	 2044.0548169365 	 0.0000002252 	 0.0000000000 
225.0000000000 	 0.9448661370 	 1978.9094031994 	 0.0000002214 	 0.0000000000 
225.5000000000 	 0.9212014634 	 1911.2484689762 	 0.0000002168 	 0.0000000000 
226.0000000000 	 0.8936310258 	 1840.8242754831 	 0.0000002115 	 0.0000000000 
226.5000000000 	 0.8621783091 	 1767.1913172735 	 0.0000002054 	 0.0000000000 
227.0000000000 	 0.8268471550 	 1689.7785614625 	 0.0000001986 	 0.0000000000 
227.5000000000 	 0.7876247860 	 1607.9712586412 	 0.0000001910 	 0.0000000000 
228.0000000000 	 0.7444862536 	 1521.1998244450 	 0.0000001827 	 0.0000000000 
228.5000000000 	 0.6974001981 	 1429.0326436857 	 0.0000001736 	 0.0000000000 
229.0000000000 	 0.6463357298 	 1331.2688396489 	 0.0000001637 	 0.0000000000 
229.5000000000 	 0.5912701742 	 1228.0263879608 	 0.0000001531 	 0.0000000000 
230.0000000000 	 0.5321973652 	 1119.8206924909 	 0.0000001417 	 0.0000000000 
230.5000000000 	 0.4691361257 	 1007.6289449831 	 0.0000001295 	 0.0000000000 
231.0000000000 	 0.4021385420 	 892.9360979952 	 0.0000001165 	 0.0000000000 
231.5000000000 	 0.3312976160 	 777.7587947374 	 0.0000001029 	 0.0000000000 
232.0000000000 	 0.2567538766 	 664.6438736159 	 0.0000000885 	 0.0000000000 
232.5000000000 	 0.1787005566 	 556.6380920737 	 0.0000000734 	 0.0000000000 
233.0000000000 	 0.0973870072 	 457.2257951976 	 0.0000000577 	 0.0000000000 
233.5000000000 	 0.0131201309 	 370.2318846935 	 0.0000000414 	 0.0000000000 
234.0000000000 	 -0.0737362380 	 299.6890526728 	 0.0000000246 	 0.0000000000 
234.5000000000 	 -0.1627639156 	 249.6709417598 	 0.0000000074 	 0.0000000000 
235.0000000000 	 -0.2534946701 	 224.0963771372 	 -0.0000000101 	 0.0000000000 
235.5000000000 	 -0.3454158857 	 226.5134945129 	 -0.0000000279 	 0.0000000000 
236.0000000000 	 -0.4379771728 	 259.8758101144 	 -0.0000000457 	 -0.0000000000 
236.5000000000 	 -0.5305975114 	 326.3245284326 	 -0.0000000636 	 -0.0000000000 
237.0000000000 	 -0.6226725659 	 426.9923377001 	 -0.0000000814 	 -0.0000000000 
237.5000000000 	 -0.7135819009 	 561.8434274484 	 -0.0000000990 	 -0.0000000000 
238.0000000000 	 -0.8026959196 	 729.5624107898 	 -0.0000001162 	 -0.0000000000 
238.5000000000 	 -0.8893824348 	 927.5013363303 	 -0.0000001329 	 -0.0000000000 
239.0000000000 	 -0.9730128326 	 1151.6894006545 	 -0.0000001491 	 -0.0000000000 
239.5000000000 	 -1.0529678290 	 1396.9050803897 	 -0.0000001645 	 -0.0000000000 
240.0000000000 	 -1.1286428410 	 1656.8063172288 	 -0.0000001791 	 -0.0000000000 
240.5000000000 	 -1.1994530444 	 1924.1123198183 	 -0.0000001928 	 -0.0000000000 
241.0000000000 	 -1.2648382702 	 2190.8311600128 	 -0.0000002054 	 -0.0000000000 
241.5000000000 	 -1.3242679794 	 2448.5299543495 	 -0.0000002169 	 -0.0000000000 
242.0000000000 	 -1.3772466048 	 2688.6466802124 	 -0.0000002272 	 -0.0000000000 
242.5000000000 	 -1.4233194859 	 2902.8415227611 	 -0.0000002361 	 -0.0000000000 
243.0000000000 	 -1.4620794415 	 3083.3794212868 	 -0.0000002435 	 -0.0000000000 
243.5000000000 	 -1.4931737799 	 3223.5254806866 	 -0.0000002495 	 -0.0000000000 
244.0000000000 	 -1.5163113433 	 3317.9247583971 	 -0.0000002540 	 -0.0000000000 
244.5000000000 	 -1.5312691048 	 3362.9312537898 	 -0.0000002569 	 -0.0000000000 
245.0000000000 	 -1.5378978869 	 3356.8496911426 	 -0.0000002582 	 -0.0000000000 
245.5000000000 	 -1.5361268800 	 3300.0585580205 	 -0.0000002578 	 -0.0000000000 
246.0000000000 	 -1.5259667459 	 3194.9941778215 	 -0.0000002559 	 -0.0000000000 
246.5000000000 	 -1.5075111294 	 3045.9929576013 	 -0.0000002523 	 -0.0000000000 
247.0000000000 	 -1.4809364174 	 2859.0094483749 	 -0.0000002472 	 -0.0000000000 
247.5000000000 	 -1.4464996117 	 2641.2455133554 	 -0.0000002405 	 -0.0000000000 
248.0000000000 	 -1.4045342762 	 2400.7343994661 	 -0.0000002324 	 -0.0000000000 
248.5000000000 	 -1.3554446636 	 2145.9204932135 	 -0.0000002229 	 -0.0000000000 
249.0000000000 	 -1.2996982781 	 1885.2643807937 	 -0.0000002122 	 -0.0000000000 
249.5000000000 	 -1.2378172292 	 1626.8899804459 	 -0.0000002002 	 -0.0000000000 
250.0000000000 	 -1.1703687534 	 1378.2811377197 	 -0.0000001872 	 -0.0000000000 
250.5000000000 	 -1.0979552489 	 1146.0307058475 	 -0.0000001732 	 -0.0000000000 
251.0000000000 	 -1.0212041041 	 935.6443772554 	 -0.0000001584 	 -0.0000000000 
251.5000000000 	 -0.9407575415 	 751.4020862276 	 -0.0000001428 	 -0.0000000000 
252.0000000000 	 -0.8572626634 	 596.2799464640 	 -0.0000001267 	 -0.0000000000 
252.5000000000 	 -0.7713618717 	 471.9346822601 	 -0.0000001101 	 -0.0000000000 
253.0000000000 	 -0.6836838351 	 378.7503317626 	 -0.0000000932 	 -0.0000000000 
253.5000000000 	 -0.5948351925 	 315.9439374066 	 -0.0000000760 	 -0.0000000000 
254.0000000000 	 -0.5053931904 	 281.7233616055 	 -0.0000000588 	 0.0000000000 
254.5000000000 	 -0.4158994506 	 273.4866601081 	 -0.0000000415 	 0.0000000000 
255.0000000000 	 -0.3268550491 	 288.0490477530 	 -0.0000000243 	 0.0000000000 
255.5000000000 	 -0.2387170424 	 321.8809257999 	 -0.0000000072 	 0.0000000000 
256.0000000000 	 -0.1518965150 	 371.3392804641 	 0.0000000095 	 0.0000000000 
256.5000000000 	 -0.0667581426 	 432.8754920917 	 0.0000000260 	 0.0000000000 
257.0000000000 	 0.0163788163 	 503.2054028636 	 0.0000000420 	 0.0000000000 
257.5000000000 	 0.0972382531 	 579.4321099281 	 0.0000000577 	 0.0000000000 
258.0000000000 	 0.1755838640 	 659.1176485994 	 0.0000000728 	 0.0000000000 
258.5000000000 	 0.2512149389 	 740.3055027237 	 0.0000000874 	 0.0000000000 
259.0000000000 	 0.3239614982 	 821.5007578564 	 0.0000001014 	 0.0000000000 
259.5000000000 	 0.3936789809 	 901.6180316964 	 0.0000001149 	 0.0000000000 
260.0000000000 	 0.4602426857 	 979.9088222505 	 0.0000001278 	 0.0000000000 
260.5000000000 	 0.5235421703 	 1055.8797164797 	 0.0000001400 	 0.0000000000 
261.0000000000 	 0.5834758276 	 1129.2113448783 	 0.0000001516 	 0.0000000000 
261.5000000000 	 0.6399458686 	 1199.6855150929 	 0.0000001625 	 0.0000000000 
262.0000000000 	 0.6928539388 	 1267.1251204690 	 0.0000001727 	 0.0000000000 
262.5000000000 	 0.7420975770 	 1331.3486920563 	 0.0000001822 	 0.0000000000 
263.0000000000 	 0.7875676769 	 1392.1392494694 	 0.0000001910 	 0.0000000000 
263.5000000000 	 0.8291470493 	 1449.2256424961 	 0.0000001990 	 0.0000000000 
264.0000000000 	 0.8667100980 	 1502.2738893364 	 0.0000002063 	 0.0000000000 
264.5000000000 	 0.9001235403 	 1550.8859612577 	 0.0000002127 	 0.0000000000 
265.0000000000 	 0.9292480251 	 1594.6038033672 	 0.0000002184 	 0.0000000000 
265.5000000000 	 0.9539404482 	 1632.9168938281 	 0.0000002231 	 0.0000000000 
266.0000000000 	 0.9740567282 	 1665.2721759230 	 0.0000002270 	 0.0000000000 
266.5000000000 	 0.9894548095 	 1691.0856743955 	 0.0000002300 	 0.0000000000 
267.0000000000 	 0.9999976793 	 1709.7555068775 	 0.0000002320 	 0.0000000000 
267.5000000000 	 1.0055562332 	 1720.6763163645 	 0.0000002331 	 0.0000000000 
268.0000000000 	 1.0060118802 	 1723.2553658475 	 0.0000002332 	 0.0000000000 
268.5000000000 	 1.0012588384 	 1716.9306237661 	 0.0000002323 	 0.0000000000 
269.0000000000 	 0.9912061290 	 1701.1911114169 	 0.0000002303 	 0.0000000000 
269.5000000000 	 0.9757793206 	 1675.5996091494 	 0.0000002273 	 0.0000000000 
270.0000000000 	 0.9549221104 	 1639.8176254651 	 0.0000002233 	 0.0000000000 
270.5000000000 	 0.9285978503 	 1593.6324720976 	 0.0000002182 	 -0.0000000000 
271.0000000000 	 0.8967911371 	 1536.9864830066 	 0.0000002121 	 -0.0000000000 
271.5000000000 	 0.8595095839 	 1470.0088481056 	 0.0000002049 	 -0.0000000000 
272.0000000000 	 0.8167858723 	 1393.0509529792 	 0.0000001966 	 -0.0000000000 
272.5000000000 	 0.7686801398 	 1306.7260645018 	 0.0000001873 	 -0.0000000000 
273.0000000000 	 0.7152826906 	 1211.9532023903 	 0.0000001770 	 -0.0000000000 
273.5000000000 	 0.6567169329 	 1110.0029005544 	 0.0000001657 	 -0.0000000000 
274.0000000000 	 0.5931423626 	 1002.5396324281 	 0.0000001534 	 -0.0000000000 
274.5000000000 	 0.5247573520 	 891.6528019461 	 0.0000001402 	 -0.0000000000 
275.0000000000 	 0.4518014875 	 779.8664207559 	 0.0000001261 	 -0.0000000000 
275.5000000000 	 0.3745572223 	 670.1176950612 	 0.0000001112 	 -0.0000000000 
276.0000000000 	 0.2933506602 	 565.6970311591 	 0.0000000955 	 -0.0000000000 
276.5000000000 	 0.2085513493 	 470.1462528625 	 0.0000000792 	 -0.0000000000 
277.0000000000 	 0.1205710167 	 387.1175554939 	 0.0000000622 	 -0.0000000000 
277.5000000000 	 0.0298612221 	 320.2020137064 	 0.0000000446 	 -0.0000000000 
278.0000000000 	 -0.0630900511 	 272.7420838146 	 0.0000000267 	 -0.0000000000 
278.5000000000 	 -0.1577628011 	 247.6460858828 	 0.0000000084 	 -0.0000000000 
279.0000000000 	 -0.2536102973 	 247.2230198159 	 -0.0000000101 	 -0.0000000000 
279.5000000000 	 -0.3500650911 	 273.0530404619 	 -0.0000000287 	 -0.0000000000 
280.0000000000 	 -0.4465455523 	 325.9033675028 	 -0.0000000474 	 -0.0000000000 
280.5000000000 	 -0.5424627113 	 405.6929436534 	 -0.0000000659 	 -0.0000000000 
281.0000000000 	 -0.6372271819 	 511.5033834049 	 -0.0000000842 	 -0.0000000000 
281.5000000000 	 -0.7302559460 	 641.6296711315 	 -0.0000001022 	 -0.0000000000 
282.0000000000 	 -0.8209787917 	 793.6618860047 	 -0.0000001197 	 -0.0000000000 
282.5000000000 	 -0.9088442131 	 964.5886159908 	 -0.0000001367 	 0.0000000000 
283.0000000000 	 -0.9933246002 	 1150.9131312613 	 -0.0000001530 	 0.0000000000 
283.5000000000 	 -1.0739205745 	 1348.7743258522 	 -0.0000001686 	 0.0000000000 
284.0000000000 	 -1.1501643599 	 1554.0655579993 	 -0.0000001833 	 0.0000000000 
284.5000000000 	 -1.2216221304 	 1762.5456299820 	 -0.0000001971 	 0.0000000000 
285.0000000000 	 -1.2878953269 	 1969.9372084867 	 -0.0000002099 	 0.0000000000 
285.5000000000 	 -1.3486210096 	 2172.0091386132 	 -0.0000002216 	 0.0000000000 
286.0000000000 	 -1.4034713849 	 2364.6406752031 	 -0.0000002322 	 0.0000000000 
286.5000000000 	 -1.4521527291 	 2543.8680461106 	 -0.0000002416 	 0.0000000000 
287.0000000000 	 -1.4944040062 	 2705.9171707790 	 -0.0000002498 	 0.0000000000 
287.5000000000 	 -1.5299955311 	 2847.2303942408 	 -0.0000002567 	 0.0000000000 
288.0000000000 	 -1.5587280314 	 2964.4985554869 	 -0.0000002622 	 0.0000000000 
288.5000000000 	 -1.5804323996 	 3054.7108374807 	 -0.0000002664 	 0.0000000000 
289.0000000000 	 -1.5949702991 	 3115.2322162567 	 -0.0000002692 	 0.0000000000 
289.5000000000 	 -1.6022356216 	 3143.9118477691 	 -0.0000002706 	 0.0000000000 
290.0000000000 	 -1.6021566414 	 3139.2169728318 	 -0.0000002706 	 0.0000000000 
290.5000000000 	 -1.5946986097 	 3100.3783477227 	 -0.0000002692 	 0.0000000000 
291.0000000000 	 -1.5798664944 	 3027.5269394315 	 -0.0000002663 	 0.0000000000 
291.5000000000 	 -1.5577075835 	 2921.7987950272 	 -0.0000002620 	 0.0000000000 
292.0000000000 	 -1.5283137097 	 2785.3860904643 	 -0.0000002563 	 0.0000000000 
292.5000000000 	 -1.4918229047 	 2621.5177589913 	 -0.0000002493 	 0.0000000000 
293.0000000000 	 -1.4484203457 	 2434.3628061848 	 -0.0000002409 	 0.0000000000 
293.5000000000 	 -1.3983385256 	 2228.8620934460 	 -0.0000002312 	 0.0000000000 
294.0000000000 	 -1.3418566434 	 2010.5067807069 	 -0.0000002203 	 0.0000000000 
294.5000000000 	 -1.2792992675 	 1785.0896952862 	 -0.0000002082 	 0.0000000000 
295.0000000000 	 -1.2110343511 	 1558.4569880333 	 -0.0000001951 	 0.0000000000 
295.5000000000 	 -1.1374706690 	 1336.2819578562 	 -0.0000001808 	 0.0000000000 
296.0000000000 	 -1.0590547230 	 1123.8739506069 	 -0.0000001657 	 0.0000000000 
296.5000000000 	 -0.9762671373 	 926.0265212694 	 -0.0000001497 	 0.0000000000 
297.0000000000 	 -0.8896185647 	 746.9030741132 	 -0.0000001330 	 0.0000000000 
297.5000000000 	 -0.7996451457 	 589.9555114501 	 -0.0000001156 	 0.0000000000 
298.0000000000 	 -0.7069036019 	 457.8711806212 	 -0.0000000977 	 0.0000000000 
298.5000000000 	 -0.6119660872 	 352.5443202736 	 -0.0000000793 	 0.0000000000 
299.0000000000 	 -0.5154149528 	 275.0692321192 	 -0.0000000607 	 0.0000000000 
299.5000000000 	 -0.4178375862 	 225.7530119904 	 -0.0000000418 	 -0.0000000000 
300.0000000000 	 -0.3198214693 	 204.1457910308 	 -0.0000000229 	 -0.0000000000 
300.5000000000 	 -0.2219495541 	 209.0862832560 	 -0.0000000040 	 -0.0000000000 
301.0000000000 	 -0.1247959895 	 238.7603463619 	 0.0000000148 	 -0.0000000000 
301.5000000000 	 -0.0289221621 	 290.7705362624 	 0.0000000333 	 -0.0000000000 
302.0000000000 	 0.0651270514 	 362.2153879111 	 0.0000000514 	 -0.0000000000 
302.5000000000 	 0.1568269591 	 449.7782157402 	 0.0000000692 	 -0.0000000000 
303.0000000000 	 0.2456767917 	 549.8261492215 	 0.0000000863 	 -0.0000000000 
303.5000000000 	 0.3312035803 	 658.5203526244 	 0.0000001028 	 -0.0000000000 
304.0000000000 	 0.4129661715 	 771.9375557885 	 0.0000001186 	 -0.0000000000 
304.5000000000 	 0.4905592717 	 886.2011713504 	 0.0000001336 	 -0.0000000000 
305.0000000000 	 0.5636173341 	 997.6177852589 	 0.0000001477 	 -0.0000000000 
305.5000000000 	 0.6318180486 	 1102.8122151501 	 0.0000001609 	 -0.0000000000 
306.0000000000 	 0.6948851773 	 1198.8521303848 	 0.0000001731 	 -0.0000000000 
306.5000000000 	 0.7525904941 	 1283.3519033603 	 0.0000001842 	 -0.0000000000 
307.0000000000 	 0.8047546370 	 1354.5455000751 	 0.0000001943 	 -0.0000000000 
307.5000000000 	 0.8512467680 	 1411.3203976702 	 0.0000002033 	 -0.0000000000 
308.0000000000 	 0.8919830448 	 1453.2088754148 	 0.0000002112 	 -0.0000000000 
308.5000000000 	 0.9269240298 	 1480.3388132019 	 0.0000002179 	 -0.0000000000 
309.0000000000 	 0.9560712587 	 1493.3517557798 	 0.0000002235 	 -0.0000000000 
309.5000000000 	 0.9794632369 	 1493.2997287859 	 0.0000002281 	 -0.0000000000 
310.0000000000 	 0.9971711234 	 1481.5331608740 	 0.0000002315 	 -0.0000000000 
310.5000000000 	 1.0092943087 	 1459.5905193911 	 0.0000002338 	 0.0000000000 
311.0000000000 	 1.0159560189 	 1429.0970491970 	 0.0000002351 	 0.0000000000 
311.5000000000 	 1.0172990099 	 1391.6766395667 	 0.0000002354 	 0.0000000000 
312.0000000000 	 1.0134813676 	 1348.8782461774 	 0.0000002346 	 0.0000000000 
312.5000000000 	 1.0046724013 	 1302.1167838293 	 0.0000002329 	 0.0000000000 
313.0000000000 	 0.9910486142 	 1252.6278461386 	 0.0000002303 	 0.0000000000 
313.5000000000 	 0.9727897390 	 1201.4356569384 	 0.0000002268 	 0.0000000000 
314.0000000000 	 0.9500748537 	 1149.3339500646 	 0.0000002224 	 0.0000000000 
314.5000000000 	 0.9230786200 	 1096.8797253171 	 0.0000002172 	 0.0000000000 
315.0000000000 	 0.8919677248 	 1044.3998691915 	 0.0000002112 	 0.0000000000 
315.5000000000 	 0.8568976449 	 992.0104059071 	 0.0000002044 	 0.0000000000 
316.0000000000 	 0.8180098922 	 939.6477006456 	 0.0000001969 	 0.0000000000 
316.5000000000 	 0.7754299185 	 887.1103775198 	 0.0000001886 	 0.0000000000 
317.0000000000 	 0.7292658705 	 834.1101589246 	 0.0000001797 	 0.0000000000 
317.5000000000 	 0.6796083752 	 780.3293692592 	 0.0000001701 	 0.0000000000 
318.0000000000 	 0.6265315049 	 725.4825056949 	 0.0000001599 	 0.0000000000 
318.5000000000 	 0.5700950261 	 669.3790387698 	 0.0000001490 	 0.0000000000 
319.0000000000 	 0.5103479756 	 611.9844201313 	 0.0000001374 	 0.0000000000 
319.5000000000 	 0.4473335358 	 553.4761144085 	 0.0000001253 	 0.0000000000 
320.0000000000 	 0.3810951041 	 494.2913481478 	 0.0000001125 	 0.0000000000 
320.5000000000 	 0.3116833688 	 435.1632291754 	 0.0000000991 	 0.0000000000 
321.0000000000 	 0.2391641241 	 377.1420000169 	 0.0000000851 	 0.0000000000 
321.5000000000 	 0.1636264870 	 321.5985162097 	 0.0000000705 	 0.0000000000 
322.0000000000 	 0.0851911209 	 270.2076463710 	 0.0000000553 	 0.0000000000 
322.5000000000 	 0.0040180433 	 224.9102153066 	 0.0000000396 	 0.0000000000 
323.0000000000 	 -0.0796864133 	 187.8533316940 	 0.0000000235 	 0.0000000000 
323.5000000000 	 -0.1656638935 	 161.3103352006 	 0.0000000069 	 0.0000000000 
324.0000000000 	 -0.2535999218 	 147.5829563843 	 -0.0000000101 	 0.0000000000 
324.5000000000 	 -0.3431217019 	 148.8894032965 	 -0.0000000274 	 0.0000000000 
325.0000000000 	 -0.4337980059 	 167.2428898851 	 -0.0000000449 	 0.0000000000 
325.5000000000 	 -0.5251412365 	 204.3256927709 	 -0.0000000626 	 0.0000000000 
326.0000000000 	 -0.6166116195 	 261.3643482158 	 -0.0000000802 	 0.0000000000 
326.5000000000 	 -0.7076233538 	 339.0121949032 	 -0.0000000978 	 0.0000000000 
327.0000000000 	 -0.7975524196 	 437.2460532393 	 -0.0000001152 	 0.0000000000 
327.5000000000 	 -0.8857456427 	 555.2841615933 	 -0.0000001322 	 0.0000000000 
328.0000000000 	 -0.9715305460 	 691.5323080923 	 -0.0000001488 	 0.0000000000 
328.5000000000 	 -1.0542255099 	 843.5643080285 	 -0.0000001648 	 0.0000000000 
329.0000000000 	 -1.1331498118 	 1008.1416861192 	 -0.0000001800 	 -0.0000000000 
329.5000000000 	 -1.2076332132 	 1181.2758002236 	 -0.0000001944 	 -0.0000000000 
330.0000000000 	 -1.2770248976 	 1358.3337248289 	 -0.0000002078 	 -0.0000000000 
330.5000000000 	 -1.3407016993 	 1534.1868132912 	 -0.0000002201 	 -0.0000000000 
331.0000000000 	 -1.3980756748 	 1703.3977102701 	 -0.0000002312 	 -0.0000000000 
331.5000000000 	 -1.4486011277 	 1860.4376526524 	 -0.0000002409 	 -0.0000000000 
332.0000000000 	 -1.4917812086 	 1999.9216696526 	 -0.0000002493 	 -0.0000000000 
332.5000000000 	 -1.5271741722 	 2116.8458955593 	 -0.0000002561 	 -0.0000000000 
333.0000000000 	 -1.5543993179 	 2206.8101932301 	 -0.0000002614 	 -0.0000000000 
333.5000000000 	 -1.5731425905 	 2266.2119925314 	 -0.0000002650 	 -0.0000000000 
334.0000000000 	 -1.5831617900 	 2292.4037265109 	 -0.0000002669 	 -0.0000000000 
334.5000000000 	 -1.5842913243 	 2283.8142832865 	 -0.0000002671 	 -0.0000000000 
335.0000000000 	 -1.5764464164 	 2240.0403520980 	 -0.0000002656 	 -0.0000000000 
335.5000000000 	 -1.5596266177 	 2161.9127944106 	 -0.0000002624 	 -0.0000000000 
336.0000000000 	 -1.5339183905 	 2051.5361407005 	 -0.0000002574 	 -0.0000000000 
336.5000000000 	 -1.4994964427 	 1912.2900655808 	 -0.0000002508 	 -0.0000000000 
337.0000000000 	 -1.4566234936 	 1748.7754847994 	 -0.0000002425 	 -0.0000000000 
337.5000000000 	 -1.4056482343 	 1566.6876214872 	 -0.0000002326 	 -0.0000000000 
338.0000000000 	 -1.3470014182 	 1372.6038887231 	 -0.0000002213 	 -0.0000000000 
338.5000000000 	 -1.2811902053 	 1173.6847075627 	 -0.0000002086 	 -0.0000000000 
339.0000000000 	 -1.2087910247 	 977.2998070147 	 -0.0000001946 	 -0.0000000000 
339.5000000000 	 -1.1304412681 	 790.6094476181 	 -0.0000001795 	 -0.0000000000 
340.0000000000 	 -1.0468300801 	 620.1445165142 	 -0.0000001633 	 -0.0000000000 
340.5000000000 	 -0.9586884213 	 471.4347166867 	 -0.0000001463 	 -0.0000000000 
341.0000000000 	 -0.8667785134 	 348.7261709498 	 -0.0000001286 	 -0.0000000000 
341.5000000000 	 -0.7718827654 	 254.8115239135 	 -0.0000001102 	 -0.0000000000 
342.0000000000 	 -0.6747923286 	 190.9750721546 	 -0.0000000915 	 -0.0000000000 
342.5000000000 	 -0.5762954870 	 157.0401305429 	 -0.0000000724 	 -0.0000000000 
343.0000000000 	 -0.4771661319 	 151.4986050882 	 -0.0000000533 	 -0.0000000000 
343.5000000000 	 -0.3781525772 	 171.7019101243 	 -0.0000000342 	 -0.0000000000 
344.0000000000 	 -0.2799669607 	 214.0945392348 	 -0.0000000152 	 -0.0000000000 
344.5000000000 	 -0.1832754585 	 274.4740865212 	 0.0000000035 	 -0.0000000000 
345.0000000000 	 -0.0886895313 	 348.2631339732 	 0.0000000217 	 -0.0000000000 
345.5000000000 	 0.0032415798 	 430.7791400678 	 0.0000000395 	 -0.0000000000 
346.0000000000 	 0.0920368883 	 517.4887825606 	 0.0000000566 	 0.0000000000 
346.5000000000 	 0.1772880114 	 604.2337214087 	 0.0000000731 	 0.0000000000 
347.0000000000 	 0.2586616393 	 687.4159554162 	 0.0000000888 	 0.0000000000 
347.5000000000 	 0.3358999794 	 764.1331761501 	 0.0000001038 	 0.0000000000 
348.0000000000 	 0.4088191002 	 832.2578848231 	 0.0000001178 	 0.0000000000 
348.5000000000 	 0.4773051983 	 890.4583805519 	 0.0000001311 	 0.0000000000 
349.0000000000 	 0.5413089128 	 938.1646238641 	 0.0000001434 	 0.0000000000 
349.5000000000 	 0.6008379102 	 975.4867761742 	 0.0000001549 	 0.0000000000 
350.0000000000 	 0.6559480434 	 1003.0981696580 	 0.0000001656 	 0.0000000000 
350.5000000000 	 0.7067334426 	 1022.0969157118 	 0.0000001754 	 0.0000000000 
351.0000000000 	 0.7533159245 	 1033.8609158128 	 0.0000001844 	 0.0000000000 
351.5000000000 	 0.7958341128 	 1039.9096597417 	 0.0000001926 	 0.0000000000 
352.0000000000 	 0.8344326542 	 1041.7832131719 	 0.0000002000 	 0.0000000000 
352.5000000000 	 0.8692518952 	 1040.9448208568 	 0.0000002068 	 0.0000000000 
353.0000000000 	 0.9004183635 	 1038.7093317660 	 0.0000002128 	 0.0000000000 
353.5000000000 	 0.9280363678 	 1036.1959132758 	 0.0000002181 	 0.0000000000 
354.0000000000 	 0.9521809999 	 1034.3008229416 	 0.0000002228 	 0.0000000000 
354.5000000000 	 0.9728927840 	 1033.6846490864 	 0.0000002268 	 0.0000000000 
355.0000000000 	 0.9901741669 	 1034.7684295354 	 0.0000002301 	 0.0000000000 
355.5000000000 	 1.0039879765 	 1037.7341758735 	 0.0000002328 	 0.0000000000 
356.0000000000 	 1.0142578923 	 1042.5271683119 	 0.0000002348 	 0.0000000000 
356.5000000000 	 1.0208708660 	 1048.8594779396 	 0.0000002361 	 0.0000000000 
357.0000000000 	 1.0236813212 	 1056.2160741799 	 0.0000002366 	 0.0000000000 
357.5000000000 	 1.0225168473 	 1063.8662231386 	 0.0000002364 	 0.0000000000 
358.0000000000 	 1.0171850215 	 1070.8834365535 	 0.0000002353 	 0.0000000000 
358.5000000000 	 1.0074809403 	 1076.1769004326 	 0.0000002335 	 0.0000000000 
359.0000000000 	 0.9931950423 	 1078.5361743685 	 0.0000002307 	 0.0000000000 
359.5000000000 	 0.9741208513 	 1076.6892490684 	 0.0000002270 	 0.0000000000 
360.0000000000 	 0.9500623467 	 1069.3721483634 	 0.0000002224 	 0.0000000000 
360.5000000000 	 0.9208407724 	 1055.4065724891 	 0.0000002167 	 0.0000000000 
361.0000000000 	 0.8863007947 	 1033.7809411071 	 0.0000002101 	 0.0000000000 
361.5000000000 	 0.8463160112 	 1003.7297727283 	 0.0000002023 	 0.0000000000 
362.0000000000 	 0.8007938777 	 964.8065752636 	 0.0000001935 	 0.0000000000 
362.5000000000 	 0.7496801597 	 916.9460811539 	 0.0000001837 	 0.0000000000 
363.0000000000 	 0.6929630308 	 860.5124351517 	 0.0000001727 	 0.0000000000 
363.5000000000 	 0.6306769283 	 796.3306035221 	 0.0000001607 	 -0.0000000000 
364.0000000000 	 0.5629062550 	 725.6987573031 	 0.0000001476 	 -0.0000000000 
364.5000000000 	 0.4897889687 	 650.3797903650 	 0.0000001335 	 -0.0000000000 
365.0000000000 	 0.4115200420 	 572.5706400750 	 0.0000001184 	 -0.0000000000 
365.5000000000 	 0.3283546833 	 494.8488122630 	 0.0000001023 	 -0.0000000000 
366.0000000000 	 0.2406111098 	 420.0964764961 	 0.0000000853 	 -0.0000000000 
366.5000000000 	 0.1486725593 	 351.4035841266 	 0.0000000676 	 -0.0000000000 
367.0000000000 	 0.0529881608 	 291.9525395940 	 0.0000000491 	 -0.0000000000 
367.5000000000 	 -0.0459277066 	 244.8879644094 	 0.0000000300 	 -0.0000000000 
368.0000000000 	 -0.1474978626 	 213.1760551793 	 0.0000000104 	 -0.0000000000 
368.5000000000 	 -0.2510867323 	 199.4589799751 	 -0.0000000096 	 -0.0000000000 
369.0000000000 	 -0.3560067071 	 205.9106391547 	 -0.0000000299 	 -0.0000000000 
369.5000000000 	 -0.4615263203 	 234.1008475358 	 -0.0000000503 	 -0.0000000000 
370.0000000000 	 -0.5668799985 	 284.8755378259 	 -0.0000000706 	 -0.0000000000 
370.5000000000 	 -0.6712790843 	 358.2609906536 	 -0.0000000908 	 -0.0000000000 
371.0000000000 	 -0.7739237726 	 453.4003603916 	 -0.0000001106 	 -0.0000000000 
371.5000000000 	 -0.8740155586 	 568.5306092936 	 -0.0000001300 	 -0.0000000000 
372.0000000000 	 -0.9707697641 	 701.0067959374 	 -0.0000001486 	 -0.0000000000 
372.5000000000 	 -1.0634277062 	 847.3779048385 	 -0.0000001665 	 -0.0000000000 
373.0000000000 	 -1.1512681071 	 1003.5139721903 	 -0.0000001835 	 -0.0000000000 
373.5000000000 	 -1.2336174122 	 1164.7788377261 	 -0.0000001994 	 -0.0000000000 
374.0000000000 	 -1.3098587693 	 1326.2376357306 	 -0.0000002141 	 -0.0000000000 
374.5000000000 	 -1.3794395039 	 1482.8842869733 	 -0.0000002276 	 -0.0000000000 
375.0000000000 	 -1.4418769949 	 1629.8724096050 	 -0.0000002396 	 -0.0000000000 
375.5000000000 	 -1.4967629103 	 1762.7332482795 	 -0.0000002502 	 -0.0000000000 
376.0000000000 	 -1.5437658049 	 1877.5660244239 	 -0.0000002593 	 -0.0000000000 
376.5000000000 	 -1.5826321211 	 1971.1890101660 	 -0.0000002668 	 -0.0000000000 
377.0000000000 	 -1.6131856752 	 2041.2431834501 	 -0.0000002727 	 -0.0000000000 
377.5000000000 	 -1.6353257506 	 2086.2442534515 	 -0.0000002770 	 -0.0000000000 
378.0000000000 	 -1.6490239642 	 2105.5830069356 	 -0.0000002797 	 -0.0000000000 
378.5000000000 	 -1.6543201136 	 2099.4782049829 	 -0.0000002807 	 -0.0000000000 
379.0000000000 	 -1.6513172532 	 2068.8904347649 	 -0.0000002801 	 0.0000000000 
379.5000000000 	 -1.6401762747 	 2015.4089251983 	 -0.0000002779 	 0.0000000000 
380.0000000000 	 -1.6211102685 	 1941.1256210567 	 -0.0000002743 	 0.0000000000 
380.5000000000 	 -1.5943789135 	 1848.5109449383 	 -0.0000002691 	 0.0000000000 
381.0000000000 	 -1.5602830763 	 1740.3031755661 	 -0.0000002625 	 0.0000000000 
381.5000000000 	 -1.5191597161 	 1619.4185410056 	 -0.0000002546 	 0.0000000000 
382.0000000000 	 -1.4713771107 	 1488.8831452683 	 -0.0000002453 	 0.0000000000 
382.5000000000 	 -1.4173303659 	 1351.7823076406 	 -0.0000002349 	 0.0000000000 
383.0000000000 	 -1.3574371566 	 1211.2190982764 	 -0.0000002233 	 0.0000000000 
383.5000000000 	 -1.2921336623 	 1070.2724183349 	 -0.0000002107 	 0.0000000000 
384.0000000000 	 -1.2218706957 	 931.9459680404 	 -0.0000001971 	 0.0000000000 
384.5000000000 	 -1.1471100578 	 799.1027158944 	 -0.0000001827 	 0.0000000000 
385.0000000000 	 -1.0683211805 	 674.3846417555 	 -0.0000001675 	 0.0000000000 
385.5000000000 	 -0.9859781273 	 560.1235891302 	 -0.0000001516 	 0.0000000000 
386.0000000000 	 -0.9005570160 	 458.2542561600 	 -0.0000001351 	 0.0000000000 
386.5000000000 	 -0.8125338926 	 370.2426823293 	 -0.0000001181 	 0.0000000000 
387.0000000000 	 -0.7223830336 	 297.0419511013 	 -0.0000001007 	 0.0000000000 
387.5000000000 	 -0.6305756010 	 239.0818239777 	 -0.0000000829 	 0.0000000000 
388.0000000000 	 -0.5375785224 	 196.2926520011 	 -0.0000000650 	 0.0000000000 
388.5000000000 	 -0.4438534545 	 168.1584196737 	 -0.0000000469 	 0.0000000000 
389.0000000000 	 -0.3498556941 	 153.7905280769 	 -0.0000000287 	 0.0000000000 
389.5000000000 	 -0.2560329430 	 152.0130560487 	 -0.0000000106 	 0.0000000000 
390.0000000000 	 -0.1628238835 	 161.4510571586 	 0.0000000074 	 0.0000000000 
390.5000000000 	 -0.0706565802 	 180.6150646767 	 0.0000000252 	 0.0000000000 
391.0000000000 	 0.0200532282 	 207.9767279440 	 0.0000000427 	 0.0000000000 
391.5000000000 	 0.1089038470 	 242.0320763065 	 0.0000000599 	 0.0000000000 
392.0000000000 	 0.1955092398 	 281.3502369485 	 0.0000000766 	 0.0000000000 
392.5000000000 	 0.2795004295 	 324.6065685049 	 0.0000000929 	 0.0000000000 
393.0000000000 	 0.3605265939 	 370.6001807926 	 0.0000001085 	 0.0000000000 
393.5000000000 	 0.4382558073 	 418.2567490665 	 0.0000001235 	 0.0000000000 
394.0000000000 	 0.5123754211 	 466.6184476531 	 0.0000001378 	 0.0000000000 
394.5000000000 	 0.5825921334 	 514.8237614779 	 0.0000001514 	 0.0000000000 
395.0000000000 	 0.6486318476 	 562.0808846359 	 0.0000001642 	 0.0000000000 
395.5000000000 	 0.7102394589 	 607.6392945450 	 0.0000001761 	 -0.0000000000 
396.0000000000 	 0.7671787253 	 650.7646903422 	 0.0000001871 	 -0.0000000000 
396.5000000000 	 0.8192323637 	 690.7225080563 	 0.0000001971 	 -0.0000000000 
397.0000000000 	 0.8662024734 	 726.7743970594 	 0.0000002062 	 -0.0000000000 
397.5000000000 	 0.9079113182 	 758.1902558155 	 0.0000002142 	 -0.0000000000 
398.0000000000 	 0.9442024308 	 784.2758437046 	 0.0000002212 	 -0.0000000000 
398.5000000000 	 0.9749419376 	 804.4130349943 	 0.0000002272 	 -0.0000000000 
399.0000000000 	 1.0000199612 	 818.1070407989 	 0.0000002320 	 -0.0000000000 
399.5000000000 	 1.0193519426 	 825.0329921457 	 0.0000002358 	 -0.0000000000 
400.0000000000 	 1.0328797355 	 825.0736480646 	 0.0000002384 	 -0.0000000000 
400.5000000000 	 1.0405723547 	 818.3409534801 	 0.0000002399 	 -0.0000000000 
401.0000000000 	 1.0424263020 	 805.1766794800 	 0.0000002402 	 -0.0000000000 
401.5000000000 	 1.0384654412 	 786.1309702241 	 0.0000002395 	 -0.0000000000 
402.0000000000 	 1.0287404348 	 761.9214606455 	 0.0000002376 	 -0.0000000000 
402.5000000000 	 1.0133277862 	 733.3787563760 	 0.0000002346 	 0.0000000000 
403.0000000000 	 0.9923285522 	 701.3857607522 	 0.0000002305 	 0.0000000000 
403.5000000000 	 0.9658667847 	 666.8183858802 	 0.0000002254 	 0.0000000000 
404.0000000000 	 0.9340877540 	 630.4939205164 	 0.0000002193 	 0.0000000000 
404.5000000000 	 0.8971559883 	 593.1313745930 	 0.0000002122 	 0.0000000000 
405.0000000000 	 0.8552531465 	 555.3260976580 	 0.0000002041 	 0.0000000000 
405.5000000000 	 0.8085757393 	 517.5392719906 	 0.0000001951 	 0.0000000000 
406.0000000000 	 0.7573327155 	 480.1016374123 	 0.0000001852 	 0.0000000000 
406.5000000000 	 0.7017429522 	 443.2299543682 	 0.0000001744 	 0.0000000000 
407.0000000000 	 0.6420327137 	 407.0541287793 	 0.0000001629 	 0.0000000000 
407.5000000000 	 0.5784331825 	 371.6525037312 	 0.0000001506 	 0.0000000000 
408.0000000000 	 0.5111781989 	 337.0925232609 	 0.0000001376 	 0.0000000000 
408.5000000000 	 0.4405023743 	 303.4737907197 	 0.0000001240 	 0.0000000000 
409.0000000000 	 0.3666397585 	 270.9704885144 	 0.0000001097 	 0.0000000000 
409.5000000000 	 0.2898232330 	 239.8701895765 	 0.0000000949 	 0.0000000000 
410.0000000000 	 0.2102847814 	 210.6062383990 	 0.0000000795 	 0.0000000000 
410.5000000000 	 0.1282567398 	 183.7810642105 	 0.0000000636 	 0.0000000000 
411.0000000000 	 0.0439740675 	 160.1779880441 	 0.0000000474 	 0.0000000000 
411.5000000000 	 -0.0423223971 	 140.7593356286 	 0.0000000307 	 0.0000000000 
412.0000000000 	 -0.1303818138 	 126.6490736382 	 0.0000000137 	 0.0000000000 
412.5000000000 	 -0.2199385606 	 119.0988799980 	 -0.0000000036 	 0.0000000000 
413.0000000000 	 -0.3107070790 	 119.4376192003 	 -0.0000000211 	 0.0000000000 
413.5000000000 	 -0.4023766934 	 129.0055731254 	 -0.0000000389 	 0.0000000000 
414.0000000000 	 -0.4946067796 	 149.0762906135 	 -0.0000000567 	 0.0000000000 
414.5000000000 	 -0.5870226635 	 180.7703095737 	 -0.0000000745 	 0.0000000000 
415.0000000000 	 -0.6792125960 	 224.9660476438 	 -0.0000000923 	 0.0000000000 
415.5000000000 	 -0.7707260984 	 282.2137119774 	 -0.0000001100 	 0.0000000000 
416.0000000000 	 -0.8610739051 	 352.6580905608 	 -0.0000001275 	 0.0000000000 
416.5000000000 	 -0.9497296455 	 435.9755713420 	 -0.0000001446 	 0.0000000000 
417.0000000000 	 -1.0361333253 	 531.3297931640 	 -0.0000001613 	 0.0000000000 
417.5000000000 	 -1.1196965670 	 637.3491733411 	 -0.0000001774 	 0.0000000000 
418.0000000000 	 -1.1998094738 	 752.1284471156 	 -0.0000001929 	 0.0000000000 
418.5000000000 	 -1.2758488839 	 873.2554764522 	 -0.0000002076 	 0.0000000000 
419.0000000000 	 -1.3471876948 	 997.8638989638 	 -0.0000002214 	 0.0000000000 
419.5000000000 	 -1.4132048705 	 1122.7114298351 	 -0.0000002341 	 0.0000000000 
420.0000000000 	 -1.4732957087 	 1244.2825005564 	 -0.0000002457 	 0.0000000000 
420.5000000000 	 -1.5268819394 	 1358.9123286745 	 -0.0000002561 	 0.0000000000 
421.0000000000 	 -1.5734212709 	 1462.9277061053 	 -0.0000002650 	 0.0000000000 
421.5000000000 	 -1.6124160785 	 1552.7982388174 	 -0.0000002726 	 -0.0000000000 
422.0000000000 	 -1.6434210460 	 1625.2908853381 	 -0.0000002786 	 -0.0000000000 
422.5000000000 	 -1.6660497062 	 1677.6205227859 	 -0.0000002829 	 -0.0000000000 
423.0000000000 	 -1.6799799557 	 1707.5896122291 	 -0.0000002856 	 -0.0000000000 
423.5000000000 	 -1.6849587150 	 1713.7103092778 	 -0.0000002866 	 -0.0000000000 
424.0000000000 	 -1.6808059523 	 1695.3021599934 	 -0.0000002858 	 -0.0000000000 
424.5000000000 	 -1.6674182707 	 1652.5578728673 	 -0.0000002832 	 -0.0000000000 
425.0000000000 	 -1.6447721819 	 1586.5691951314 	 -0.0000002788 	 -0.0000000000 
425.5000000000 	 -1.6129270709 	 1499.3057599191 	 -0.0000002727 	 -0.0000000000 
426.0000000000 	 -1.5720277126 	 1393.5430768539 	 -0.0000002648 	 -0.0000000000 
426.5000000000 	 -1.5223060665 	 1272.7420355468 	 -0.0000002552 	 -0.0000000000 
427.0000000000 	 -1.4640819898 	 1140.8901575445 	 -0.0000002439 	 -0.0000000000 
427.5000000000 	 -1.3977624946 	 1002.3213454948 	 -0.0000002311 	 -0.0000000000 
428.0000000000 	 -1.3238392477 	 861.5326630395 	 -0.0000002168 	 -0.0000000000 
428.5000000000 	 -1.2428841375 	 723.0125077656 	 -0.0000002012 	 -0.0000000000 
429.0000000000 	 -1.1555428628 	 591.0866301157 	 -0.0000001843 	 -0.0000000000 
429.5000000000 	 -1.0625266138 	 469.7809125162 	 -0.0000001664 	 -0.0000000000 
430.0000000000 	 -0.9646020221 	 362.6956578793 	 -0.0000001475 	 -0.0000000000 
430.5000000000 	 -0.8625796811 	 272.8858581893 	 -0.0000001277 	 -0.0000000000 
431.0000000000 	 -0.7573016910 	 202.7446929571 	 -0.0000001074 	 -0.0000000000 
431.5000000000 	 -0.6496288089 	 153.8927190573 	 -0.0000000866 	 -0.0000000000 
432.0000000000 	 -0.5404278162 	 127.0822012609 	 -0.0000000655 	 -0.0000000000 
432.5000000000 	 -0.4305595875 	 122.1326419173 	 -0.0000000443 	 -0.0000000000 
433.0000000000 	 -0.3208680954 	 137.9160378976 	 -0.0000000231 	 -0.0000000000 
433.5000000000 	 -0.2121703082 	 172.4058431559 	 -0.0000000021 	 -0.0000000000 
434.0000000000 	 -0.1052467735 	 222.7929011190 	 0.0000000185 	 -0.0000000000 
434.5000000000 	 -0.0008326752 	 285.6592338022 	 0.0000000387 	 -0.0000000000 
435.0000000000 	 0.1003907240 	 357.1914943875 	 0.0000000583 	 -0.0000000000 
435.5000000000 	 0.1978041787 	 433.4124227342 	 0.0000000771 	 -0.0000000000 
436.0000000000 	 0.2908578864 	 510.4099770181 	 0.0000000951 	 -0.0000000000 
436.5000000000 	 0.3790779610 	 584.5476437647 	 0.0000001121 	 0.0000000000 
437.0000000000 	 0.4620716494 	 652.6437172620 	 0.0000001281 	 0.0000000000 
437.5000000000 	 0.5395310008 	 712.1110696389 	 0.0000001431 	 0.0000000000 
438.0000000000 	 0.6112347314 	 761.0519658804 	 0.0000001569 	 0.0000000000 
438.5000000000 	 0.6770480770 	 798.3051097680 	 0.0000001696 	 0.0000000000 
439.0000000000 	 0.7369204942 	 823.4446971508 	 0.0000001812 	 0.0000000000 
439.5000000000 	 0.7908811528 	 836.7340210784 	 0.0000001916 	 0.0000000000 
440.0000000000 	 0.8390322673 	 839.0391193165 	 0.0000002009 	 0.0000000000 
440.5000000000 	 0.8815404169 	 831.7108599065 	 0.0000002091 	 0.0000000000 
441.0000000000 	 0.9186261116 	 816.4463409017 	 0.0000002163 	 0.0000000000 
441.5000000000 	 0.9505519505 	 795.1420834444 	 0.0000002225 	 0.0000000000 
442.0000000000 	 0.9776097876 	 769.7518257843 	 0.0000002277 	 0.0000000000 
442.5000000000 	 1.0001073603 	 742.1605629080 	 0.0000002320 	 0.0000000000 
443.0000000000 	 1.0183548520 	 714.0838749227 	 0.0000002356 	 0.0000000000 
443.5000000000 	 1.0326518484 	 686.9978891126 	 0.0000002383 	 0.0000000000 
444.0000000000 	 1.0432751163 	 662.1009948647 	 0.0000002404 	 0.0000000000 
444.5000000000 	 1.0504675918 	 640.3043484765 	 0.0000002418 	 0.0000000000 
445.0000000000 	 1.0544289119 	 622.2448924634 	 0.0000002425 	 0.0000000000 
445.5000000000 	 1.0553077734 	 608.3125321647 	 0.0000002427 	 0.0000000000 
446.0000000000 	 1.0531963531 	 598.6824917763 	 0.0000002423 	 0.0000000000 
446.5000000000 	 1.0481269805 	 593.3447073187 	 0.0000002413 	 0.0000000000 
447.0000000000 	 1.0400712120 	 592.1242006660 	 0.0000002398 	 0.0000000000 
447.5000000000 	 1.0289414083 	 594.6893645508 	 0.0000002376 	 0.0000000000 
448.0000000000 	 1.0145948513 	 600.5485236434 	 0.0000002348 	 0.0000000000 
448.5000000000 	 0.9968403378 	 609.0385143782 	 0.0000002314 	 0.0000000000 
449.0000000000 	 0.9754470571 	 619.3118198144 	 0.0000002273 	 0.0000000000 
449.5000000000 	 0.9501553993 	 630.3305103513 	 0.0000002224 	 0.0000000000 
450.0000000000 	 0.9206891834 	 640.8754880807 	 0.0000002167 	 0.0000000000 
450.5000000000 	 0.8867686696 	 649.5781256603 	 0.0000002102 	 0.0000000000 
451.0000000000 	 0.8481236711 	 654.9784315102 	 0.0000002027 	 0.0000000000 
451.5000000000 	 0.8045061135 	 655.6097826303 	 0.0000001943 	 0.0000000000 
452.0000000000 	 0.7557015100 	 650.1057299368 	 0.0000001848 	 0.0000000000 
452.5000000000 	 0.7015389872 	 637.3202170111 	 0.0000001744 	 0.0000000000 
453.0000000000 	 0.6418996837 	 616.4495443693 	 0.0000001629 	 0.0000000000 
453.5000000000 	 0.5767235082 	 587.1431420758 	 0.0000001503 	 0.0000000000 
454.0000000000 	 0.5060143740 	 549.5909314153 	 0.0000001366 	 0.0000000000 
454.5000000000 	 0.4298441117 	 504.5775761580 	 0.0000001219 	 0.0000000000 
455.0000000000 	 0.3483552964 	 453.4976192999 	 0.0000001062 	 0.0000000000 
455.5000000000 	 0.2617632242 	 398.3294495354 	 0.0000000894 	 0.0000000000 
456.0000000000 	 0.1703572316 	 341.5693318309 	 0.0000000718 	 0.0000000000 
456.5000000000 	 0.0745014920 	 286.1288298388 	 0.0000000533 	 0.0000000000 
457.0000000000 	 -0.0253646493 	 235.1999078131 	 0.0000000340 	 -0.0000000000 
457.5000000000 	 -0.1287268287 	 192.0924519543 	 0.0000000140 	 -0.0000000000 
458.0000000000 	 -0.2349964339 	 160.0497832142 	 -0.0000000065 	 -0.0000000000 
458.5000000000 	 -0.3435122464 	 142.0496552804 	 -0.0000000275 	 -0.0000000000 
459.0000000000 	 -0.4535433450 	 140.6013557493 	 -0.0000000487 	 -0.0000000000 
459.5000000000 	 -0.5642937572 	 157.5531466758 	 -0.0000000701 	 -0.0000000000 
460.0000000000 	 -0.6749093376 	 193.9270166764 	 -0.0000000915 	 -0.0000000000 
460.5000000000 	 -0.7844872041 	 249.7981173032 	 -0.0000001127 	 -0.0000000000 
461.0000000000 	 -0.8920877945 	 324.2335371962 	 -0.0000001334 	 -0.0000000000 
461.5000000000 	 -0.9967492945 	 415.2994910963 	 -0.0000001537 	 -0.0000000000 
462.0000000000 	 -1.0975039362 	 520.1386260812 	 -0.0000001731 	 -0.0000000000 
462.5000000000 	 -1.1933955284 	 635.1112930398 	 -0.0000001916 	 -0.0000000000 
463.0000000000 	 -1.2834975367 	 755.9876010772 	 -0.0000002090 	 -0.0000000000 
463.5000000000 	 -1.3669310418 	 878.1721976871 	 -0.0000002252 	 -0.0000000000 
464.0000000000 	 -1.4428819130 	 996.9422148024 	 -0.0000002398 	 -0.0000000000 
464.5000000000 	 -1.5106165400 	 1107.6811202594 	 -0.0000002529 	 -0.0000000000 
465.0000000000 	 -1.5694955084 	 1206.0962255433 	 -0.0000002643 	 -0.0000000000 
465.5000000000 	 -1.6189847106 	 1288.4128782792 	 -0.0000002739 	 -0.0000000000 
466.0000000000 	 -1.6586635649 	 1351.5414784585 	 -0.0000002815 	 -0.0000000000 
466.5000000000 	 -1.6882302335 	 1393.2135563939 	 -0.0000002872 	 -0.0000000000 
467.0000000000 	 -1.7075039232 	 1412.0813852050 	 -0.0000002909 	 -0.0000000000 
467.5000000000 	 -1.7164244886 	 1407.7740701199 	 -0.0000002927 	 -0.0000000000 
468.0000000000 	 -1.7150496245 	 1380.9033747360 	 -0.0000002924 	 -0.0000000000 
468.5000000000 	 -1.7035499486 	 1333.0151308784 	 -0.0000002902 	 -0.0000000000 
469.0000000000 	 -1.6822022602 	 1266.4863771476 	 -0.0000002861 	 -0.0000000000 
469.5000000000 	 -1.6513812396 	 1184.3734489214 	 -0.0000002801 	 -0.0000000000 
470.0000000000 	 -1.6115498306 	 1090.2212340622 	 -0.0000002724 	 -0.0000000000 
470.5000000000 	 -1.5632485374 	 987.8480390891 	 -0.0000002631 	 -0.0000000000 
471.0000000000 	 -1.5070838622 	 881.1234232597 	 -0.0000002522 	 -0.0000000000 
471.5000000000 	 -1.4437161206 	 773.7574372508 	 -0.0000002400 	 -0.0000000000 
472.0000000000 	 -1.3738468800 	 669.1185251483 	 -0.0000002265 	 -0.0000000000 
472.5000000000 	 -1.2982062784 	 570.0937794360 	 -0.0000002119 	 0.0000000000 
473.0000000000 	 -1.2175404827 	 478.9996666006 	 -0.0000001963 	 0.0000000000 
473.5000000000 	 -1.1325995387 	 397.5447372590 	 -0.0000001799 	 0.0000000000 
474.0000000000 	 -1.0441258492 	 326.8395061977 	 -0.0000001628 	 0.0000000000 
474.5000000000 	 -0.9528435010 	 267.4438132450 	 -0.0000001452 	 0.0000000000 
475.0000000000 	 -0.8594486494 	 219.4392301908 	 -0.0000001271 	 0.0000000000 
475.5000000000 	 -0.7646011599 	 182.5135826991 	 -0.0000001088 	 0.0000000000 
476.0000000000 	 -0.6689177026 	 156.0461838449 	 -0.0000000903 	 0.0000000000 
476.5000000000 	 -0.5729664755 	 139.1855255626 	 -0.0000000718 	 0.0000000000 
477.0000000000 	 -0.4772636982 	 130.9153164815 	 -0.0000000533 	 0.0000000000 
477.5000000000 	 -0.3822719484 	 130.1089144647 	 -0.0000000350 	 0.0000000000 
478.0000000000 	 -0.2884003182 	 135.5752034815 	 -0.0000000168 	 0.0000000000 
478.5000000000 	 -0.1960062585 	 146.0999364277 	 0.0000000010 	 0.0000000000 
479.0000000000 	 -0.1053988745 	 160.4854774607 	 0.0000000185 	 0.0000000000 
479.5000000000 	 -0.0168433637 	 177.5896108930 	 0.0000000356 	 0.0000000000 
480.0000000000 	 0.0694337480 	 196.3619130760 	 0.0000000523 	 0.0000000000 
480.5000000000 	 0.1532389111 	 215.8750558202 	 0.0000000685 	 0.0000000000 
481.0000000000 	 0.2344056999 	 235.3485456894 	 0.0000000841 	 0.0000000000 
481.5000000000 	 0.3127890537 	 254.1634048257 	 0.0000000993 	 0.0000000000 
482.0000000000 	 0.3882598043 	 271.8675429340 	 0.0000001139 	 0.0000000000 
482.5000000000 	 0.4606996220 	 288.1725655622 	 0.0000001279 	 0.0000000000 
483.0000000000 	 0.5299964624 	 302.9433013416 	 0.0000001412 	 0.0000000000 
483.5000000000 	 0.5960405499 	 316.1814466052 	 0.0000001540 	 0.0000000000 
484.0000000000 	 0.6587209025 	 328.0045839969 	 0.0000001661 	 0.0000000000 
484.5000000000 	 0.7179223815 	 338.6216126826 	 0.0000001775 	 0.0000000000 
485.0000000000 	 0.7735232458 	 348.3054608621 	 0.0000001883 	 0.0000000000 
485.5000000000 	 0.8253931905 	 357.3638942063 	 0.0000001983 	 0.0000000000 
486.0000000000 	 0.8733918670 	 366.1092848499 	 0.0000002076 	 0.0000000000 
486.5000000000 	 0.9173678946 	 374.8283311018 	 0.0000002161 	 0.0000000000 
487.0000000000 	 0.9571583922 	 383.7528819749 	 0.0000002238 	 0.0000000000 
487.5000000000 	 0.9925890761 	 393.0332029228 	 0.0000002306 	 0.0000000000 
488.0000000000 	 1.0234749781 	 402.7152153648 	 0.0000002366 	 0.0000000000 
488.5000000000 	 1.0496218459 	 412.7234424303 	 0.0000002416 	 0.0000000000 
489.0000000000 	 1.0708282820 	 422.8515484679 	 0.0000002457 	 0.0000000000 
489.5000000000 	 1.0868886576 	 432.7623630836 	 0.0000002488 	 0.0000000000 
490.0000000000 	 1.0975968094 	 441.9989817284 	 0.0000002509 	 0.0000000000 
490.5000000000 	 1.1027504755 	 450.0078017352 	 0.0000002519 	 0.0000000000 
491.0000000000 	 1.1021563744 	 456.1731527215 	 0.0000002518 	 0.0000000000 
491.5000000000 	 1.0956357720 	 459.8616382434 	 0.0000002505 	 0.0000000000 
492.0000000000 	 1.0830303366 	 460.4726972665 	 0.0000002481 	 0.0000000000 
492.5000000000 	 1.0642080512 	 457.4905750942 	 0.0000002444 	 0.0000000000 
493.0000000000 	 1.0390689439 	 450.5321996912 	 0.0000002396 	 -0.0000000000 
493.5000000000 	 1.0075504096 	 439.3856196772 	 0.0000002335 	 -0.0000000000 
494.0000000000 	 0.9696319200 	 424.0347383992 	 0.0000002262 	 -0.0000000000 
494.5000000000 	 0.9253389504 	 404.6679412469 	 0.0000002176 	 -0.0000000000 
495.0000000000 	 0.8747459883 	 381.6705295615 	 0.0000002078 	 -0.0000000000 
495.5000000000 	 0.8179785246 	 355.6031676066 	 0.0000001969 	 -0.0000000000 
496.0000000000 	 0.7552139580 	 327.1703190467 	 0.0000001847 	 -0.0000000000 
496.5000000000 	 0.6866813838 	 297.1835326353 	 0.0000001715 	 -0.0000000000 
497.0000000000 	 0.6126602681 	 266.5243293693 	 0.0000001572 	 -0.0000000000 
497.5000000000 	 0.5334780497 	 236.1105177180 	 0.0000001419 	 -0.0000000000 
498.0000000000 	 0.4495067492 	 206.8683718913 	 0.0000001257 	 0.0000000000 
498.5000000000 	 0.3611587092 	 179.7116326900 	 0.0000001086 	 0.0000000000 
499.0000000000 	 0.2688816296 	 155.5270213090 	 0.0000000908 	 0.0000000000 
499.5000000000 	 0.1731531018 	 135.1650418111 	 0.0000000723 	 0.0000000000 
