0.0000000000 	 1.0000000000 	 210664.2364561274 	 0.0000000438 	 0.0000000000 
0.5000000000 	 0.9894059950 	 204907.3238295253 	 0.0000000433 	 0.0000000000 
1.0000000000 	 0.9582388164 	 188969.9457333939 	 0.0000000419 	 0.0000000000 
1.5000000000 	 0.9070437906 	 166464.8834129608 	 0.0000000397 	 0.0000000000 
2.0000000000 	 0.8369213954 	 139272.2247323013 	 0.0000000366 	 0.0000000000 
2.5000000000 	 0.7493731868 	 109620.5570133217 	 0.0000000328 	 0.0000000000 
3.0000000000 	 0.6462671570 	 79898.6329889644 	 0.0000000283 	 0.0000000000 
3.5000000000 	 0.5297952283 	 52457.4769909028 	 0.0000000232 	 0.0000000000 
4.0000000000 	 0.4024240517 	 29419.2286054224 	 0.0000000176 	 0.0000000000 
4.5000000000 	 0.2668404091 	 12508.1711578377 	 0.0000000117 	 0.0000000000 
5.0000000000 	 0.1258925942 	 2917.3060347319 	 0.0000000055 	 0.0000000000 
5.5000000000 	 -0.0174708145 	 1220.7015101275 	 -0.0000000008 	 0.0000000000 
6.0000000000 	 -0.1602633894 	 7337.9373006061 	 -0.0000000070 	 0.0000000000 
6.5000000000 	 -0.2995231431 	 20552.6122240610 	 -0.0000000131 	 0.0000000000 
7.0000000000 	 -0.4323733949 	 39582.4417830944 	 -0.0000000189 	 0.0000000000 
7.5000000000 	 -0.5560810364 	 62694.3069534160 	 -0.0000000243 	 0.0000000000 
8.0000000000 	 -0.6681111369 	 87854.0596544280 	 -0.0000000292 	 0.0000000000 
8.5000000000 	 -0.7661769481 	 112898.2252688708 	 -0.0000000335 	 0.0000000000 
9.0000000000 	 -0.8482844969 	 135713.1729377374 	 -0.0000000371 	 0.0000000000 
9.5000000000 	 -0.9127710779 	 154406.9626152435 	 -0.0000000399 	 0.0000000000 
10.0000000000 	 -0.9583370751 	 167459.9355561845 	 -0.0000000419 	 0.0000000000 
10.5000000000 	 -0.9840706556 	 173842.1026051663 	 -0.0000000431 	 0.0000000000 
11.0000000000 	 -0.9894649832 	 173088.3204082024 	 -0.0000000433 	 0.0000000000 
11.5000000000 	 -0.9744277044 	 165325.8713014248 	 -0.0000000426 	 0.0000000000 
12.0000000000 	 -0.9392825554 	 151253.0665078275 	 -0.0000000411 	 -0.0000000000 
12.5000000000 	 -0.8847630450 	 132071.5363586482 	 -0.0000000387 	 -0.0000000000 
13.0000000000 	 -0.8119982672 	 109378.6202323554 	 -0.0000000355 	 -0.0000000000 
13.5000000000 	 -0.7224910155 	 85029.4184618899 	 -0.0000000316 	 -0.0000000000 
14.0000000000 	 -0.6180884858 	 60980.3704362820 	 -0.0000000270 	 -0.0000000000 
14.5000000000 	 -0.5009459855 	 39127.5051343870 	 -0.0000000219 	 -0.0000000000 
15.0000000000 	 -0.3734842036 	 21152.6884659600 	 -0.0000000163 	 -0.0000000000 
15.5000000000 	 -0.2383407355 	 8390.2752945560 	 -0.0000000104 	 -0.0000000000 
16.0000000000 	 -0.0983167026 	 1724.6620186692 	 -0.0000000043 	 -0.0000000000 
16.5000000000 	 0.0436805565 	 1526.5063738925 	 0.0000000019 	 -0.0000000000 
17.0000000000 	 0.1846976137 	 7632.0752415058 	 0.0000000081 	 -0.0000000000 
17.5000000000 	 0.3217966791 	 19366.5801660785 	 0.0000000141 	 -0.0000000000 
18.0000000000 	 0.4521176160 	 35608.7624494661 	 0.0000000198 	 -0.0000000000 
18.5000000000 	 0.5729388727 	 54890.6861785530 	 0.0000000251 	 -0.0000000000 
19.0000000000 	 0.6817359368 	 75523.9490861098 	 0.0000000298 	 -0.0000000000 
19.5000000000 	 0.7762359292 	 95741.5382669431 	 0.0000000340 	 -0.0000000000 
20.0000000000 	 0.8544670178 	 113843.4854088295 	 0.0000000374 	 -0.0000000000 
20.5000000000 	 0.9148014256 	 128334.3837343870 	 0.0000000400 	 -0.0000000000 
21.0000000000 	 0.9559909549 	 138041.7061364379 	 0.0000000418 	 -0.0000000000 
21.5000000000 	 0.9771941253 	 142205.6235354891 	 0.0000000428 	 -0.0000000000 
22.0000000000 	 0.9779942373 	 140533.5074766978 	 0.0000000428 	 -0.0000000000 
22.5000000000 	 0.9584079076 	 133215.2986258523 	 0.0000000419 	 -0.0000000000 
23.0000000000 	 0.9188838775 	 120899.1818639602 	 0.0000000402 	 -0.0000000000 
23.5000000000 	 0.8602921524 	 104630.2599380884 	 0.0000000376 	 -0.0000000000 
24.0000000000 	 0.7839037864 	 85757.8958842470 	 0.0000000343 	 -0.0000000000 
24.5000000000 	 0.6913618687 	 65819.8599885547 	 0.0000000303 	 -0.0000000000 
25.0000000000 	 0.5846444890 	 46413.1752131145 	 0.0000000256 	 -0.0000000000 
25.5000000000 	 0.4660206482 	 29062.4718428775 	 0.0000000204 	 -0.0000000000 
26.0000000000 	 0.3380002376 	 15096.6750859519 	 0.0000000148 	 -0.0000000000 
26.5000000000 	 0.2032793257 	 5543.9718920367 	 0.0000000089 	 -0.0000000000 
27.0000000000 	 0.0646820641 	 1053.3227451672 	 0.0000000028 	 -0.0000000000 
27.5000000000 	 -0.0748994381 	 1848.4536566639 	 -0.0000000033 	 0.0000000000 
28.0000000000 	 -0.2125659302 	 7717.4877498191 	 -0.0000000093 	 0.0000000000 
28.5000000000 	 -0.3454712223 	 18038.3928329871 	 -0.0000000151 	 0.0000000000 
29.0000000000 	 -0.4708805394 	 31837.4819470433 	 -0.0000000206 	 0.0000000000 
29.5000000000 	 -0.5862258853 	 47875.5498898424 	 -0.0000000257 	 0.0000000000 
30.0000000000 	 -0.6891573841 	 64754.0729118335 	 -0.0000000302 	 0.0000000000 
30.5000000000 	 -0.7775896870 	 81032.4076670216 	 -0.0000000340 	 0.0000000000 
31.0000000000 	 -0.8497426622 	 95346.2067386810 	 -0.0000000372 	 0.0000000000 
31.5000000000 	 -0.9041757085 	 106517.3631636582 	 -0.0000000396 	 0.0000000000 
32.0000000000 	 -0.9398151665 	 113646.6792766880 	 -0.0000000411 	 0.0000000000 
32.5000000000 	 -0.9559744181 	 116182.0363775199 	 -0.0000000418 	 0.0000000000 
33.0000000000 	 -0.9523663892 	 113956.9774029706 	 -0.0000000417 	 0.0000000000 
33.5000000000 	 -0.9291082795 	 107197.1200432135 	 -0.0000000407 	 -0.0000000000 
34.0000000000 	 -0.8867184630 	 96494.4824433950 	 -0.0000000388 	 -0.0000000000 
34.5000000000 	 -0.8261056097 	 82752.4097348294 	 -0.0000000361 	 -0.0000000000 
35.0000000000 	 -0.7485501966 	 67106.1285308636 	 -0.0000000328 	 -0.0000000000 
35.5000000000 	 -0.6556786925 	 50825.8451261563 	 -0.0000000287 	 -0.0000000000 
36.0000000000 	 -0.5494308252 	 35210.5976900096 	 -0.0000000240 	 -0.0000000000 
36.5000000000 	 -0.4320204630 	 21481.6792794113 	 -0.0000000189 	 -0.0000000000 
37.0000000000 	 -0.3058907750 	 10684.3294409257 	 -0.0000000134 	 -0.0000000000 
37.5000000000 	 -0.1736644623 	 3605.5685302154 	 -0.0000000076 	 -0.0000000000 
38.0000000000 	 -0.0380899797 	 714.5979637385 	 -0.0000000017 	 -0.0000000000 
38.5000000000 	 0.0980152171 	 2130.2384013314 	 0.0000000043 	 0.0000000000 
39.0000000000 	 0.2318232588 	 7617.5924153685 	 0.0000000101 	 0.0000000000 
39.5000000000 	 0.3605550632 	 16613.6900369900 	 0.0000000158 	 0.0000000000 
40.0000000000 	 0.4815388713 	 28279.5058131065 	 0.0000000211 	 0.0000000000 
40.5000000000 	 0.5922668161 	 41573.6187740653 	 0.0000000259 	 0.0000000000 
41.0000000000 	 0.6904482319 	 55341.0929801822 	 0.0000000302 	 0.0000000000 
41.5000000000 	 0.7740584592 	 68410.0197566875 	 0.0000000339 	 0.0000000000 
42.0000000000 	 0.8413819890 	 79687.6687205312 	 0.0000000368 	 0.0000000000 
42.5000000000 	 0.8910489139 	 88248.3735974672 	 0.0000000390 	 0.0000000000 
43.0000000000 	 0.9220638092 	 93406.1040301918 	 0.0000000403 	 0.0000000000 
43.5000000000 	 0.9338263594 	 94766.0656807787 	 0.0000000409 	 0.0000000000 
44.0000000000 	 0.9261432492 	 92251.5015248154 	 0.0000000405 	 0.0000000000 
44.5000000000 	 0.8992310671 	 86103.9766276281 	 0.0000000393 	 0.0000000000 
45.0000000000 	 0.8537101971 	 76857.6364002689 	 0.0000000374 	 0.0000000000 
45.5000000000 	 0.7905899036 	 65290.0498671099 	 0.0000000346 	 0.0000000000 
46.0000000000 	 0.7112450316 	 52354.1120670093 	 0.0000000311 	 0.0000000000 
46.5000000000 	 0.6173849440 	 39096.9364088686 	 0.0000000270 	 0.0000000000 
47.0000000000 	 0.5110154942 	 26572.6089401640 	 0.0000000224 	 0.0000000000 
47.5000000000 	 0.3943949790 	 15756.0374837734 	 0.0000000173 	 0.0000000000 
48.0000000000 	 0.2699851315 	 7464.8937780520 	 0.0000000118 	 0.0000000000 
48.5000000000 	 0.1403982991 	 2295.8489918441 	 0.0000000061 	 0.0000000000 
49.0000000000 	 0.0083419967 	 580.0195069858 	 0.0000000004 	 0.0000000000 
49.5000000000 	 -0.1234379497 	 2360.8847459737 	 -0.0000000054 	 0.0000000000 
50.0000000000 	 -0.2522144695 	 7396.0529463092 	 -0.0000000110 	 0.0000000000 
50.5000000000 	 -0.3753353555 	 15182.2901119099 	 -0.0000000164 	 0.0000000000 
51.0000000000 	 -0.4902773002 	 25001.3504869487 	 -0.0000000215 	 0.0000000000 
51.5000000000 	 -0.5946968249 	 35982.5026872764 	 -0.0000000260 	 0.0000000000 
52.0000000000 	 -0.6864771460 	 47176.3619651187 	 -0.0000000300 	 0.0000000000 
52.5000000000 	 -0.7637701274 	 57633.8132600394 	 -0.0000000334 	 0.0000000000 
53.0000000000 	 -0.8250325682 	 66483.5012206832 	 -0.0000000361 	 0.0000000000 
53.5000000000 	 -0.8690561899 	 73001.5897083363 	 -0.0000000380 	 0.0000000000 
54.0000000000 	 -0.8949908030 	 76668.2287050571 	 -0.0000000392 	 0.0000000000 
54.5000000000 	 -0.9023602549 	 77206.3444543508 	 -0.0000000395 	 0.0000000000 
55.0000000000 	 -0.8910708842 	 74599.8871134997 	 -0.0000000390 	 0.0000000000 
55.5000000000 	 -0.8614123393 	 69090.4003054875 	 -0.0000000377 	 0.0000000000 
56.0000000000 	 -0.8140507466 	 61152.5736067702 	 -0.0000000356 	 0.0000000000 
56.5000000000 	 -0.7500143511 	 51451.1529897741 	 -0.0000000328 	 -0.0000000000 
57.0000000000 	 -0.6706718904 	 40783.0748170664 	 -0.0000000293 	 -0.0000000000 
57.5000000000 	 -0.5777040944 	 30009.8357885081 	 -0.0000000253 	 -0.0000000000 
58.0000000000 	 -0.4730688442 	 19985.8243371737 	 -0.0000000207 	 -0.0000000000 
58.5000000000 	 -0.3589606494 	 11488.5662776795 	 -0.0000000157 	 -0.0000000000 
59.0000000000 	 -0.2377652262 	 5156.5687576346 	 -0.0000000104 	 0.0000000000 
59.5000000000 	 -0.1120100724 	 1439.7135019598 	 -0.0000000049 	 0.0000000000 
60.0000000000 	 0.0156879702 	 566.0232078568 	 0.0000000007 	 0.0000000000 
60.5000000000 	 0.1426770964 	 2527.2055891041 	 0.0000000062 	 0.0000000000 
61.0000000000 	 0.2663257324 	 7083.7919392764 	 0.0000000117 	 0.0000000000 
61.5000000000 	 0.3840773831 	 13789.0661110957 	 0.0000000168 	 0.0000000000 
62.0000000000 	 0.4935039646 	 22029.4596787841 	 0.0000000216 	 0.0000000000 
62.5000000000 	 0.5923564690 	 31077.7920058036 	 0.0000000259 	 0.0000000000 
63.0000000000 	 0.6786118625 	 40154.7605540418 	 0.0000000297 	 0.0000000000 
63.5000000000 	 0.7505151869 	 48493.5084440704 	 0.0000000328 	 0.0000000000 
64.0000000000 	 0.8066159376 	 55401.9504504908 	 0.0000000353 	 0.0000000000 
64.5000000000 	 0.8457979182 	 60317.8269370044 	 0.0000000370 	 -0.0000000000 
65.0000000000 	 0.8673019112 	 62852.1445926840 	 0.0000000380 	 -0.0000000000 
65.5000000000 	 0.8707406731 	 62817.6890560508 	 0.0000000381 	 -0.0000000000 
66.0000000000 	 0.8561059340 	 60240.5682761672 	 0.0000000375 	 -0.0000000000 
66.5000000000 	 0.8237672650 	 55354.1598333875 	 0.0000000360 	 -0.0000000000 
67.0000000000 	 0.7744628677 	 48576.2745566062 	 0.0000000339 	 -0.0000000000 
67.5000000000 	 0.7092825192 	 40471.6969007719 	 0.0000000310 	 -0.0000000000 
68.0000000000 	 0.6296430897 	 31703.4130221928 	 0.0000000276 	 -0.0000000000 
68.5000000000 	 0.5372572135 	 22976.7008451865 	 0.0000000235 	 -0.0000000000 
69.0000000000 	 0.4340958461 	 14980.7672013359 	 0.0000000190 	 -0.0000000000 
69.5000000000 	 0.3223455701 	 8332.7388747076 	 0.0000000141 	 -0.0000000000 
70.0000000000 	 0.2043616243 	 3528.5423936351 	 0.0000000089 	 -0.0000000000 
70.5000000000 	 0.0826177067 	 904.5689771332 	 0.0000000036 	 -0.0000000000 
71.0000000000 	 -0.0403463344 	 613.0732026169 	 -0.0000000018 	 -0.0000000000 
71.5000000000 	 -0.1619777853 	 2613.0786953666 	 -0.0000000071 	 -0.0000000000 
72.0000000000 	 -0.2797641857 	 6677.2614899795 	 -0.0000000122 	 -0.0000000000 
72.5000000000 	 -0.3912851697 	 12413.9612939642 	 -0.0000000171 	 -0.0000000000 
73.0000000000 	 -0.4942619618 	 19302.2425276706 	 -0.0000000216 	 0.0000000000 
73.5000000000 	 -0.5866035358 	 26736.8913956060 	 -0.0000000257 	 0.0000000000 
74.0000000000 	 -0.6664485350 	 34079.4753274896 	 -0.0000000292 	 0.0000000000 
74.5000000000 	 -0.7322021536 	 40711.1652618688 	 -0.0000000320 	 0.0000000000 
75.0000000000 	 -0.7825673032 	 46082.9585334667 	 -0.0000000342 	 0.0000000000 
75.5000000000 	 -0.8165695084 	 49759.2384838506 	 -0.0000000357 	 0.0000000000 
76.0000000000 	 -0.8335751110 	 51451.2339535057 	 -0.0000000365 	 0.0000000000 
76.5000000000 	 -0.8333024940 	 51037.8383728376 	 -0.0000000365 	 0.0000000000 
77.0000000000 	 -0.8158261707 	 48572.3341062001 	 -0.0000000357 	 0.0000000000 
77.5000000000 	 -0.7815737156 	 44274.7492798124 	 -0.0000000342 	 0.0000000000 
78.0000000000 	 -0.7313156437 	 38510.7524825012 	 -0.0000000320 	 -0.0000000000 
78.5000000000 	 -0.6661484657 	 31759.0694535223 	 -0.0000000291 	 -0.0000000000 
79.0000000000 	 -0.5874712695 	 24570.2999269791 	 -0.0000000257 	 -0.0000000000 
79.5000000000 	 -0.4969562895 	 17520.6542383386 	 -0.0000000217 	 -0.0000000000 
80.0000000000 	 -0.3965140317 	 11164.4722728972 	 -0.0000000174 	 -0.0000000000 
80.5000000000 	 -0.2882536272 	 5989.4110013174 	 -0.0000000126 	 -0.0000000000 
81.0000000000 	 -0.1744391748 	 2377.8961978074 	 -0.0000000076 	 -0.0000000000 
81.5000000000 	 -0.0574429210 	 577.8586861695 	 -0.0000000025 	 -0.0000000000 
82.0000000000 	 0.0603038047 	 684.9671241662 	 0.0000000026 	 -0.0000000000 
82.5000000000 	 0.1763609204 	 2637.5968117014 	 0.0000000077 	 -0.0000000000 
83.0000000000 	 0.2883301663 	 6224.7179653782 	 0.0000000126 	 -0.0000000000 
83.5000000000 	 0.3939048774 	 11105.8334184467 	 0.0000000172 	 -0.0000000000 
84.0000000000 	 0.4909179047 	 16841.1295452308 	 0.0000000215 	 -0.0000000000 
84.5000000000 	 0.5773866547 	 22929.2022180859 	 0.0000000253 	 -0.0000000000 
85.0000000000 	 0.6515542626 	 28849.1446836072 	 0.0000000285 	 -0.0000000000 
85.5000000000 	 0.7119259859 	 34103.4803620932 	 0.0000000312 	 -0.0000000000 
86.0000000000 	 0.7572999994 	 38258.4122342703 	 0.0000000331 	 0.0000000000 
86.5000000000 	 0.7867918973 	 40978.1389711686 	 0.0000000344 	 0.0000000000 
87.0000000000 	 0.7998523447 	 42050.5296078445 	 0.0000000350 	 0.0000000000 
87.5000000000 	 0.7962774852 	 41402.2049914315 	 0.0000000348 	 -0.0000000000 
88.0000000000 	 0.7762118824 	 39101.9795718230 	 0.0000000340 	 -0.0000000000 
88.5000000000 	 0.7401439508 	 35352.5936944760 	 0.0000000324 	 -0.0000000000 
89.0000000000 	 0.6888940167 	 30471.6317619981 	 0.0000000301 	 -0.0000000000 
89.5000000000 	 0.6235953228 	 24863.3950401926 	 0.0000000273 	 -0.0000000000 
90.0000000000 	 0.5456684570 	 18984.2082653717 	 0.0000000239 	 -0.0000000000 
90.5000000000 	 0.4567898357 	 13304.1305362064 	 0.0000000200 	 -0.0000000000 
91.0000000000 	 0.3588549986 	 8268.2769599311 	 0.0000000157 	 -0.0000000000 
91.5000000000 	 0.2539375811 	 4260.9242724730 	 0.0000000111 	 -0.0000000000 
92.0000000000 	 0.1442449040 	 1575.2802161751 	 0.0000000063 	 -0.0000000000 
92.5000000000 	 0.0320711787 	 391.2733549290 	 0.0000000014 	 -0.0000000000 
93.0000000000 	 -0.0802506538 	 763.0159138259 	 -0.0000000035 	 0.0000000000 
93.5000000000 	 -0.1903974250 	 2616.7692780328 	 -0.0000000083 	 0.0000000000 
94.0000000000 	 -0.2961035815 	 5759.3699299952 	 -0.0000000130 	 0.0000000000 
94.5000000000 	 -0.3952074084 	 9896.2246453991 	 -0.0000000173 	 0.0000000000 
95.0000000000 	 -0.4856947278 	 14657.2255293538 	 -0.0000000213 	 0.0000000000 
95.5000000000 	 -0.5657392424 	 19628.3265933960 	 -0.0000000248 	 0.0000000000 
96.0000000000 	 -0.6337387706 	 24386.1092660745 	 -0.0000000277 	 0.0000000000 
96.5000000000 	 -0.6883467141 	 28532.4732526461 	 -0.0000000301 	 0.0000000000 
97.0000000000 	 -0.7284981912 	 31726.6321160778 	 -0.0000000319 	 0.0000000000 
97.5000000000 	 -0.7534303723 	 33711.8619568522 	 -0.0000000330 	 0.0000000000 
98.0000000000 	 -0.7626966606 	 34334.9212506295 	 -0.0000000334 	 0.0000000000 
98.5000000000 	 -0.7561744682 	 33556.6896023691 	 -0.0000000331 	 0.0000000000 
99.0000000000 	 -0.7340664533 	 31453.3102317266 	 -0.0000000321 	 0.0000000000 
99.5000000000 	 -0.6968952004 	 28207.9048596412 	 -0.0000000305 	 0.0000000000 
100.0000000000 	 -0.6454914432 	 24093.6965902629 	 -0.0000000282 	 0.0000000000 
100.5000000000 	 -0.5809760537 	 19450.0644608007 	 -0.0000000254 	 0.0000000000 
101.0000000000 	 -0.5047361399 	 14653.6074036386 	 -0.0000000221 	 0.0000000000 
101.5000000000 	 -0.4183957167 	 10086.6714975484 	 -0.0000000183 	 0.0000000000 
102.0000000000 	 -0.3237815271 	 6105.9635320072 	 -0.0000000142 	 0.0000000000 
102.5000000000 	 -0.2228847007 	 3013.8243848851 	 -0.0000000098 	 0.0000000000 
103.0000000000 	 -0.1178190325 	 1034.4742190417 	 -0.0000000052 	 0.0000000000 
103.5000000000 	 -0.0107767458 	 297.0925620720 	 -0.0000000005 	 0.0000000000 
104.0000000000 	 0.0960173298 	 827.0001258870 	 0.0000000042 	 0.0000000000 
104.5000000000 	 0.2003521936 	 2545.5180025845 	 0.0000000088 	 0.0000000000 
105.0000000000 	 0.3000767275 	 5278.3532724391 	 0.0000000131 	 0.0000000000 
105.5000000000 	 0.3931443782 	 8771.6597496765 	 0.0000000172 	 0.0000000000 
106.0000000000 	 0.4776555052 	 12714.3068192856 	 0.0000000209 	 0.0000000000 
106.5000000000 	 0.5518964858 	 16764.4078559869 	 0.0000000241 	 0.0000000000 
107.0000000000 	 0.6143747418 	 20577.8497219673 	 0.0000000269 	 0.0000000000 
107.5000000000 	 0.6638489503 	 23836.4479861031 	 0.0000000290 	 0.0000000000 
108.0000000000 	 0.6993538114 	 26273.4336218390 	 0.0000000306 	 0.0000000000 
108.5000000000 	 0.7202188743 	 27694.2441922711 	 0.0000000315 	 0.0000000000 
109.0000000000 	 0.7260810594 	 27991.0190717665 	 0.0000000318 	 0.0000000000 
109.5000000000 	 0.7168906533 	 27149.7450464398 	 0.0000000314 	 0.0000000000 
110.0000000000 	 0.6929107028 	 25249.6181617452 	 0.0000000303 	 0.0000000000 
110.5000000000 	 0.6547098710 	 22454.8281089619 	 0.0000000286 	 0.0000000000 
111.0000000000 	 0.6031489604 	 18999.5808950738 	 0.0000000264 	 0.0000000000 
111.5000000000 	 0.5393614355 	 15167.7061522953 	 0.0000000236 	 0.0000000000 
112.0000000000 	 0.4647283988 	 11268.6068629270 	 0.0000000203 	 0.0000000000 
112.5000000000 	 0.3808485835 	 7611.5714717184 	 0.0000000167 	 0.0000000000 
113.0000000000 	 0.2895040189 	 4480.5635668230 	 0.0000000127 	 0.0000000000 
113.5000000000 	 0.1926221097 	 2111.5280654808 	 0.0000000084 	 0.0000000000 
114.0000000000 	 0.0922349339 	 674.0140449324 	 0.0000000040 	 0.0000000000 
114.5000000000 	 -0.0095633863 	 258.5344465349 	 -0.0000000004 	 -0.0000000000 
115.0000000000 	 -0.1106603503 	 870.5940848005 	 -0.0000000048 	 -0.0000000000 
115.5000000000 	 -0.2089688787 	 2431.7602511345 	 -0.0000000091 	 -0.0000000000 
116.0000000000 	 -0.3024703430 	 4787.5704132570 	 -0.0000000132 	 -0.0000000000 
116.5000000000 	 -0.3892559418 	 7721.5163517066 	 -0.0000000170 	 -0.0000000000 
117.0000000000 	 -0.4675655797 	 10973.8586126746 	 -0.0000000205 	 0.0000000000 
117.5000000000 	 -0.5358234563 	 14263.6485576619 	 -0.0000000234 	 0.0000000000 
118.0000000000 	 -0.5926696475 	 17312.0975304975 	 -0.0000000259 	 0.0000000000 
118.5000000000 	 -0.6369870476 	 19865.3519535655 	 -0.0000000279 	 0.0000000000 
119.0000000000 	 -0.6679231394 	 21714.8143660239 	 -0.0000000292 	 0.0000000000 
119.5000000000 	 -0.6849061742 	 22713.3846129631 	 -0.0000000300 	 0.0000000000 
120.0000000000 	 -0.6876554618 	 22786.3607235989 	 -0.0000000301 	 0.0000000000 
120.5000000000 	 -0.6761855957 	 21936.2026799437 	 -0.0000000296 	 0.0000000000 
121.0000000000 	 -0.6508045713 	 20240.8835660376 	 -0.0000000285 	 0.0000000000 
121.5000000000 	 -0.6121058760 	 17846.0865923336 	 -0.0000000268 	 0.0000000000 
122.0000000000 	 -0.5609547595 	 14952.0081601126 	 -0.0000000245 	 0.0000000000 
122.5000000000 	 -0.4984690066 	 11795.9552277775 	 -0.0000000218 	 0.0000000000 
123.0000000000 	 -0.4259946428 	 8632.2458389475 	 -0.0000000186 	 0.0000000000 
123.5000000000 	 -0.3450771031 	 5711.1108532107 	 -0.0000000151 	 -0.0000000000 
124.0000000000 	 -0.2574284736 	 3258.3404670355 	 -0.0000000113 	 -0.0000000000 
124.5000000000 	 -0.1648914941 	 1457.3210870215 	 -0.0000000072 	 -0.0000000000 
125.0000000000 	 -0.0694010594 	 434.8783590529 	 -0.0000000030 	 -0.0000000000 
125.5000000000 	 0.0270559921 	 252.0028159248 	 0.0000000012 	 -0.0000000000 
126.0000000000 	 0.1224819925 	 900.1159240941 	 0.0000000054 	 -0.0000000000 
126.5000000000 	 0.2149096296 	 2303.0718943251 	 0.0000000094 	 -0.0000000000 
127.0000000000 	 0.3024423775 	 4324.6224567546 	 0.0000000132 	 -0.0000000000 
127.5000000000 	 0.3832933559 	 6780.6352591943 	 0.0000000168 	 -0.0000000000 
128.0000000000 	 0.4558218327 	 9454.9855813078 	 0.0000000199 	 -0.0000000000 
128.5000000000 	 0.5185666239 	 12117.7637593085 	 0.0000000227 	 -0.0000000000 
129.0000000000 	 0.5702757063 	 14544.2773683533 	 0.0000000250 	 -0.0000000000 
129.5000000000 	 0.6099314241 	 16533.2889169137 	 0.0000000267 	 -0.0000000000 
130.0000000000 	 0.6367707597 	 17923.0177820935 	 0.0000000279 	 -0.0000000000 
130.5000000000 	 0.6503002374 	 18603.6406590217 	 0.0000000285 	 -0.0000000000 
131.0000000000 	 0.6503051367 	 18525.3299947209 	 0.0000000285 	 -0.0000000000 
131.5000000000 	 0.6368528161 	 17701.2489704073 	 0.0000000279 	 -0.0000000000 
132.0000000000 	 0.6102900738 	 16205.3429980505 	 0.0000000267 	 -0.0000000000 
132.5000000000 	 0.5712346080 	 14165.1964972271 	 0.0000000250 	 -0.0000000000 
133.0000000000 	 0.5205607708 	 11750.6245356310 	 0.0000000228 	 -0.0000000000 
133.5000000000 	 0.4593799426 	 9159.0088533523 	 0.0000000201 	 -0.0000000000 
134.0000000000 	 0.3890159780 	 6598.6392410976 	 0.0000000170 	 -0.0000000000 
134.5000000000 	 0.3109762868 	 4271.4642853568 	 0.0000000136 	 -0.0000000000 
135.0000000000 	 0.2269192099 	 2356.6796218115 	 0.0000000099 	 -0.0000000000 
135.5000000000 	 0.1386184351 	 996.4868430648 	 0.0000000061 	 -0.0000000000 
136.0000000000 	 0.0479252495 	 285.1521036065 	 0.0000000021 	 -0.0000000000 
136.5000000000 	 -0.0432705297 	 262.1994732433 	 -0.0000000019 	 -0.0000000000 
137.0000000000 	 -0.1330800944 	 910.2167599658 	 -0.0000000058 	 -0.0000000000 
137.5000000000 	 -0.2196548075 	 2157.3622204975 	 -0.0000000096 	 -0.0000000000 
138.0000000000 	 -0.3012241676 	 3884.2725881359 	 -0.0000000132 	 0.0000000000 
138.5000000000 	 -0.3761318034 	 5934.7184121800 	 -0.0000000165 	 0.0000000000 
139.0000000000 	 -0.4428687827 	 8129.0602623483 	 -0.0000000194 	 0.0000000000 
139.5000000000 	 -0.5001035981 	 10279.3512717609 	 -0.0000000219 	 0.0000000000 
140.0000000000 	 -0.5467082699 	 12204.8224415560 	 -0.0000000239 	 0.0000000000 
140.5000000000 	 -0.5817800994 	 13746.4832086044 	 -0.0000000255 	 0.0000000000 
141.0000000000 	 -0.6046586962 	 14779.6684098753 	 -0.0000000265 	 0.0000000000 
141.5000000000 	 -0.6149379985 	 15223.5533099492 	 -0.0000000269 	 0.0000000000 
142.0000000000 	 -0.6124731014 	 15046.9232468577 	 -0.0000000268 	 -0.0000000000 
142.5000000000 	 -0.5973818012 	 14269.8008862095 	 -0.0000000261 	 -0.0000000000 
143.0000000000 	 -0.5700408592 	 12960.8758894707 	 -0.0000000249 	 -0.0000000000 
143.5000000000 	 -0.5310770787 	 11231.0215302933 	 -0.0000000232 	 -0.0000000000 
144.0000000000 	 -0.4813533808 	 9223.4937059772 	 -0.0000000211 	 -0.0000000000 
144.5000000000 	 -0.4219501559 	 7101.6658438584 	 -0.0000000185 	 -0.0000000000 
145.0000000000 	 -0.3541422520 	 5035.3387504357 	 -0.0000000155 	 -0.0000000000 
145.5000000000 	 -0.2793720478 	 3186.7636674290 	 -0.0000000122 	 -0.0000000000 
146.0000000000 	 -0.1992191404 	 1697.5226993563 	 -0.0000000087 	 -0.0000000000 
146.5000000000 	 -0.1153672479 	 677.3237760213 	 -0.0000000050 	 0.0000000000 
147.0000000000 	 -0.0295689985 	 195.5952487465 	 -0.0000000013 	 0.0000000000 
147.5000000000 	 0.0563906721 	 276.5228078118 	 0.0000000025 	 0.0000000000 
148.0000000000 	 0.1407317479 	 897.8791310712 	 0.0000000062 	 0.0000000000 
148.5000000000 	 0.2217161948 	 1993.6791406049 	 0.0000000097 	 0.0000000000 
149.0000000000 	 0.2976840603 	 3460.3776530661 	 0.0000000130 	 0.0000000000 
149.5000000000 	 0.3670878283 	 5166.0380554997 	 0.0000000161 	 0.0000000000 
150.0000000000 	 0.4285242779 	 6961.6643891537 	 0.0000000188 	 0.0000000000 
150.5000000000 	 0.4807631537 	 8693.7241847474 	 0.0000000210 	 0.0000000000 
151.0000000000 	 0.5227720272 	 10216.8084894702 	 0.0000000229 	 0.0000000000 
151.5000000000 	 0.5537368193 	 11405.3841897921 	 0.0000000242 	 0.0000000000 
152.0000000000 	 0.5730775618 	 12163.6895075993 	 0.0000000251 	 0.0000000000 
152.5000000000 	 0.5804590897 	 12432.9964562491 	 0.0000000254 	 0.0000000000 
153.0000000000 	 0.5757964766 	 12195.6976777686 	 0.0000000252 	 0.0000000000 
153.5000000000 	 0.5592551540 	 11475.9482588506 	 0.0000000245 	 0.0000000000 
154.0000000000 	 0.5312457708 	 10336.8819299752 	 0.0000000232 	 0.0000000000 
154.5000000000 	 0.4924139702 	 8874.7010549247 	 0.0000000215 	 0.0000000000 
155.0000000000 	 0.4436253648 	 7210.1881914174 	 0.0000000194 	 0.0000000000 
155.5000000000 	 0.3859460896 	 5478.3843900429 	 0.0000000169 	 0.0000000000 
156.0000000000 	 0.3206193914 	 3817.3113414342 	 0.0000000140 	 0.0000000000 
156.5000000000 	 0.2490387870 	 2356.6723443277 	 0.0000000109 	 0.0000000000 
157.0000000000 	 0.1727183743 	 1207.4484161682 	 0.0000000076 	 0.0000000000 
157.5000000000 	 0.0932609261 	 453.2143421307 	 0.0000000041 	 -0.0000000000 
158.0000000000 	 0.0123244239 	 143.8442016657 	 0.0000000005 	 -0.0000000000 
158.5000000000 	 -0.0684122916 	 292.0706535211 	 -0.0000000030 	 -0.0000000000 
159.0000000000 	 -0.1472840696 	 873.1241449931 	 -0.0000000064 	 -0.0000000000 
159.5000000000 	 -0.2226735169 	 1827.4264637559 	 -0.0000000097 	 -0.0000000000 
160.0000000000 	 -0.2930439158 	 3066.0675631712 	 -0.0000000128 	 -0.0000000000 
160.5000000000 	 -0.3569703468 	 4478.5744988505 	 -0.0000000156 	 -0.0000000000 
161.0000000000 	 -0.4131684035 	 5942.3036272824 	 -0.0000000181 	 -0.0000000000 
161.5000000000 	 -0.4605199279 	 7332.6655851890 	 -0.0000000202 	 -0.0000000000 
162.0000000000 	 -0.4980952516 	 8533.3362384005 	 -0.0000000218 	 0.0000000000 
162.5000000000 	 -0.5251714895 	 9445.6198470419 	 -0.0000000230 	 0.0000000000 
163.0000000000 	 -0.5412465098 	 9996.2116629404 	 -0.0000000237 	 0.0000000000 
163.5000000000 	 -0.5460482902 	 10142.7490340956 	 -0.0000000239 	 0.0000000000 
164.0000000000 	 -0.5395394627 	 9876.7307565871 	 -0.0000000236 	 0.0000000000 
164.5000000000 	 -0.5219169533 	 9223.6076774254 	 -0.0000000228 	 0.0000000000 
165.0000000000 	 -0.4936067292 	 8240.0844227028 	 -0.0000000216 	 0.0000000000 
165.5000000000 	 -0.4552537735 	 7008.9024761450 	 -0.0000000199 	 0.0000000000 
166.0000000000 	 -0.4077075156 	 5631.5791910810 	 -0.0000000178 	 0.0000000000 
166.5000000000 	 -0.3520030473 	 4219.7386303855 	 -0.0000000154 	 0.0000000000 
167.0000000000 	 -0.2893385503 	 2885.7753018020 	 -0.0000000127 	 0.0000000000 
167.5000000000 	 -0.2210494408 	 1733.6329215039 	 -0.0000000097 	 0.0000000000 
168.0000000000 	 -0.1485798101 	 850.4550958692 	 -0.0000000065 	 0.0000000000 
168.5000000000 	 -0.0734517910 	 299.7769031456 	 -0.0000000032 	 0.0000000000 
169.0000000000 	 0.0027664820 	 116.7847722477 	 0.0000000001 	 0.0000000000 
169.5000000000 	 0.0784936300 	 305.9901426196 	 0.0000000034 	 0.0000000000 
170.0000000000 	 0.1521678131 	 841.4564927563 	 0.0000000067 	 -0.0000000000 
170.5000000000 	 0.2222788615 	 1669.5072317047 	 0.0000000097 	 -0.0000000000 
171.0000000000 	 0.2873990995 	 2713.6412824289 	 0.0000000126 	 -0.0000000000 
171.5000000000 	 0.3462122484 	 3881.2099440711 	 0.0000000151 	 -0.0000000000 
172.0000000000 	 0.3975398435 	 5071.2759393683 	 0.0000000174 	 -0.0000000000 
172.5000000000 	 0.4403646555 	 6182.9928196191 	 0.0000000193 	 -0.0000000000 
173.0000000000 	 0.4738506727 	 7123.8152164008 	 0.0000000207 	 -0.0000000000 
173.5000000000 	 0.4973592717 	 7816.8784520392 	 0.0000000218 	 -0.0000000000 
174.0000000000 	 0.5104612744 	 8206.9661183508 	 0.0000000223 	 -0.0000000000 
174.5000000000 	 0.5129446742 	 8264.6089314942 	 0.0000000224 	 -0.0000000000 
175.0000000000 	 0.5048178879 	 7988.0168183555 	 0.0000000221 	 -0.0000000000 
175.5000000000 	 0.4863084823 	 7402.7257973426 	 0.0000000213 	 -0.0000000000 
176.0000000000 	 0.4578574044 	 6559.0274139219 	 0.0000000200 	 -0.0000000000 
176.5000000000 	 0.4201088360 	 5527.4265659876 	 0.0000000184 	 -0.0000000000 
177.0000000000 	 0.3738958810 	 4392.5295137603 	 0.0000000164 	 -0.0000000000 
177.5000000000 	 0.3202223781 	 3245.8854805964 	 0.0000000140 	 -0.0000000000 
178.0000000000 	 0.2602412201 	 2178.3829918946 	 0.0000000114 	 -0.0000000000 
178.5000000000 	 0.1952296332 	 1272.8299420929 	 0.0000000085 	 -0.0000000000 
179.0000000000 	 0.1265619459 	 597.3223430884 	 0.0000000055 	 -0.0000000000 
179.5000000000 	 0.0556804319 	 199.9330928636 	 0.0000000024 	 -0.0000000000 
180.0000000000 	 -0.0159351408 	 105.1353775530 	 -0.0000000007 	 -0.0000000000 
180.5000000000 	 -0.0867985886 	 312.2256164563 	 -0.0000000038 	 -0.0000000000 
181.0000000000 	 -0.1554483443 	 795.8411250727 	 -0.0000000068 	 -0.0000000000 
181.5000000000 	 -0.2204777656 	 1508.4925261410 	 -0.0000000096 	 -0.0000000000 
182.0000000000 	 -0.2805640687 	 2384.8653544337 	 -0.0000000123 	 -0.0000000000 
182.5000000000 	 -0.3344952728 	 3347.5032318571 	 -0.0000000146 	 0.0000000000 
183.0000000000 	 -0.3811945948 	 4313.3781058965 	 -0.0000000167 	 0.0000000000 
183.5000000000 	 -0.4197418039 	 5200.7897031360 	 -0.0000000184 	 0.0000000000 
184.0000000000 	 -0.4493911187 	 5936.0209089189 	 -0.0000000197 	 0.0000000000 
184.5000000000 	 -0.4695853206 	 6459.2083289695 	 -0.0000000205 	 0.0000000000 
185.0000000000 	 -0.4799658421 	 6728.9637755887 	 -0.0000000210 	 0.0000000000 
185.5000000000 	 -0.4803786815 	 6725.3952086798 	 -0.0000000210 	 0.0000000000 
186.0000000000 	 -0.4708760840 	 6451.3143411756 	 -0.0000000206 	 0.0000000000 
186.5000000000 	 -0.4517140144 	 5931.5705410516 	 -0.0000000198 	 -0.0000000000 
187.0000000000 	 -0.4233455278 	 5210.6040438932 	 -0.0000000185 	 -0.0000000000 
187.5000000000 	 -0.3864102156 	 4348.4534834432 	 -0.0000000169 	 -0.0000000000 
188.0000000000 	 -0.3417199765 	 3415.5723925623 	 -0.0000000150 	 -0.0000000000 
188.5000000000 	 -0.2902414176 	 2486.8978144511 	 -0.0000000127 	 -0.0000000000 
189.0000000000 	 -0.2330752506 	 1635.6653832977 	 -0.0000000102 	 -0.0000000000 
189.5000000000 	 -0.1714330945 	 927.4760916088 	 -0.0000000075 	 -0.0000000000 
190.0000000000 	 -0.1066121409 	 415.0904848814 	 -0.0000000047 	 -0.0000000000 
190.5000000000 	 -0.0399681766 	 134.3592597937 	 -0.0000000017 	 -0.0000000000 
191.0000000000 	 0.0271125079 	 101.6009798088 	 0.0000000012 	 -0.0000000000 
191.5000000000 	 0.0932417706 	 312.6159569532 	 0.0000000041 	 -0.0000000000 
192.0000000000 	 0.1570582563 	 743.3900997704 	 0.0000000069 	 0.0000000000 
192.5000000000 	 0.2172554408 	 1352.4045375185 	 0.0000000095 	 0.0000000000 
193.0000000000 	 0.2726084957 	 2084.3371691513 	 0.0000000119 	 0.0000000000 
193.5000000000 	 0.3219994100 	 2874.8314012989 	 0.0000000141 	 0.0000000000 
194.0000000000 	 0.3644398245 	 3655.9242155287 	 0.0000000159 	 0.0000000000 
194.5000000000 	 0.3990910827 	 4361.6770867973 	 0.0000000175 	 0.0000000000 
195.0000000000 	 0.4252810540 	 4933.5430480842 	 0.0000000186 	 0.0000000000 
195.5000000000 	 0.4425173596 	 5325.0319900994 	 0.0000000194 	 0.0000000000 
196.0000000000 	 0.4504967087 	 5505.3013616198 	 0.0000000197 	 0.0000000000 
196.5000000000 	 0.4491101504 	 5461.3948945507 	 0.0000000197 	 0.0000000000 
197.0000000000 	 0.4384441414 	 5198.9692755105 	 0.0000000192 	 0.0000000000 
197.5000000000 	 0.4187774349 	 4741.4774275175 	 0.0000000183 	 0.0000000000 
198.0000000000 	 0.3905738947 	 4127.9059850781 	 0.0000000171 	 0.0000000000 
198.5000000000 	 0.3544714384 	 3409.2825707865 	 0.0000000155 	 0.0000000000 
199.0000000000 	 0.3112674003 	 2644.2657606554 	 0.0000000136 	 0.0000000000 
199.5000000000 	 0.2619006830 	 1894.1994096197 	 0.0000000115 	 0.0000000000 
200.0000000000 	 0.2074311315 	 1218.0482883415 	 0.0000000091 	 0.0000000000 
200.5000000000 	 0.1490166142 	 667.6318264531 	 0.0000000065 	 0.0000000000 
201.0000000000 	 0.0878883292 	 283.5383349624 	 0.0000000038 	 0.0000000000 
201.5000000000 	 0.0253248764 	 92.0373911022 	 0.0000000011 	 0.0000000000 
202.0000000000 	 -0.0373743580 	 103.2194319425 	 -0.0000000016 	 0.0000000000 
202.5000000000 	 -0.0989159624 	 310.4869888104 	 -0.0000000043 	 0.0000000000 
203.0000000000 	 -0.1580388757 	 691.4102753205 	 -0.0000000069 	 -0.0000000000 
203.5000000000 	 -0.2135398753 	 1209.8500445806 	 -0.0000000093 	 -0.0000000000 
204.0000000000 	 -0.2642976947 	 1819.1512512333 	 -0.0000000116 	 -0.0000000000 
204.5000000000 	 -0.3092953302 	 2466.1294740497 	 -0.0000000135 	 -0.0000000000 
205.0000000000 	 -0.3476401238 	 3095.5140879028 	 -0.0000000152 	 -0.0000000000 
205.5000000000 	 -0.3785812574 	 3654.4817390877 	 -0.0000000166 	 -0.0000000000 
206.0000000000 	 -0.4015243318 	 4096.9126017221 	 -0.0000000176 	 0.0000000000 
206.5000000000 	 -0.4160427544 	 4387.0298333988 	 -0.0000000182 	 0.0000000000 
207.0000000000 	 -0.4218857120 	 4502.1371352781 	 -0.0000000185 	 0.0000000000 
207.5000000000 	 -0.4189825615 	 4434.2459173210 	 -0.0000000183 	 0.0000000000 
208.0000000000 	 -0.4074435369 	 4190.4761486223 	 -0.0000000178 	 0.0000000000 
208.5000000000 	 -0.3875567390 	 3792.2161314642 	 -0.0000000170 	 0.0000000000 
209.0000000000 	 -0.3597814495 	 3273.1280151996 	 -0.0000000157 	 0.0000000000 
209.5000000000 	 -0.3247378884 	 2676.1795674056 	 -0.0000000142 	 0.0000000000 
210.0000000000 	 -0.2831936158 	 2049.9607940807 	 -0.0000000124 	 0.0000000000 
210.5000000000 	 -0.2360468550 	 1444.5999222456 	 -0.0000000103 	 0.0000000000 
211.0000000000 	 -0.1843070932 	 907.6223392797 	 -0.0000000081 	 0.0000000000 
211.5000000000 	 -0.1290733826 	 480.0959458973 	 -0.0000000056 	 0.0000000000 
212.0000000000 	 -0.0715108231 	 193.3772229487 	 -0.0000000031 	 0.0000000000 
212.5000000000 	 -0.0128257558 	 66.7169285535 	 -0.0000000006 	 0.0000000000 
213.0000000000 	 0.0457597739 	 105.9078681355 	 0.0000000020 	 0.0000000000 
213.5000000000 	 0.1030337096 	 303.0666013996 	 0.0000000045 	 0.0000000000 
214.0000000000 	 0.1578192620 	 637.5444137982 	 0.0000000069 	 0.0000000000 
214.5000000000 	 0.2089992173 	 1077.8688917857 	 0.0000000091 	 0.0000000000 
215.0000000000 	 0.2555387581 	 1584.5340469647 	 0.0000000112 	 0.0000000000 
215.5000000000 	 0.2965063218 	 2113.3909762672 	 0.0000000130 	 0.0000000000 
216.0000000000 	 0.3310920834 	 2619.3475757794 	 0.0000000145 	 0.0000000000 
216.5000000000 	 0.3586237104 	 3060.0677346805 	 0.0000000157 	 0.0000000000 
217.0000000000 	 0.3785791111 	 3399.3683143771 	 0.0000000166 	 0.0000000000 
217.5000000000 	 0.3905959652 	 3610.0444529414 	 0.0000000171 	 -0.0000000000 
218.0000000000 	 0.3944779010 	 3675.9067944497 	 0.0000000173 	 -0.0000000000 
218.5000000000 	 0.3901972482 	 3592.8831028683 	 0.0000000171 	 -0.0000000000 
219.0000000000 	 0.3778943631 	 3369.1153698573 	 0.0000000165 	 -0.0000000000 
219.5000000000 	 0.3578735844 	 3024.0654946763 	 0.0000000157 	 -0.0000000000 
220.0000000000 	 0.3305959327 	 2586.7214730154 	 0.0000000145 	 -0.0000000000 
220.5000000000 	 0.2966687226 	 2093.0658379521 	 0.0000000130 	 -0.0000000000 
221.0000000000 	 0.2568323044 	 1583.0237678828 	 0.0000000112 	 -0.0000000000 
221.5000000000 	 0.2119442025 	 1097.1458853498 	 0.0000000093 	 -0.0000000000 
222.0000000000 	 0.1629609580 	 673.2977633229 	 0.0000000071 	 -0.0000000000 
222.5000000000 	 0.1109180309 	 343.6234955135 	 0.0000000049 	 -0.0000000000 
223.0000000000 	 0.0569081526 	 132.0249241778 	 0.0000000025 	 -0.0000000000 
223.5000000000 	 0.0020585555 	 52.3533707748 	 0.0000000001 	 -0.0000000000 
224.0000000000 	 -0.0524924606 	 107.4505565477 	 -0.0000000023 	 -0.0000000000 
224.5000000000 	 -0.1056191475 	 289.1046450700 	 -0.0000000046 	 -0.0000000000 
225.0000000000 	 -0.1562316176 	 578.9117118741 	 -0.0000000068 	 -0.0000000000 
225.5000000000 	 -0.2032983481 	 949.9586547149 	 -0.0000000089 	 -0.0000000000 
226.0000000000 	 -0.2458673915 	 1369.1767859433 	 -0.0000000108 	 0.0000000000 
226.5000000000 	 -0.2830858308 	 1800.1617153125 	 -0.0000000124 	 0.0000000000 
227.0000000000 	 -0.3142170511 	 2206.2191688546 	 -0.0000000137 	 0.0000000000 
227.5000000000 	 -0.3386554504 	 2553.3810966837 	 -0.0000000148 	 0.0000000000 
228.0000000000 	 -0.3559382733 	 2813.1429589828 	 -0.0000000156 	 0.0000000000 
228.5000000000 	 -0.3657543236 	 2964.7006366073 	 -0.0000000160 	 0.0000000000 
229.0000000000 	 -0.3679493870 	 2996.5112899562 	 -0.0000000161 	 0.0000000000 
229.5000000000 	 -0.3625282799 	 2907.0623681722 	 -0.0000000159 	 0.0000000000 
230.0000000000 	 -0.3496535207 	 2704.8013547246 	 -0.0000000153 	 0.0000000000 
230.5000000000 	 -0.3296406997 	 2407.2496079372 	 -0.0000000144 	 0.0000000000 
231.0000000000 	 -0.3029506992 	 2039.3906776614 	 -0.0000000133 	 0.0000000000 
231.5000000000 	 -0.2701789789 	 1631.4811675757 	 -0.0000000118 	 0.0000000000 
232.0000000000 	 -0.2320422031 	 1216.4760211030 	 -0.0000000102 	 0.0000000000 
232.5000000000 	 -0.1893625280 	 827.2868810196 	 -0.0000000083 	 -0.0000000000 
233.0000000000 	 -0.1430499071 	 494.1003299078 	 -0.0000000063 	 -0.0000000000 
233.5000000000 	 -0.0940827982 	 241.9723871830 	 -0.0000000041 	 -0.0000000000 
234.0000000000 	 -0.0434876739 	 88.8881342371 	 -0.0000000019 	 -0.0000000000 
234.5000000000 	 0.0076822540 	 44.4335403257 	 0.0000000003 	 -0.0000000000 
235.0000000000 	 0.0583686802 	 109.1742089158 	 0.0000000026 	 -0.0000000000 
235.5000000000 	 0.1075298069 	 274.7772253658 	 0.0000000047 	 -0.0000000000 
236.0000000000 	 0.1541614917 	 524.8522172697 	 0.0000000067 	 -0.0000000000 
236.5000000000 	 0.1973175422 	 836.4307539905 	 0.0000000086 	 -0.0000000000 
237.0000000000 	 0.2361287710 	 1181.9535907764 	 0.0000000103 	 -0.0000000000 
237.5000000000 	 0.2698204417 	 1531.5966786275 	 0.0000000118 	 -0.0000000000 
238.0000000000 	 0.2977277593 	 1855.7421517022 	 0.0000000130 	 -0.0000000000 
238.5000000000 	 0.3193090896 	 2127.3914791880 	 0.0000000140 	 -0.0000000000 
239.0000000000 	 0.3341566258 	 2324.3252682918 	 0.0000000146 	 -0.0000000000 
239.5000000000 	 0.3420042671 	 2430.8372207820 	 0.0000000150 	 -0.0000000000 
240.0000000000 	 0.3427325283 	 2438.9066227497 	 0.0000000150 	 -0.0000000000 
240.5000000000 	 0.3363703561 	 2348.7214829447 	 0.0000000147 	 -0.0000000000 
241.0000000000 	 0.3230938007 	 2168.5190810368 	 0.0000000141 	 -0.0000000000 
241.5000000000 	 0.3032215607 	 1913.7676535357 	 0.0000000133 	 -0.0000000000 
242.0000000000 	 0.2772074965 	 1605.7673880264 	 0.0000000121 	 -0.0000000000 
242.5000000000 	 0.2456302820 	 1269.7961544760 	 0.0000000107 	 -0.0000000000 
243.0000000000 	 0.2091804376 	 932.9614379749 	 0.0000000092 	 -0.0000000000 
243.5000000000 	 0.1686450520 	 621.9417303501 	 0.0000000074 	 -0.0000000000 
244.0000000000 	 0.1248905566 	 360.8064822070 	 0.0000000055 	 -0.0000000000 
244.5000000000 	 0.0788439626 	 169.0933806291 	 0.0000000035 	 -0.0000000000 
245.0000000000 	 0.0314729985 	 60.2964469663 	 0.0000000014 	 -0.0000000000 
245.5000000000 	 -0.0162343950 	 40.8808133519 	 -0.0000000007 	 -0.0000000000 
246.0000000000 	 -0.0632907530 	 109.8936385377 	 -0.0000000028 	 -0.0000000000 
246.5000000000 	 -0.1087295115 	 259.1897137320 	 -0.0000000048 	 -0.0000000000 
247.0000000000 	 -0.1516247420 	 474.2393542825 	 -0.0000000066 	 -0.0000000000 
247.5000000000 	 -0.1911098030 	 735.4394345193 	 -0.0000000084 	 -0.0000000000 
248.0000000000 	 -0.2263945535 	 1019.8095882091 	 -0.0000000099 	 -0.0000000000 
248.5000000000 	 -0.2567808172 	 1302.9275025310 	 -0.0000000112 	 -0.0000000000 
249.0000000000 	 -0.2816758302 	 1560.9416937907 	 -0.0000000123 	 -0.0000000000 
249.5000000000 	 -0.3006034529 	 1772.4978988201 	 -0.0000000132 	 -0.0000000000 
250.0000000000 	 -0.3132129694 	 1920.4259268963 	 -0.0000000137 	 0.0000000000 
250.5000000000 	 -0.3192853433 	 1993.0562283746 	 -0.0000000140 	 -0.0000000000 
251.0000000000 	 -0.3187368367 	 1985.0674954565 	 -0.0000000139 	 -0.0000000000 
251.5000000000 	 -0.3116199441 	 1897.8056604332 	 -0.0000000136 	 -0.0000000000 
252.0000000000 	 -0.2981216299 	 1739.0576309271 	 -0.0000000130 	 -0.0000000000 
252.5000000000 	 -0.2785589001 	 1522.3067236097 	 -0.0000000122 	 -0.0000000000 
253.0000000000 	 -0.2533717831 	 1265.5377401225 	 -0.0000000111 	 -0.0000000000 
253.5000000000 	 -0.2231138366 	 989.6948750083 	 -0.0000000098 	 -0.0000000000 
254.0000000000 	 -0.1884403484 	 716.9224509545 	 -0.0000000082 	 -0.0000000000 
254.5000000000 	 -0.1500944435 	 468.7347271984 	 -0.0000000066 	 -0.0000000000 
255.0000000000 	 -0.1088913649 	 264.2653779917 	 -0.0000000048 	 -0.0000000000 
255.5000000000 	 -0.0657012365 	 118.7392603858 	 -0.0000000029 	 0.0000000000 
256.0000000000 	 -0.0214306677 	 42.2893568103 	 -0.0000000009 	 0.0000000000 
256.5000000000 	 0.0229964088 	 39.2118690970 	 0.0000000010 	 0.0000000000 
257.0000000000 	 0.0666582425 	 107.7148568499 	 0.0000000029 	 0.0000000000 
257.5000000000 	 0.1086546736 	 240.1737829762 	 0.0000000048 	 0.0000000000 
258.0000000000 	 0.1481260016 	 423.8645289665 	 0.0000000065 	 0.0000000000 
258.5000000000 	 0.1842708787 	 642.1046495261 	 0.0000000081 	 0.0000000000 
259.0000000000 	 0.2163628201 	 875.7003560369 	 0.0000000095 	 0.0000000000 
259.5000000000 	 0.2437649573 	 1104.5728306250 	 0.0000000107 	 0.0000000000 
260.0000000000 	 0.2659427167 	 1309.4249418876 	 0.0000000116 	 0.0000000000 
260.5000000000 	 0.2824741592 	 1473.3091218480 	 0.0000000124 	 0.0000000000 
261.0000000000 	 0.2930577869 	 1582.9687713759 	 0.0000000128 	 0.0000000000 
261.5000000000 	 0.2975176911 	 1629.8476953528 	 0.0000000130 	 0.0000000000 
262.0000000000 	 0.2958059860 	 1610.6924311977 	 0.0000000129 	 0.0000000000 
262.5000000000 	 0.2880025374 	 1527.7079949075 	 0.0000000126 	 0.0000000000 
263.0000000000 	 0.2743120585 	 1388.2652854266 	 0.0000000120 	 -0.0000000000 
263.5000000000 	 0.2550586965 	 1204.1949301818 	 0.0000000112 	 -0.0000000000 
264.0000000000 	 0.2306782803 	 990.7347904976 	 0.0000000101 	 -0.0000000000 
264.5000000000 	 0.2017084342 	 765.2242681844 	 0.0000000088 	 -0.0000000000 
265.0000000000 	 0.1687767936 	 545.6562280334 	 0.0000000074 	 -0.0000000000 
265.5000000000 	 0.1325875769 	 349.2057790673 	 0.0000000058 	 -0.0000000000 
266.0000000000 	 0.0939067870 	 190.8540835993 	 0.0000000041 	 -0.0000000000 
266.5000000000 	 0.0535463277 	 82.2152184632 	 0.0000000023 	 -0.0000000000 
267.0000000000 	 0.0123473272 	 30.6559309961 	 0.0000000005 	 -0.0000000000 
267.5000000000 	 -0.0288370244 	 38.7734476998 	 -0.0000000013 	 -0.0000000000 
268.0000000000 	 -0.0691588162 	 104.2672305298 	 -0.0000000030 	 -0.0000000000 
268.5000000000 	 -0.1077926154 	 220.2089346435 	 -0.0000000047 	 -0.0000000000 
269.0000000000 	 -0.1439522029 	 375.6831572472 	 -0.0000000063 	 -0.0000000000 
269.5000000000 	 -0.1769065209 	 556.7422557023 	 -0.0000000077 	 -0.0000000000 
270.0000000000 	 -0.2059945102 	 747.5938062255 	 -0.0000000090 	 -0.0000000000 
270.5000000000 	 -0.2306385251 	 931.9211368469 	 -0.0000000101 	 -0.0000000000 
271.0000000000 	 -0.2503560305 	 1094.2273156965 	 -0.0000000110 	 0.0000000000 
271.5000000000 	 -0.2647693125 	 1221.0919204752 	 -0.0000000116 	 0.0000000000 
272.0000000000 	 -0.2736129721 	 1302.2380469060 	 -0.0000000120 	 0.0000000000 
272.5000000000 	 -0.2767390133 	 1331.3237350531 	 -0.0000000121 	 0.0000000000 
273.0000000000 	 -0.2741193990 	 1306.3959264369 	 -0.0000000120 	 0.0000000000 
273.5000000000 	 -0.2658460041 	 1229.9741509878 	 -0.0000000116 	 0.0000000000 
274.0000000000 	 -0.2521279658 	 1108.7628123757 	 -0.0000000110 	 0.0000000000 
274.5000000000 	 -0.2332865002 	 953.0223604557 	 -0.0000000102 	 0.0000000000 
275.0000000000 	 -0.2097473185 	 775.6579980237 	 -0.0000000092 	 0.0000000000 
275.5000000000 	 -0.1820308419 	 591.1073623471 	 -0.0000000080 	 0.0000000000 
276.0000000000 	 -0.1507404683 	 414.1239107982 	 -0.0000000066 	 0.0000000000 
276.5000000000 	 -0.1165491865 	 258.5593382384 	 -0.0000000051 	 0.0000000000 
277.0000000000 	 -0.0801848722 	 136.2459267555 	 -0.0000000035 	 0.0000000000 
277.5000000000 	 -0.0424146151 	 56.0687911893 	 -0.0000000019 	 0.0000000000 
278.0000000000 	 -0.0040284403 	 23.2998064522 	 -0.0000000002 	 -0.0000000000 
278.5000000000 	 0.0341772161 	 39.2414390281 	 0.0000000015 	 -0.0000000000 
279.0000000000 	 0.0714159316 	 101.2019756438 	 0.0000000031 	 -0.0000000000 
279.5000000000 	 0.1069272923 	 202.7961015075 	 0.0000000047 	 -0.0000000000 
280.0000000000 	 0.1399921532 	 334.5386973166 	 0.0000000061 	 -0.0000000000 
280.5000000000 	 0.1699468905 	 484.6771009936 	 0.0000000074 	 -0.0000000000 
281.0000000000 	 0.1961963948 	 640.1895192809 	 0.0000000086 	 -0.0000000000 
281.5000000000 	 0.2182255901 	 787.8659004505 	 0.0000000095 	 -0.0000000000 
282.0000000000 	 0.2356092856 	 915.3830068911 	 0.0000000103 	 -0.0000000000 
282.5000000000 	 0.2480201993 	 1012.2877652326 	 0.0000000109 	 0.0000000000 
283.0000000000 	 0.2552350170 	 1070.8118586701 	 0.0000000112 	 0.0000000000 
283.5000000000 	 0.2571383785 	 1086.4551711767 	 0.0000000113 	 0.0000000000 
284.0000000000 	 0.2537247123 	 1058.2949363168 	 0.0000000111 	 0.0000000000 
284.5000000000 	 0.2450978718 	 988.9998204850 	 0.0000000107 	 0.0000000000 
285.0000000000 	 0.2314685626 	 884.5519926226 	 0.0000000101 	 -0.0000000000 
285.5000000000 	 0.2131495897 	 753.7036811272 	 0.0000000093 	 -0.0000000000 
286.0000000000 	 0.1905489972 	 607.2159608202 	 0.0000000083 	 -0.0000000000 
286.5000000000 	 0.1641612201 	 456.9448347965 	 0.0000000072 	 0.0000000000 
287.0000000000 	 0.1345564181 	 314.8516271345 	 0.0000000059 	 0.0000000000 
287.5000000000 	 0.1023682064 	 192.0202365877 	 0.0000000045 	 0.0000000000 
288.0000000000 	 0.0682800468 	 97.7623959467 	 0.0000000030 	 0.0000000000 
288.5000000000 	 0.0330106006 	 38.8838168478 	 0.0000000014 	 0.0000000000 
289.0000000000 	 -0.0027016219 	 19.1696792191 	 -0.0000000001 	 0.0000000000 
289.5000000000 	 -0.0381139615 	 39.1286296645 	 -0.0000000017 	 0.0000000000 
290.0000000000 	 -0.0724952904 	 96.0120285945 	 -0.0000000032 	 0.0000000000 
290.5000000000 	 -0.1051413134 	 184.1016686246 	 -0.0000000046 	 0.0000000000 
291.0000000000 	 -0.1353891371 	 295.2366970323 	 -0.0000000059 	 0.0000000000 
291.5000000000 	 -0.1626307877 	 419.5309981257 	 -0.0000000071 	 0.0000000000 
292.0000000000 	 -0.1863253886 	 546.2174773031 	 -0.0000000082 	 -0.0000000000 
292.5000000000 	 -0.2060097572 	 664.5466962809 	 -0.0000000090 	 -0.0000000000 
293.0000000000 	 -0.2213072238 	 764.6647132600 	 -0.0000000097 	 -0.0000000000 
293.5000000000 	 -0.2319345315 	 838.3987509172 	 -0.0000000101 	 0.0000000000 
294.0000000000 	 -0.2377067208 	 879.8888555869 	 -0.0000000104 	 0.0000000000 
294.5000000000 	 -0.2385399547 	 886.0179679615 	 -0.0000000104 	 0.0000000000 
295.0000000000 	 -0.2344522784 	 856.6104180322 	 -0.0000000103 	 0.0000000000 
295.5000000000 	 -0.2255623497 	 794.3882274686 	 -0.0000000099 	 0.0000000000 
296.0000000000 	 -0.2120862052 	 704.6941614231 	 -0.0000000093 	 0.0000000000 
296.5000000000 	 -0.1943321573 	 595.0087205227 	 -0.0000000085 	 0.0000000000 
297.0000000000 	 -0.1726939381 	 474.3038911151 	 -0.0000000076 	 0.0000000000 
297.5000000000 	 -0.1476422288 	 352.2884194065 	 -0.0000000065 	 0.0000000000 
298.0000000000 	 -0.1197147326 	 238.6068789576 	 -0.0000000052 	 0.0000000000 
298.5000000000 	 -0.0895049676 	 142.0574137850 	 -0.0000000039 	 0.0000000000 
299.0000000000 	 -0.0576499760 	 69.8906415050 	 -0.0000000025 	 0.0000000000 
299.5000000000 	 -0.0248171708 	 27.2450033438 	 -0.0000000011 	 -0.0000000000 
300.0000000000 	 0.0083094434 	 16.7623869035 	 0.0000000004 	 -0.0000000000 
300.5000000000 	 0.0410434117 	 38.4129688785 	 0.0000000018 	 -0.0000000000 
301.0000000000 	 0.0727100528 	 89.5410487204 	 0.0000000032 	 -0.0000000000 
301.5000000000 	 0.1026604695 	 165.1255068322 	 0.0000000045 	 -0.0000000000 
302.0000000000 	 0.1302850419 	 258.2308877010 	 0.0000000057 	 -0.0000000000 
302.5000000000 	 0.1550260972 	 360.6094605093 	 0.0000000068 	 -0.0000000000 
303.0000000000 	 0.1763894597 	 463.4023111129 	 0.0000000077 	 -0.0000000000 
303.5000000000 	 0.1939546043 	 557.8796784132 	 0.0000000085 	 -0.0000000000 
304.0000000000 	 0.2073831682 	 636.1580931220 	 0.0000000091 	 -0.0000000000 
304.5000000000 	 0.2164256143 	 691.8346621262 	 0.0000000095 	 0.0000000000 
305.0000000000 	 0.2209258922 	 720.4868038635 	 0.0000000097 	 0.0000000000 
305.5000000000 	 0.2208239985 	 719.9981137787 	 0.0000000097 	 0.0000000000 
306.0000000000 	 0.2161563968 	 690.6866323676 	 0.0000000095 	 -0.0000000000 
306.5000000000 	 0.2070543209 	 635.2291125669 	 0.0000000091 	 -0.0000000000 
307.0000000000 	 0.1937400409 	 558.3923158653 	 0.0000000085 	 -0.0000000000 
307.5000000000 	 0.1765212265 	 466.5983283692 	 0.0000000077 	 -0.0000000000 
308.0000000000 	 0.1557835837 	 367.3640073976 	 0.0000000068 	 -0.0000000000 
308.5000000000 	 0.1319819797 	 268.6639123034 	 0.0000000058 	 -0.0000000000 
309.0000000000 	 0.1056302917 	 178.2708257135 	 0.0000000046 	 -0.0000000000 
309.5000000000 	 0.0772902338 	 103.1280641323 	 0.0000000034 	 -0.0000000000 
310.0000000000 	 0.0475594167 	 48.8034595496 	 0.0000000021 	 -0.0000000000 
310.5000000000 	 0.0170588974 	 19.0667667255 	 0.0000000007 	 -0.0000000000 
311.0000000000 	 -0.0135795377 	 15.6211712706 	 -0.0000000006 	 -0.0000000000 
311.5000000000 	 -0.0437261194 	 38.0065524187 	 -0.0000000019 	 -0.0000000000 
312.0000000000 	 -0.0727656528 	 83.6782594570 	 -0.0000000032 	 -0.0000000000 
312.5000000000 	 -0.1001096745 	 148.2514365989 	 -0.0000000044 	 0.0000000000 
313.0000000000 	 -0.1252080153 	 225.8883386579 	 -0.0000000055 	 0.0000000000 
313.5000000000 	 -0.1475595771 	 309.7954559887 	 -0.0000000065 	 0.0000000000 
314.0000000000 	 -0.1667221478 	 392.7892974562 	 -0.0000000073 	 0.0000000000 
314.5000000000 	 -0.1823210780 	 467.8848791898 	 -0.0000000080 	 0.0000000000 
315.0000000000 	 -0.1940566552 	 528.8596588103 	 -0.0000000085 	 0.0000000000 
315.5000000000 	 -0.2017100220 	 570.7479524869 	 -0.0000000088 	 0.0000000000 
316.0000000000 	 -0.2051474956 	 590.2266553193 	 -0.0000000090 	 0.0000000000 
316.5000000000 	 -0.2043231724 	 585.8619839104 	 -0.0000000089 	 0.0000000000 
317.0000000000 	 -0.1992797233 	 558.1983501035 	 -0.0000000087 	 0.0000000000 
317.5000000000 	 -0.1901473270 	 509.6834984910 	 -0.0000000083 	 0.0000000000 
318.0000000000 	 -0.1771407240 	 444.4376520227 	 -0.0000000078 	 0.0000000000 
318.5000000000 	 -0.1605544278 	 367.8874550709 	 -0.0000000070 	 0.0000000000 
319.0000000000 	 -0.1407561775 	 286.2968217184 	 -0.0000000062 	 0.0000000000 
319.5000000000 	 -0.1181787700 	 206.2353432088 	 -0.0000000052 	 0.0000000000 
320.0000000000 	 -0.0933104590 	 134.0298702123 	 -0.0000000041 	 0.0000000000 
320.5000000000 	 -0.0666841546 	 75.2457844311 	 -0.0000000029 	 0.0000000000 
321.0000000000 	 -0.0388656922 	 34.2412305171 	 -0.0000000017 	 0.0000000000 
321.5000000000 	 -0.0104414694 	 13.8305299099 	 -0.0000000005 	 0.0000000000 
322.0000000000 	 0.0179942408 	 15.0828607078 	 0.0000000008 	 0.0000000000 
322.5000000000 	 0.0458519832 	 37.2700775965 	 0.0000000020 	 0.0000000000 
323.0000000000 	 0.0725595198 	 77.9644567166 	 0.0000000032 	 0.0000000000 
323.5000000000 	 0.0975736496 	 133.2744161741 	 0.0000000043 	 0.0000000000 
324.0000000000 	 0.1203911980 	 198.1950220395 	 0.0000000053 	 0.0000000000 
324.5000000000 	 0.1405589568 	 267.0412706747 	 0.0000000062 	 0.0000000000 
325.0000000000 	 0.1576824004 	 333.9263802912 	 0.0000000069 	 0.0000000000 
325.5000000000 	 0.1714330400 	 393.2449409636 	 0.0000000075 	 0.0000000000 
326.0000000000 	 0.1815543184 	 440.1217552000 	 0.0000000079 	 0.0000000000 
326.5000000000 	 0.1878659856 	 470.7912615458 	 0.0000000082 	 0.0000000000 
327.0000000000 	 0.1902669209 	 482.8790638635 	 0.0000000083 	 0.0000000000 
327.5000000000 	 0.1887363977 	 475.5656344577 	 0.0000000083 	 0.0000000000 
328.0000000000 	 0.1833338051 	 449.6219887985 	 0.0000000080 	 -0.0000000000 
328.5000000000 	 0.1741968564 	 407.3172940155 	 0.0000000076 	 -0.0000000000 
329.0000000000 	 0.1615383325 	 352.2082499063 	 0.0000000071 	 -0.0000000000 
329.5000000000 	 0.1456414172 	 288.8290048689 	 0.0000000064 	 -0.0000000000 
330.0000000000 	 0.1268537004 	 222.3077539577 	 0.0000000056 	 -0.0000000000 
330.5000000000 	 0.1055799405 	 157.9415233912 	 0.0000000046 	 -0.0000000000 
331.0000000000 	 0.0822736957 	 100.7636028613 	 0.0000000036 	 -0.0000000000 
331.5000000000 	 0.0574279609 	 55.1384111220 	 0.0000000025 	 -0.0000000000 
332.0000000000 	 0.0315649697 	 24.4162042498 	 0.0000000014 	 -0.0000000000 
332.5000000000 	 0.0052253483 	 10.6750822185 	 0.0000000002 	 -0.0000000000 
333.0000000000 	 -0.0210431637 	 14.5705456195 	 -0.0000000009 	 -0.0000000000 
333.5000000000 	 -0.0466971902 	 35.3039317809 	 -0.0000000020 	 -0.0000000000 
334.0000000000 	 -0.0712091369 	 70.7111285885 	 -0.0000000031 	 -0.0000000000 
334.5000000000 	 -0.0940782875 	 117.4628639543 	 -0.0000000041 	 -0.0000000000 
335.0000000000 	 -0.1148413112 	 171.3584924636 	 -0.0000000050 	 -0.0000000000 
335.5000000000 	 -0.1330819227 	 227.6874054658 	 -0.0000000058 	 0.0000000000 
336.0000000000 	 -0.1484394610 	 281.6267027913 	 -0.0000000065 	 0.0000000000 
336.5000000000 	 -0.1606161774 	 328.6410929498 	 -0.0000000070 	 0.0000000000 
337.0000000000 	 -0.1693830640 	 364.8513650236 	 -0.0000000074 	 0.0000000000 
337.5000000000 	 -0.1745841009 	 387.3411235168 	 -0.0000000076 	 0.0000000000 
338.0000000000 	 -0.1761388452 	 394.3774246601 	 -0.0000000077 	 0.0000000000 
338.5000000000 	 -0.1740433360 	 385.5288778720 	 -0.0000000076 	 0.0000000000 
339.0000000000 	 -0.1683693393 	 361.6738866137 	 -0.0000000074 	 0.0000000000 
339.5000000000 	 -0.1592619964 	 324.9011292299 	 -0.0000000070 	 0.0000000000 
340.0000000000 	 -0.1469359784 	 278.3132733368 	 -0.0000000064 	 0.0000000000 
340.5000000000 	 -0.1316702782 	 225.7525338084 	 -0.0000000058 	 0.0000000000 
341.0000000000 	 -0.1138017920 	 171.4724515173 	 -0.0000000050 	 0.0000000000 
341.5000000000 	 -0.0937178570 	 119.7838211438 	 -0.0000000041 	 0.0000000000 
342.0000000000 	 -0.0718479175 	 74.7038796707 	 -0.0000000031 	 0.0000000000 
342.5000000000 	 -0.0486544955 	 39.6367298637 	 -0.0000000021 	 0.0000000000 
343.0000000000 	 -0.0246236383 	 17.1097299238 	 -0.0000000011 	 0.0000000000 
343.5000000000 	 -0.0002550152 	 8.5855747819 	 -0.0000000000 	 -0.0000000000 
344.0000000000 	 0.0239481679 	 14.3634587438 	 0.0000000010 	 -0.0000000000 
344.5000000000 	 0.0474892690 	 33.5755310783 	 0.0000000021 	 -0.0000000000 
345.0000000000 	 0.0698881557 	 64.2773515955 	 0.0000000031 	 -0.0000000000 
345.5000000000 	 0.0906908273 	 103.6237445447 	 0.0000000040 	 -0.0000000000 
346.0000000000 	 0.1094785386 	 148.1148456941 	 0.0000000048 	 0.0000000000 
346.5000000000 	 0.1258762501 	 193.8917144177 	 0.0000000055 	 0.0000000000 
347.0000000000 	 0.1395602293 	 237.0570549141 	 0.0000000061 	 0.0000000000 
347.5000000000 	 0.1502646320 	 273.9946815229 	 0.0000000066 	 0.0000000000 
348.0000000000 	 0.1577869031 	 301.6615693683 	 0.0000000069 	 0.0000000000 
348.5000000000 	 0.1619918529 	 317.8286915467 	 0.0000000071 	 0.0000000000 
349.0000000000 	 0.1628142928 	 321.2512143358 	 0.0000000071 	 0.0000000000 
349.5000000000 	 0.1602601430 	 311.7546706499 	 0.0000000070 	 0.0000000000 
350.0000000000 	 0.1544059678 	 290.2309544420 	 0.0000000068 	 -0.0000000000 
350.5000000000 	 0.1453969373 	 258.5457365196 	 0.0000000064 	 -0.0000000000 
351.0000000000 	 0.1334432593 	 219.3664844221 	 0.0000000058 	 -0.0000000000 
351.5000000000 	 0.1188151761 	 175.9269678309 	 0.0000000052 	 -0.0000000000 
352.0000000000 	 0.1018366599 	 131.7493220699 	 0.0000000045 	 -0.0000000000 
352.5000000000 	 0.0828779827 	 90.3479566789 	 0.0000000036 	 -0.0000000000 
353.0000000000 	 0.0623473646 	 54.9405736831 	 0.0000000027 	 -0.0000000000 
353.5000000000 	 0.0406819253 	 28.1902752301 	 0.0000000018 	 -0.0000000000 
354.0000000000 	 0.0183381735 	 11.9993960396 	 0.0000000008 	 -0.0000000000 
354.5000000000 	 -0.0042177288 	 7.3706904328 	 -0.0000000002 	 -0.0000000000 
355.0000000000 	 -0.0265197031 	 14.3453719724 	 -0.0000000012 	 -0.0000000000 
355.5000000000 	 -0.0481112827 	 32.0208496182 	 -0.0000000021 	 -0.0000000000 
356.0000000000 	 -0.0685547448 	 58.6444296142 	 -0.0000000030 	 -0.0000000000 
356.5000000000 	 -0.0874396860 	 91.7732964613 	 -0.0000000038 	 -0.0000000000 
357.0000000000 	 -0.1043909051 	 128.4861825275 	 -0.0000000046 	 -0.0000000000 
357.5000000000 	 -0.1190754808 	 165.6285877610 	 -0.0000000052 	 -0.0000000000 
358.0000000000 	 -0.1312089535 	 200.0713885304 	 -0.0000000057 	 -0.0000000000 
358.5000000000 	 -0.1405605373 	 228.9622248383 	 -0.0000000062 	 -0.0000000000 
359.0000000000 	 -0.1469572991 	 249.9501215824 	 -0.0000000064 	 -0.0000000000 
359.5000000000 	 -0.1502872533 	 261.3662436762 	 -0.0000000066 	 0.0000000000 
360.0000000000 	 -0.1505013240 	 262.3473044569 	 -0.0000000066 	 0.0000000000 
360.5000000000 	 -0.1476141370 	 252.8926884334 	 -0.0000000065 	 0.0000000000 
361.0000000000 	 -0.1417036069 	 233.8515153361 	 -0.0000000062 	 0.0000000000 
361.5000000000 	 -0.1329092994 	 206.8413249823 	 -0.0000000058 	 0.0000000000 
362.0000000000 	 -0.1214295629 	 174.1054302776 	 -0.0000000053 	 0.0000000000 
362.5000000000 	 -0.1075174453 	 138.3208760569 	 -0.0000000047 	 0.0000000000 
363.0000000000 	 -0.0914754373 	 102.3729624656 	 -0.0000000040 	 0.0000000000 
363.5000000000 	 -0.0736491183 	 69.1150839229 	 -0.0000000032 	 0.0000000000 
364.0000000000 	 -0.0544198126 	 41.1339111924 	 -0.0000000024 	 0.0000000000 
364.5000000000 	 -0.0341964029 	 20.5395304900 	 -0.0000000015 	 0.0000000000 
365.0000000000 	 -0.0134064790 	 8.7980236588 	 -0.0000000006 	 0.0000000000 
365.5000000000 	 0.0075129658 	 6.6202696931 	 0.0000000003 	 0.0000000000 
366.0000000000 	 0.0281250583 	 13.9157816735 	 0.0000000012 	 0.0000000000 
366.5000000000 	 0.0480025425 	 29.8146210482 	 0.0000000021 	 0.0000000000 
367.0000000000 	 0.0667369985 	 52.7544085025 	 0.0000000029 	 0.0000000000 
367.5000000000 	 0.0839475426 	 80.6237681569 	 0.0000000037 	 0.0000000000 
368.0000000000 	 0.0992887851 	 110.9487546055 	 0.0000000043 	 0.0000000000 
368.5000000000 	 0.1124578547 	 141.1053723548 	 0.0000000049 	 0.0000000000 
369.0000000000 	 0.1232003306 	 168.5395004401 	 0.0000000054 	 0.0000000000 
369.5000000000 	 0.1313149722 	 190.9754909734 	 0.0000000057 	 0.0000000000 
370.0000000000 	 0.1366571736 	 206.5963390054 	 0.0000000060 	 0.0000000000 
370.5000000000 	 0.1391411183 	 214.1813750525 	 0.0000000061 	 -0.0000000000 
371.0000000000 	 0.1387406463 	 213.1915395284 	 0.0000000061 	 -0.0000000000 
371.5000000000 	 0.1354888790 	 203.7970193920 	 0.0000000059 	 -0.0000000000 
372.0000000000 	 0.1294766740 	 186.8469083424 	 0.0000000057 	 -0.0000000000 
372.5000000000 	 0.1208499993 	 163.7851766517 	 0.0000000053 	 -0.0000000000 
373.0000000000 	 0.1098063256 	 136.5212618530 	 0.0000000048 	 -0.0000000000 
373.5000000000 	 0.0965901408 	 107.2667655731 	 0.0000000042 	 -0.0000000000 
374.0000000000 	 0.0814876888 	 78.3519084047 	 0.0000000036 	 -0.0000000000 
374.5000000000 	 0.0648210313 	 52.0364834526 	 0.0000000028 	 -0.0000000000 
375.0000000000 	 0.0469415288 	 30.3300599704 	 0.0000000021 	 -0.0000000000 
375.5000000000 	 0.0282228339 	 14.8351751623 	 0.0000000012 	 -0.0000000000 
376.0000000000 	 0.0090534929 	 6.6253098731 	 0.0000000004 	 -0.0000000000 
376.5000000000 	 -0.0101707430 	 6.1667026241 	 -0.0000000004 	 -0.0000000000 
377.0000000000 	 -0.0290547864 	 13.2896809014 	 -0.0000000013 	 -0.0000000000 
377.5000000000 	 -0.0472121375 	 27.2113811275 	 -0.0000000021 	 -0.0000000000 
378.0000000000 	 -0.0642727236 	 46.6077312269 	 -0.0000000028 	 -0.0000000000 
378.5000000000 	 -0.0798905000 	 69.7286610649 	 -0.0000000035 	 -0.0000000000 
379.0000000000 	 -0.0937506467 	 94.5469892701 	 -0.0000000041 	 -0.0000000000 
379.5000000000 	 -0.1055761861 	 118.9286155915 	 -0.0000000046 	 0.0000000000 
380.0000000000 	 -0.1151338493 	 140.8098021815 	 -0.0000000050 	 0.0000000000 
380.5000000000 	 -0.1222390249 	 158.3666661830 	 -0.0000000053 	 0.0000000000 
381.0000000000 	 -0.1267596430 	 170.1626413134 	 -0.0000000055 	 0.0000000000 
381.5000000000 	 -0.1286188729 	 175.2615840485 	 -0.0000000056 	 0.0000000000 
382.0000000000 	 -0.1277965486 	 173.2972507301 	 -0.0000000056 	 0.0000000000 
382.5000000000 	 -0.1243292749 	 164.4937776809 	 -0.0000000054 	 0.0000000000 
383.0000000000 	 -0.1183092140 	 149.6361790708 	 -0.0000000052 	 0.0000000000 
383.5000000000 	 -0.1098815935 	 129.9943018489 	 -0.0000000048 	 0.0000000000 
384.0000000000 	 -0.0992410218 	 107.2077049627 	 -0.0000000043 	 0.0000000000 
384.5000000000 	 -0.0866267330 	 83.1421731797 	 -0.0000000038 	 0.0000000000 
385.0000000000 	 -0.0723169135 	 59.7307425602 	 -0.0000000032 	 0.0000000000 
385.5000000000 	 -0.0566222818 	 38.8130411584 	 -0.0000000025 	 0.0000000000 
386.0000000000 	 -0.0398791079 	 21.9864102590 	 -0.0000000017 	 0.0000000000 
386.5000000000 	 -0.0224418554 	 10.4807748632 	 -0.0000000010 	 0.0000000000 
387.0000000000 	 -0.0046756291 	 5.0667897080 	 -0.0000000002 	 0.0000000000 
387.5000000000 	 0.0130514078 	 6.0036814524 	 0.0000000006 	 0.0000000000 
388.0000000000 	 0.0303754943 	 13.0297518450 	 0.0000000013 	 -0.0000000000 
388.5000000000 	 0.0469444815 	 25.3950076595 	 0.0000000021 	 -0.0000000000 
389.0000000000 	 0.0624246777 	 41.9321135065 	 0.0000000027 	 0.0000000000 
389.5000000000 	 0.0765072338 	 61.1590442020 	 0.0000000033 	 0.0000000000 
390.0000000000 	 0.0889139855 	 81.4046069960 	 0.0000000039 	 0.0000000000 
390.5000000000 	 0.0994026799 	 100.9465174725 	 0.0000000043 	 0.0000000000 
391.0000000000 	 0.1077715160 	 118.1510041155 	 0.0000000047 	 0.0000000000 
391.5000000000 	 0.1138629356 	 131.6030017368 	 0.0000000050 	 0.0000000000 
392.0000000000 	 0.1175665978 	 140.2168533778 	 0.0000000051 	 0.0000000000 
392.5000000000 	 0.1188214748 	 143.3190190588 	 0.0000000052 	 0.0000000000 
393.0000000000 	 0.1176170110 	 140.6964955869 	 0.0000000051 	 0.0000000000 
393.5000000000 	 0.1139932925 	 132.6073507645 	 0.0000000050 	 0.0000000000 
394.0000000000 	 0.1080401919 	 119.7527903368 	 0.0000000047 	 0.0000000000 
394.5000000000 	 0.0998954673 	 103.2132886598 	 0.0000000044 	 -0.0000000000 
395.0000000000 	 0.0897418252 	 84.3542760951 	 0.0000000039 	 -0.0000000000 
395.5000000000 	 0.0778029811 	 64.7094284802 	 0.0000000034 	 -0.0000000000 
396.0000000000 	 0.0643387872 	 45.8515033456 	 0.0000000028 	 -0.0000000000 
396.5000000000 	 0.0496395296 	 29.2617163483 	 0.0000000022 	 -0.0000000000 
397.0000000000 	 0.0340195284 	 16.2087267343 	 0.0000000015 	 -0.0000000000 
397.5000000000 	 0.0178102012 	 7.6473757748 	 0.0000000008 	 -0.0000000000 
398.0000000000 	 0.0013527733 	 4.1454762231 	 0.0000000001 	 -0.0000000000 
398.5000000000 	 -0.0150091725 	 5.8443640581 	 -0.0000000007 	 -0.0000000000 
399.0000000000 	 -0.0309371072 	 12.4558573140 	 -0.0000000014 	 -0.0000000000 
399.5000000000 	 -0.0461047366 	 23.2950309387 	 -0.0000000020 	 -0.0000000000 
400.0000000000 	 -0.0602047757 	 37.3451317483 	 -0.0000000026 	 -0.0000000000 
400.5000000000 	 -0.0729551608 	 53.3483147582 	 -0.0000000032 	 -0.0000000000 
401.0000000000 	 -0.0841045748 	 69.9139098172 	 -0.0000000037 	 -0.0000000000 
401.5000000000 	 -0.0934371857 	 85.6347688351 	 -0.0000000041 	 -0.0000000000 
402.0000000000 	 -0.1007765373 	 99.2019486636 	 -0.0000000044 	 -0.0000000000 
402.5000000000 	 -0.1059885521 	 109.5085141459 	 -0.0000000046 	 -0.0000000000 
403.0000000000 	 -0.1089836358 	 115.7344892153 	 -0.0000000048 	 -0.0000000000 
403.5000000000 	 -0.1097178915 	 117.4067814589 	 -0.0000000048 	 -0.0000000000 
404.0000000000 	 -0.1081934638 	 114.4300732319 	 -0.0000000047 	 -0.0000000000 
404.5000000000 	 -0.1044580433 	 107.0870238141 	 -0.0000000046 	 0.0000000000 
405.0000000000 	 -0.0986035636 	 96.0084891124 	 -0.0000000043 	 0.0000000000 
405.5000000000 	 -0.0907641249 	 82.1166867659 	 -0.0000000040 	 0.0000000000 
406.0000000000 	 -0.0811131779 	 66.5461877242 	 -0.0000000035 	 0.0000000000 
406.5000000000 	 -0.0698600008 	 50.5491945727 	 -0.0000000031 	 0.0000000000 
407.0000000000 	 -0.0572455068 	 35.3926845121 	 -0.0000000025 	 0.0000000000 
407.5000000000 	 -0.0435374285 	 22.2555803037 	 -0.0000000019 	 0.0000000000 
408.0000000000 	 -0.0290249313 	 12.1341142748 	 -0.0000000013 	 0.0000000000 
408.5000000000 	 -0.0140127339 	 5.7629434131 	 -0.0000000006 	 0.0000000000 
409.0000000000 	 0.0011851758 	 3.5583682919 	 0.0000000001 	 0.0000000000 
409.5000000000 	 0.0162521106 	 5.5882619056 	 0.0000000007 	 0.0000000000 
410.0000000000 	 0.0308754054 	 11.5711364260 	 0.0000000014 	 0.0000000000 
410.5000000000 	 0.0447531323 	 20.9043298984 	 0.0000000020 	 0.0000000000 
411.0000000000 	 0.0576006389 	 32.7187893005 	 0.0000000025 	 0.0000000000 
411.5000000000 	 0.0691567342 	 45.9555958976 	 0.0000000030 	 0.0000000000 
412.0000000000 	 0.0791893430 	 59.4574584449 	 0.0000000035 	 0.0000000000 
412.5000000000 	 0.0875004678 	 72.0670940550 	 0.0000000038 	 0.0000000000 
413.0000000000 	 0.0939303122 	 82.7238706084 	 0.0000000041 	 -0.0000000000 
413.5000000000 	 0.0983604518 	 90.5503610033 	 0.0000000043 	 -0.0000000000 
414.0000000000 	 0.1007159736 	 94.9215272731 	 0.0000000044 	 -0.0000000000 
414.5000000000 	 0.1009665446 	 95.5109893720 	 0.0000000044 	 -0.0000000000 
415.0000000000 	 0.0991264105 	 92.3110422862 	 0.0000000043 	 -0.0000000000 
415.5000000000 	 0.0952533649 	 85.6255220998 	 0.0000000042 	 -0.0000000000 
416.0000000000 	 0.0894467635 	 76.0370295550 	 0.0000000039 	 -0.0000000000 
416.5000000000 	 0.0818446837 	 64.3521620728 	 0.0000000036 	 -0.0000000000 
417.0000000000 	 0.0726203522 	 51.5300947570 	 0.0000000032 	 -0.0000000000 
417.5000000000 	 0.0619779671 	 38.6009674581 	 0.0000000027 	 -0.0000000000 
418.0000000000 	 0.0501480486 	 26.5810316962 	 0.0000000022 	 -0.0000000000 
418.5000000000 	 0.0373824417 	 16.3914090006 	 0.0000000016 	 -0.0000000000 
419.0000000000 	 0.0239490821 	 8.7866849335 	 0.0000000010 	 -0.0000000000 
419.5000000000 	 0.0101266248 	 4.2985181769 	 0.0000000004 	 -0.0000000000 
420.0000000000 	 -0.0038009843 	 3.1981027423 	 -0.0000000002 	 -0.0000000000 
420.5000000000 	 -0.0175499266 	 5.4798022359 	 -0.0000000008 	 -0.0000000000 
421.0000000000 	 -0.0308418607 	 10.8666840960 	 -0.0000000013 	 -0.0000000000 
421.5000000000 	 -0.0434091511 	 18.8371087285 	 -0.0000000019 	 -0.0000000000 
422.0000000000 	 -0.0549999248 	 28.6700497689 	 -0.0000000024 	 0.0000000000 
422.5000000000 	 -0.0653828946 	 39.5055056213 	 -0.0000000029 	 0.0000000000 
423.0000000000 	 -0.0743518831 	 50.4152752629 	 -0.0000000033 	 0.0000000000 
423.5000000000 	 -0.0817299668 	 60.4785804023 	 -0.0000000036 	 0.0000000000 
424.0000000000 	 -0.0873731487 	 68.8565881884 	 -0.0000000038 	 0.0000000000 
424.5000000000 	 -0.0911734626 	 74.8598827119 	 -0.0000000040 	 0.0000000000 
425.0000000000 	 -0.0930614035 	 78.0033890677 	 -0.0000000041 	 0.0000000000 
425.5000000000 	 -0.0930075893 	 78.0441774102 	 -0.0000000041 	 0.0000000000 
426.0000000000 	 -0.0910235647 	 74.9989281084 	 -0.0000000040 	 0.0000000000 
426.5000000000 	 -0.0871616829 	 69.1395332927 	 -0.0000000038 	 0.0000000000 
427.0000000000 	 -0.0815140258 	 60.9672054549 	 -0.0000000036 	 0.0000000000 
427.5000000000 	 -0.0742103597 	 51.1673822449 	 -0.0000000032 	 0.0000000000 
428.0000000000 	 -0.0654151593 	 40.5494612774 	 -0.0000000029 	 0.0000000000 
428.5000000000 	 -0.0553237705 	 29.9767795933 	 -0.0000000024 	 0.0000000000 
429.0000000000 	 -0.0441578221 	 20.2931136899 	 -0.0000000019 	 0.0000000000 
429.5000000000 	 -0.0321600223 	 12.2522199557 	 -0.0000000014 	 0.0000000000 
430.0000000000 	 -0.0195885042 	 6.4565375817 	 -0.0000000009 	 0.0000000000 
430.5000000000 	 -0.0067108948 	 3.3101896504 	 -0.0000000003 	 0.0000000000 
431.0000000000 	 0.0062017119 	 2.9899653877 	 0.0000000003 	 0.0000000000 
431.5000000000 	 0.0188807043 	 5.4362199717 	 0.0000000008 	 0.0000000000 
432.0000000000 	 0.0310656684 	 10.3637845831 	 0.0000000014 	 0.0000000000 
432.5000000000 	 0.0425097302 	 17.2912316530 	 0.0000000019 	 0.0000000000 
433.0000000000 	 0.0529844201 	 25.5853530009 	 0.0000000023 	 0.0000000000 
433.5000000000 	 0.0622839779 	 34.5165998491 	 0.0000000027 	 0.0000000000 
434.0000000000 	 0.0702290481 	 43.3205668444 	 0.0000000031 	 0.0000000000 
434.5000000000 	 0.0766697394 	 51.2603869792 	 0.0000000034 	 0.0000000000 
435.0000000000 	 0.0814880425 	 57.6851060173 	 0.0000000036 	 0.0000000000 
435.5000000000 	 0.0845996139 	 62.0796585483 	 0.0000000037 	 0.0000000000 
436.0000000000 	 0.0859549399 	 64.1028925405 	 0.0000000038 	 0.0000000000 
436.5000000000 	 0.0855398987 	 63.6111022356 	 0.0000000037 	 0.0000000000 
437.0000000000 	 0.0833757324 	 60.6656535729 	 0.0000000036 	 0.0000000000 
437.5000000000 	 0.0795184388 	 55.5244547928 	 0.0000000035 	 0.0000000000 
438.0000000000 	 0.0740575845 	 48.6181785112 	 0.0000000032 	 0.0000000000 
438.5000000000 	 0.0671145385 	 40.5132257409 	 0.0000000029 	 0.0000000000 
439.0000000000 	 0.0588401259 	 31.8643820941 	 0.0000000026 	 0.0000000000 
439.5000000000 	 0.0494117063 	 23.3608937994 	 0.0000000022 	 0.0000000000 
440.0000000000 	 0.0390296909 	 15.6702262116 	 0.0000000017 	 0.0000000000 
440.5000000000 	 0.0279135326 	 9.3840034355 	 0.0000000012 	 0.0000000000 
441.0000000000 	 0.0162972404 	 4.9705199572 	 0.0000000007 	 0.0000000000 
441.5000000000 	 0.0044244949 	 2.7377422118 	 0.0000000002 	 0.0000000000 
442.0000000000 	 -0.0074565343 	 2.8098913116 	 -0.0000000003 	 0.0000000000 
442.5000000000 	 -0.0190985474 	 5.1195686558 	 -0.0000000008 	 -0.0000000000 
443.0000000000 	 -0.0302605104 	 9.4160446669 	 -0.0000000013 	 -0.0000000000 
443.5000000000 	 -0.0407129363 	 15.2889014484 	 -0.0000000018 	 -0.0000000000 
444.0000000000 	 -0.0502429011 	 22.2048462618 	 -0.0000000022 	 -0.0000000000 
444.5000000000 	 -0.0586586444 	 29.5543391068 	 -0.0000000026 	 -0.0000000000 
445.0000000000 	 -0.0657936261 	 36.7038300493 	 -0.0000000029 	 -0.0000000000 
445.5000000000 	 -0.0715099237 	 43.0489689221 	 -0.0000000031 	 -0.0000000000 
446.0000000000 	 -0.0757008956 	 48.0641704973 	 -0.0000000033 	 -0.0000000000 
446.5000000000 	 -0.0782930499 	 51.3443770343 	 -0.0000000034 	 -0.0000000000 
447.0000000000 	 -0.0792471080 	 52.6356911451 	 -0.0000000035 	 -0.0000000000 
447.5000000000 	 -0.0785582725 	 51.8526509934 	 -0.0000000034 	 0.0000000000 
448.0000000000 	 -0.0762557308 	 49.0811602890 	 -0.0000000033 	 0.0000000000 
448.5000000000 	 -0.0724014673 	 44.5673374651 	 -0.0000000032 	 0.0000000000 
449.0000000000 	 -0.0670884420 	 38.6936953974 	 -0.0000000029 	 0.0000000000 
449.5000000000 	 -0.0604382265 	 31.9450142283 	 -0.0000000026 	 0.0000000000 
450.0000000000 	 -0.0525981711 	 24.8669666884 	 -0.0000000023 	 0.0000000000 
450.5000000000 	 -0.0437381814 	 18.0209712326 	 -0.0000000019 	 0.0000000000 
451.0000000000 	 -0.0340471720 	 11.9388841481 	 -0.0000000015 	 -0.0000000000 
451.5000000000 	 -0.0237292564 	 7.0810178960 	 -0.0000000010 	 -0.0000000000 
452.0000000000 	 -0.0129997234 	 3.8006209374 	 -0.0000000006 	 -0.0000000000 
452.5000000000 	 -0.0020808462 	 2.3174104547 	 -0.0000000001 	 -0.0000000000 
453.0000000000 	 0.0088024317 	 2.7020509347 	 0.0000000004 	 -0.0000000000 
453.5000000000 	 0.0194268858 	 4.8726563989 	 0.0000000009 	 -0.0000000000 
454.0000000000 	 0.0295754214 	 8.6035028406 	 0.0000000013 	 -0.0000000000 
454.5000000000 	 0.0390414379 	 13.5452171057 	 0.0000000017 	 -0.0000000000 
455.0000000000 	 0.0476330702 	 19.2548147911 	 0.0000000021 	 -0.0000000000 
455.5000000000 	 0.0551772132 	 25.2331574939 	 0.0000000024 	 -0.0000000000 
456.0000000000 	 0.0615232301 	 30.9667591454 	 0.0000000027 	 -0.0000000000 
456.5000000000 	 0.0665462360 	 35.9704606809 	 0.0000000029 	 -0.0000000000 
457.0000000000 	 0.0701498501 	 39.8273684950 	 0.0000000031 	 -0.0000000000 
457.5000000000 	 0.0722683188 	 42.2226487590 	 0.0000000032 	 0.0000000000 
458.0000000000 	 0.0728679241 	 42.9682881318 	 0.0000000032 	 0.0000000000 
458.5000000000 	 0.0719476192 	 42.0167354813 	 0.0000000031 	 0.0000000000 
459.0000000000 	 0.0695388566 	 39.4623555836 	 0.0000000030 	 -0.0000000000 
459.5000000000 	 0.0657046105 	 35.5307510579 	 0.0000000029 	 -0.0000000000 
460.0000000000 	 0.0605376246 	 30.5571225666 	 0.0000000026 	 -0.0000000000 
460.5000000000 	 0.0541579519 	 24.9558186587 	 0.0000000024 	 -0.0000000000 
461.0000000000 	 0.0467098789 	 19.1839714706 	 0.0000000020 	 -0.0000000000 
461.5000000000 	 0.0383583477 	 13.7025502194 	 0.0000000017 	 -0.0000000000 
462.0000000000 	 0.0292850045 	 8.9382592451 	 0.0000000013 	 -0.0000000000 
462.5000000000 	 0.0196840064 	 5.2494725886 	 0.0000000009 	 -0.0000000000 
463.0000000000 	 0.0097577152 	 2.8988822852 	 0.0000000004 	 -0.0000000000 
463.5000000000 	 -0.0002876048 	 2.0348198489 	 -0.0000000000 	 -0.0000000000 
464.0000000000 	 -0.0102459850 	 2.6823806195 	 -0.0000000004 	 -0.0000000000 
464.5000000000 	 -0.0199157684 	 4.7446287195 	 -0.0000000009 	 -0.0000000000 
465.0000000000 	 -0.0291033853 	 8.0133635829 	 -0.0000000013 	 -0.0000000000 
465.5000000000 	 -0.0376268517 	 12.1882442294 	 -0.0000000016 	 -0.0000000000 
466.0000000000 	 -0.0453189713 	 16.9025286025 	 -0.0000000020 	 -0.0000000000 
466.5000000000 	 -0.0520302287 	 21.7533057843 	 -0.0000000023 	 -0.0000000000 
467.0000000000 	 -0.0576313723 	 26.3338772573 	 -0.0000000025 	 -0.0000000000 
467.5000000000 	 -0.0620156771 	 30.2658703520 	 -0.0000000027 	 -0.0000000000 
468.0000000000 	 -0.0651008780 	 33.2287319998 	 -0.0000000028 	 -0.0000000000 
468.5000000000 	 -0.0668307475 	 34.9844459385 	 -0.0000000029 	 -0.0000000000 
469.0000000000 	 -0.0671762850 	 35.3956369796 	 -0.0000000029 	 -0.0000000000 
469.5000000000 	 -0.0661364722 	 34.4356678910 	 -0.0000000029 	 -0.0000000000 
470.0000000000 	 -0.0637385433 	 32.1898894531 	 -0.0000000028 	 -0.0000000000 
470.5000000000 	 -0.0600377150 	 28.8478534883 	 -0.0000000026 	 -0.0000000000 
471.0000000000 	 -0.0551163308 	 24.6870081007 	 -0.0000000024 	 -0.0000000000 
471.5000000000 	 -0.0490823842 	 20.0491129258 	 -0.0000000021 	 -0.0000000000 
472.0000000000 	 -0.0420674056 	 15.3112742103 	 -0.0000000018 	 -0.0000000000 
472.5000000000 	 -0.0342237269 	 10.8540317170 	 -0.0000000015 	 -0.0000000000 
473.0000000000 	 -0.0257211634 	 7.0292614790 	 -0.0000000011 	 0.0000000000 
473.5000000000 	 -0.0167431882 	 4.1307354314 	 -0.0000000007 	 0.0000000000 
474.0000000000 	 -0.0074827011 	 2.3699730340 	 -0.0000000003 	 0.0000000000 
474.5000000000 	 0.0018624797 	 1.8595383288 	 0.0000000001 	 0.0000000000 
475.0000000000 	 0.0110942576 	 2.6052230494 	 0.0000000005 	 0.0000000000 
475.5000000000 	 0.0200188737 	 4.5076901145 	 0.0000000009 	 0.0000000000 
476.0000000000 	 0.0284513443 	 7.3732323388 	 0.0000000012 	 0.0000000000 
476.5000000000 	 0.0362195773 	 10.9324362896 	 0.0000000016 	 0.0000000000 
477.0000000000 	 0.0431680434 	 14.8648297415 	 0.0000000019 	 0.0000000000 
477.5000000000 	 0.0491609042 	 18.8271082434 	 0.0000000022 	 0.0000000000 
478.0000000000 	 0.0540845329 	 22.4823230613 	 0.0000000024 	 0.0000000000 
478.5000000000 	 0.0578493954 	 25.5274725377 	 0.0000000025 	 0.0000000000 
479.0000000000 	 0.0603912907 	 27.7172401708 	 0.0000000026 	 0.0000000000 
479.5000000000 	 0.0616719777 	 28.8821075758 	 0.0000000027 	 0.0000000000 
480.0000000000 	 0.0616792384 	 28.9396668014 	 0.0000000027 	 0.0000000000 
480.5000000000 	 0.0604264393 	 27.8985906338 	 0.0000000026 	 0.0000000000 
481.0000000000 	 0.0579516577 	 25.8553274841 	 0.0000000025 	 0.0000000000 
481.5000000000 	 0.0543164418 	 22.9841219694 	 0.0000000024 	 0.0000000000 
482.0000000000 	 0.0496042583 	 19.5213956027 	 0.0000000022 	 0.0000000000 
482.5000000000 	 0.0439186743 	 15.7458440134 	 0.0000000019 	 0.0000000000 
483.0000000000 	 0.0373813028 	 11.9558205665 	 0.0000000016 	 0.0000000000 
483.5000000000 	 0.0301295261 	 8.4456900992 	 0.0000000013 	 0.0000000000 
484.0000000000 	 0.0223140046 	 5.4828599575 	 0.0000000010 	 0.0000000000 
484.5000000000 	 0.0140959676 	 3.2871337383 	 0.0000000006 	 0.0000000000 
485.0000000000 	 0.0056442895 	 2.0138860203 	 0.0000000002 	 0.0000000000 
485.5000000000 	 -0.0028676440 	 1.7423202533 	 -0.0000000001 	 0.0000000000 
486.0000000000 	 -0.0112652567 	 2.4697440736 	 -0.0000000005 	 0.0000000000 
486.5000000000 	 -0.0193762515 	 4.1123801567 	 -0.0000000008 	 0.0000000000 
487.0000000000 	 -0.0270341704 	 6.5127413860 	 -0.0000000012 	 0.0000000000 
487.5000000000 	 -0.0340819635 	 9.4530663810 	 -0.0000000015 	 0.0000000000 
488.0000000000 	 -0.0403754711 	 12.6737796075 	 -0.0000000018 	 0.0000000000 
488.5000000000 	 -0.0457867088 	 15.8954643109 	 -0.0000000020 	 0.0000000000 
489.0000000000 	 -0.0502068400 	 18.8424744998 	 -0.0000000022 	 0.0000000000 
489.5000000000 	 -0.0535487245 	 21.2661158279 	 -0.0000000023 	 0.0000000000 
490.0000000000 	 -0.0557489401 	 22.9653299409 	 -0.0000000024 	 0.0000000000 
490.5000000000 	 -0.0567691989 	 23.8030339155 	 -0.0000000025 	 0.0000000000 
491.0000000000 	 -0.0565970990 	 23.7166789321 	 -0.0000000025 	 0.0000000000 
491.5000000000 	 -0.0552461899 	 22.7221560955 	 -0.0000000024 	 0.0000000000 
492.0000000000 	 -0.0527553560 	 20.9108269608 	 -0.0000000023 	 0.0000000000 
492.5000000000 	 -0.0491875572 	 18.4401151053 	 -0.0000000022 	 0.0000000000 
493.0000000000 	 -0.0446279915 	 15.5186869549 	 -0.0000000020 	 0.0000000000 
493.5000000000 	 -0.0391817670 	 12.3877111163 	 -0.0000000017 	 0.0000000000 
494.0000000000 	 -0.0329711820 	 9.2999727941 	 -0.0000000014 	 0.0000000000 
494.5000000000 	 -0.0261327233 	 6.4987162459 	 -0.0000000011 	 0.0000000000 
495.0000000000 	 -0.0188138835 	 4.1980018115 	 -0.0000000008 	 0.0000000000 
495.5000000000 	 -0.0111698957 	 2.5661239483 	 -0.0000000005 	 0.0000000000 
496.0000000000 	 -0.0033604663 	 1.7132854577 	 -0.0000000001 	 0.0000000000 
496.5000000000 	 0.0044534300 	 1.6843081514 	 0.0000000002 	 0.0000000000 
497.0000000000 	 0.0121126454 	 2.4567262142 	 0.0000000005 	 0.0000000000 
497.5000000000 	 0.0194628138 	 3.9441916961 	 0.0000000009 	 0.0000000000 
498.0000000000 	 0.0263571464 	 6.0047472783 	 0.0000000012 	 0.0000000000 
498.5000000000 	 0.0326590573 	 8.4532045762 	 0.0000000014 	 0.0000000000 
499.0000000000 	 0.0382446083 	 11.0766138575 	 0.0000000017 	 0.0000000000 
499.5000000000 	 0.0430047630 	 13.6516262921 	 0.0000000019 	 0.0000000000 
