0.0000000000 	 1.0000000000 	 25.0480041275 	 0.0009733415 	 0.0000000000 
0.5000000000 	 0.9945809718 	 23.8317462334 	 0.0009680670 	 -0.0000000266 
1.0000000000 	 0.9821758262 	 23.1200065351 	 0.0009559925 	 0.0000000179 
1.5000000000 	 0.9624429950 	 22.3432030504 	 0.0009367857 	 0.0000000263 
2.0000000000 	 0.9355784129 	 21.3145500565 	 0.0009106373 	 0.0000000776 
2.5000000000 	 0.9025287189 	 20.0169032359 	 0.0008784687 	 0.0000002826 
3.0000000000 	 0.8639610484 	 18.5833243831 	 0.0008409292 	 0.0000004822 
3.5000000000 	 0.8207377392 	 16.9675382222 	 0.0007988581 	 0.0000005324 
4.0000000000 	 0.7729296324 	 15.3281054905 	 0.0007523245 	 0.0000005385 
4.5000000000 	 0.7222517195 	 13.7962605246 	 0.0007029976 	 0.0000007300 
5.0000000000 	 0.6686260092 	 12.3207618098 	 0.0006508015 	 0.0000005550 
5.5000000000 	 0.6135678017 	 11.0868577335 	 0.0005972110 	 0.0000005925 
6.0000000000 	 0.5566322290 	 9.9582501620 	 0.0005417933 	 0.0000004338 
6.5000000000 	 0.5004419335 	 8.9166760812 	 0.0004871009 	 0.0000004100 
7.0000000000 	 0.4442534430 	 8.1217912085 	 0.0004324103 	 0.0000004103 
7.5000000000 	 0.3867604174 	 7.4400208518 	 0.0003764500 	 0.0000005359 
8.0000000000 	 0.3303950991 	 6.9417783111 	 0.0003215873 	 0.0000006298 
8.5000000000 	 0.2746274827 	 6.5886216530 	 0.0002673063 	 0.0000007042 
9.0000000000 	 0.2189754335 	 6.3703239503 	 0.0002131379 	 0.0000006920 
9.5000000000 	 0.1649514775 	 6.3442278772 	 0.0001605541 	 0.0000007046 
10.0000000000 	 0.1115526778 	 6.4960527395 	 0.0001085789 	 0.0000003997 
10.5000000000 	 0.0601652413 	 6.7939312427 	 0.0000585613 	 0.0000001561 
11.0000000000 	 0.0097646065 	 7.2043727118 	 0.0000095043 	 -0.0000000409 
11.5000000000 	 -0.0396401095 	 7.6831459662 	 -0.0000385833 	 0.0000000823 
12.0000000000 	 -0.0871819980 	 8.2822395711 	 -0.0000848578 	 0.0000003588 
12.5000000000 	 -0.1335501857 	 9.0064229341 	 -0.0001299899 	 0.0000006008 
13.0000000000 	 -0.1778403486 	 9.8289192817 	 -0.0001730994 	 0.0000006469 
13.5000000000 	 -0.2208917082 	 10.7499398446 	 -0.0002150031 	 0.0000005080 
14.0000000000 	 -0.2615027427 	 11.7316009951 	 -0.0002545315 	 0.0000005568 
14.5000000000 	 -0.3006128410 	 12.7259778512 	 -0.0002925989 	 0.0000000044 
15.0000000000 	 -0.3372297137 	 13.6739848352 	 -0.0003282397 	 -0.0000003118 
15.5000000000 	 -0.3710422687 	 14.5600331511 	 -0.0003611508 	 -0.0000003993 
16.0000000000 	 -0.4021595462 	 15.3543866318 	 -0.0003914386 	 -0.0000003227 
16.5000000000 	 -0.4301368078 	 15.9621303366 	 -0.0004186700 	 -0.0000000807 
17.0000000000 	 -0.4552499614 	 16.3975188430 	 -0.0004431137 	 -0.0000001058 
17.5000000000 	 -0.4762001939 	 16.6669853464 	 -0.0004635054 	 -0.0000001941 
18.0000000000 	 -0.4931887667 	 16.7428444663 	 -0.0004800411 	 -0.0000004359 
18.5000000000 	 -0.5067489651 	 16.6976608299 	 -0.0004932398 	 -0.0000003432 
19.0000000000 	 -0.5163412957 	 16.4815121353 	 -0.0005025764 	 -0.0000003153 
19.5000000000 	 -0.5223458439 	 16.1757473671 	 -0.0005084209 	 0.0000001177 
20.0000000000 	 -0.5246193835 	 15.6922754494 	 -0.0005106338 	 0.0000003341 
20.5000000000 	 -0.5235126949 	 15.1282909057 	 -0.0005095566 	 -0.0000001303 
21.0000000000 	 -0.5190184621 	 14.4691688107 	 -0.0005051822 	 0.0000001060 
21.5000000000 	 -0.5107241182 	 13.7735493328 	 -0.0004971090 	 -0.0000007689 
22.0000000000 	 -0.5000152800 	 13.0593391442 	 -0.0004866856 	 -0.0000012822 
22.5000000000 	 -0.4872142250 	 12.3580919671 	 -0.0004742258 	 -0.0000016359 
23.0000000000 	 -0.4735569734 	 11.6964478775 	 -0.0004609326 	 -0.0000008290 
23.5000000000 	 -0.4583920795 	 11.0776692206 	 -0.0004461720 	 -0.0000003158 
24.0000000000 	 -0.4418808598 	 10.4961634518 	 -0.0004301010 	 -0.0000000215 
24.5000000000 	 -0.4247186541 	 9.9747994125 	 -0.0004133963 	 0.0000002421 
25.0000000000 	 -0.4083980704 	 9.5075731304 	 -0.0003975108 	 0.0000000727 
25.5000000000 	 -0.3920926501 	 9.1120121848 	 -0.0003816400 	 -0.0000003442 
26.0000000000 	 -0.3752673206 	 8.7782597366 	 -0.0003652632 	 -0.0000005051 
26.5000000000 	 -0.3584460627 	 8.5235411744 	 -0.0003488904 	 -0.0000010255 
27.0000000000 	 -0.3434711308 	 8.3413121642 	 -0.0003343147 	 -0.0000004171 
27.5000000000 	 -0.3284742232 	 8.2149137912 	 -0.0003197176 	 -0.0000002273 
28.0000000000 	 -0.3144237963 	 8.1548754579 	 -0.0003060417 	 -0.0000002463 
28.5000000000 	 -0.3009625219 	 8.1674427063 	 -0.0002929393 	 -0.0000000994 
29.0000000000 	 -0.2878702800 	 8.2338997403 	 -0.0002801961 	 0.0000002883 
29.5000000000 	 -0.2755905036 	 8.3645431625 	 -0.0002682437 	 0.0000005941 
30.0000000000 	 -0.2639860300 	 8.5573323255 	 -0.0002569485 	 0.0000005869 
30.5000000000 	 -0.2520534874 	 8.8035693839 	 -0.0002453341 	 0.0000005463 
31.0000000000 	 -0.2405061125 	 9.1280187077 	 -0.0002340946 	 0.0000003599 
31.5000000000 	 -0.2288345496 	 9.4924971898 	 -0.0002227342 	 0.0000002611 
32.0000000000 	 -0.2170659609 	 9.8967642507 	 -0.0002112793 	 0.0000003285 
32.5000000000 	 -0.2051244645 	 10.2881372464 	 -0.0001996561 	 0.0000003838 
33.0000000000 	 -0.1935122636 	 10.6652578229 	 -0.0001883535 	 0.0000004030 
33.5000000000 	 -0.1815652611 	 11.0393708981 	 -0.0001767250 	 -0.0000000102 
34.0000000000 	 -0.1694989973 	 11.3946256961 	 -0.0001649804 	 -0.0000007573 
34.5000000000 	 -0.1576921229 	 11.6785785050 	 -0.0001534883 	 -0.0000005883 
35.0000000000 	 -0.1457355002 	 11.8801032559 	 -0.0001418504 	 -0.0000005228 
35.5000000000 	 -0.1336195464 	 12.0052063737 	 -0.0001300574 	 -0.0000002936 
36.0000000000 	 -0.1213135644 	 12.0717582715 	 -0.0001180795 	 -0.0000001909 
36.5000000000 	 -0.1090534238 	 12.0348150715 	 -0.0001061462 	 -0.0000001535 
37.0000000000 	 -0.0961486335 	 11.8855525552 	 -0.0000935854 	 -0.0000006560 
37.5000000000 	 -0.0832522029 	 11.6713792101 	 -0.0000810328 	 -0.0000006126 
38.0000000000 	 -0.0695626547 	 11.4140676060 	 -0.0000677082 	 -0.0000004671 
38.5000000000 	 -0.0562602088 	 11.0583775328 	 -0.0000547604 	 -0.0000006401 
39.0000000000 	 -0.0423923025 	 10.6420661094 	 -0.0000412622 	 -0.0000005182 
39.5000000000 	 -0.0284560437 	 10.1852508388 	 -0.0000276974 	 0.0000004458 
40.0000000000 	 -0.0137141526 	 9.7113197498 	 -0.0000133485 	 0.0000009319 
40.5000000000 	 0.0014335541 	 9.2422695444 	 0.0000013954 	 0.0000011462 
41.0000000000 	 0.0169341789 	 8.7835615872 	 0.0000164828 	 0.0000010698 
41.5000000000 	 0.0330785025 	 8.3494820533 	 0.0000321967 	 0.0000001862 
42.0000000000 	 0.0494434645 	 7.9532527047 	 0.0000481254 	 -0.0000002528 
42.5000000000 	 0.0660901466 	 7.5923464533 	 0.0000643283 	 -0.0000007560 
43.0000000000 	 0.0830223992 	 7.2860312921 	 0.0000808092 	 -0.0000012869 
43.5000000000 	 0.0997957087 	 7.0494612986 	 0.0000971353 	 -0.0000005950 
44.0000000000 	 0.1167170702 	 6.8757562951 	 0.0001136056 	 0.0000000826 
44.5000000000 	 0.1330473529 	 6.7532893524 	 0.0001295005 	 0.0000003835 
45.0000000000 	 0.1486706658 	 6.6860993626 	 0.0001447073 	 0.0000002560 
45.5000000000 	 0.1636063338 	 6.6871539499 	 0.0001592449 	 0.0000004282 
46.0000000000 	 0.1795332759 	 6.7212334345 	 0.0001747472 	 -0.0000000095 
46.5000000000 	 0.1946282745 	 6.8034781666 	 0.0001894398 	 -0.0000003991 
47.0000000000 	 0.2082692396 	 6.9260921652 	 0.0002027171 	 -0.0000009073 
47.5000000000 	 0.2205508493 	 7.0826118999 	 0.0002146713 	 -0.0000010885 
48.0000000000 	 0.2316078008 	 7.2583450590 	 0.0002254335 	 -0.0000011410 
48.5000000000 	 0.2413331346 	 7.4203653789 	 0.0002348996 	 -0.0000008754 
49.0000000000 	 0.2492634866 	 7.5973570140 	 0.0002426185 	 -0.0000007440 
49.5000000000 	 0.2555960717 	 7.7744698662 	 0.0002487823 	 -0.0000004766 
50.0000000000 	 0.2603629063 	 7.9374265598 	 0.0002534220 	 -0.0000002280 
50.5000000000 	 0.2636556661 	 8.0772322945 	 0.0002566270 	 -0.0000000261 
51.0000000000 	 0.2649702720 	 8.1864150839 	 0.0002579066 	 -0.0000001475 
51.5000000000 	 0.2648195192 	 8.2655887518 	 0.0002577598 	 -0.0000003231 
52.0000000000 	 0.2629260233 	 8.3049054981 	 0.0002559168 	 -0.0000005141 
52.5000000000 	 0.2594385062 	 8.3133651856 	 0.0002525223 	 -0.0000005463 
53.0000000000 	 0.2544997206 	 8.2749809027 	 0.0002477152 	 -0.0000006014 
53.5000000000 	 0.2482616408 	 8.2078188631 	 0.0002416434 	 -0.0000005953 
54.0000000000 	 0.2406302083 	 8.0824267109 	 0.0002342154 	 -0.0000005171 
54.5000000000 	 0.2313407217 	 7.9129576925 	 0.0002251735 	 -0.0000005352 
55.0000000000 	 0.2207037226 	 7.7208002393 	 0.0002148201 	 -0.0000003614 
55.5000000000 	 0.2095484451 	 7.4954884777 	 0.0002039622 	 0.0000000011 
56.0000000000 	 0.1972465074 	 7.2542652807 	 0.0001919882 	 0.0000002232 
56.5000000000 	 0.1844346565 	 6.9961943091 	 0.0001795179 	 0.0000002755 
57.0000000000 	 0.1708197741 	 6.7492412459 	 0.0001662660 	 0.0000002957 
57.5000000000 	 0.1568579209 	 6.4846667728 	 0.0001526763 	 -0.0000001476 
58.0000000000 	 0.1425004320 	 6.2313775155 	 0.0001387016 	 -0.0000004631 
58.5000000000 	 0.1277597894 	 5.9918594144 	 0.0001243539 	 -0.0000005482 
59.0000000000 	 0.1129250945 	 5.7660313422 	 0.0001099147 	 -0.0000005114 
59.5000000000 	 0.0980437189 	 5.5633632614 	 0.0000954300 	 -0.0000004238 
60.0000000000 	 0.0829953877 	 5.3906998457 	 0.0000807829 	 -0.0000004518 
60.5000000000 	 0.0681183154 	 5.2409210840 	 0.0000663024 	 -0.0000002790 
61.0000000000 	 0.0535198119 	 5.1235381176 	 0.0000520931 	 0.0000000134 
61.5000000000 	 0.0392533461 	 5.0450783463 	 0.0000382069 	 0.0000002248 
62.0000000000 	 0.0254472406 	 4.9888732805 	 0.0000247689 	 0.0000000282 
62.5000000000 	 0.0121945740 	 4.9658968114 	 0.0000118695 	 -0.0000000787 
63.0000000000 	 -0.0006126137 	 4.9703546598 	 -0.0000005963 	 -0.0000003265 
63.5000000000 	 -0.0128437143 	 4.9961110400 	 -0.0000125013 	 -0.0000004347 
64.0000000000 	 -0.0241322487 	 5.0459859768 	 -0.0000234889 	 -0.0000006440 
64.5000000000 	 -0.0348200526 	 5.0957920979 	 -0.0000338918 	 -0.0000005725 
65.0000000000 	 -0.0449833119 	 5.1700013440 	 -0.0000437841 	 -0.0000003204 
65.5000000000 	 -0.0544893914 	 5.2558008129 	 -0.0000530368 	 -0.0000000061 
66.0000000000 	 -0.0631916426 	 5.3327940452 	 -0.0000615070 	 0.0000001067 
66.5000000000 	 -0.0708529794 	 5.4091209423 	 -0.0000689641 	 0.0000000973 
67.0000000000 	 -0.0774226112 	 5.4651079036 	 -0.0000753586 	 0.0000000280 
67.5000000000 	 -0.0833983629 	 5.5245004245 	 -0.0000811751 	 -0.0000000386 
68.0000000000 	 -0.0884726370 	 5.5670555949 	 -0.0000861141 	 -0.0000002477 
68.5000000000 	 -0.0926962674 	 5.5848613899 	 -0.0000902251 	 -0.0000002830 
69.0000000000 	 -0.0959645421 	 5.5708077988 	 -0.0000934063 	 -0.0000000185 
69.5000000000 	 -0.0987444959 	 5.5422852043 	 -0.0000961121 	 0.0000004602 
70.0000000000 	 -0.1007165753 	 5.4956843771 	 -0.0000980316 	 0.0000005420 
70.5000000000 	 -0.1019811215 	 5.4287263613 	 -0.0000992624 	 0.0000002959 
71.0000000000 	 -0.1026650089 	 5.3451424667 	 -0.0000999281 	 -0.0000002185 
71.5000000000 	 -0.1028418957 	 5.2448857619 	 -0.0001001003 	 -0.0000001326 
72.0000000000 	 -0.1024385396 	 5.1244783310 	 -0.0000997077 	 -0.0000001060 
72.5000000000 	 -0.1015740278 	 4.9985162212 	 -0.0000988662 	 -0.0000001094 
73.0000000000 	 -0.1004088676 	 4.8558525771 	 -0.0000977321 	 -0.0000000326 
73.5000000000 	 -0.0988288722 	 4.7132711828 	 -0.0000961942 	 0.0000001246 
74.0000000000 	 -0.0973443863 	 4.5599529975 	 -0.0000947493 	 -0.0000000598 
74.5000000000 	 -0.0954826606 	 4.4121030956 	 -0.0000929372 	 -0.0000002060 
75.0000000000 	 -0.0935179719 	 4.2716173109 	 -0.0000910249 	 -0.0000002888 
75.5000000000 	 -0.0916024957 	 4.1376166688 	 -0.0000891605 	 -0.0000002575 
76.0000000000 	 -0.0894494313 	 4.0106855594 	 -0.0000870648 	 -0.0000000780 
76.5000000000 	 -0.0876892270 	 3.9105281649 	 -0.0000853515 	 -0.0000001413 
77.0000000000 	 -0.0858052951 	 3.8184672117 	 -0.0000835178 	 0.0000000429 
77.5000000000 	 -0.0837502653 	 3.7500505479 	 -0.0000815176 	 0.0000001328 
78.0000000000 	 -0.0818236254 	 3.7020179325 	 -0.0000796423 	 0.0000001474 
78.5000000000 	 -0.0800223515 	 3.6731614819 	 -0.0000778891 	 0.0000001569 
79.0000000000 	 -0.0784370964 	 3.6642944444 	 -0.0000763461 	 0.0000001914 
79.5000000000 	 -0.0770304186 	 3.6716630030 	 -0.0000749769 	 0.0000001938 
80.0000000000 	 -0.0756133447 	 3.6944047878 	 -0.0000735976 	 0.0000001896 
80.5000000000 	 -0.0742129845 	 3.7377668452 	 -0.0000722346 	 0.0000002172 
81.0000000000 	 -0.0728414142 	 3.7981495796 	 -0.0000708996 	 0.0000002812 
81.5000000000 	 -0.0714063273 	 3.8714525888 	 -0.0000695027 	 0.0000003111 
82.0000000000 	 -0.0700166059 	 3.9499149418 	 -0.0000681501 	 0.0000003613 
82.5000000000 	 -0.0687002112 	 4.0255178615 	 -0.0000668688 	 0.0000004040 
83.0000000000 	 -0.0674484292 	 4.0999869598 	 -0.0000656503 	 0.0000003925 
83.5000000000 	 -0.0661292694 	 4.1651860337 	 -0.0000643663 	 0.0000004170 
84.0000000000 	 -0.0647575441 	 4.2286835856 	 -0.0000630312 	 0.0000003511 
84.5000000000 	 -0.0632835761 	 4.2806997004 	 -0.0000615965 	 0.0000001804 
85.0000000000 	 -0.0616378832 	 4.3261927992 	 -0.0000599947 	 -0.0000000365 
85.5000000000 	 -0.0600079856 	 4.3587854681 	 -0.0000584082 	 -0.0000000346 
86.0000000000 	 -0.0583127847 	 4.3700946546 	 -0.0000567582 	 -0.0000000102 
86.5000000000 	 -0.0566518839 	 4.3633998842 	 -0.0000551416 	 0.0000000747 
87.0000000000 	 -0.0546481234 	 4.3541255932 	 -0.0000531913 	 0.0000000679 
87.5000000000 	 -0.0521805113 	 4.3086524984 	 -0.0000507894 	 0.0000001752 
88.0000000000 	 -0.0494478183 	 4.2524687560 	 -0.0000481296 	 0.0000001146 
88.5000000000 	 -0.0466881554 	 4.1737231642 	 -0.0000454435 	 0.0000000021 
89.0000000000 	 -0.0438552326 	 4.0860123655 	 -0.0000426861 	 -0.0000001052 
89.5000000000 	 -0.0408839573 	 3.9869316481 	 -0.0000397940 	 -0.0000001377 
90.0000000000 	 -0.0370927704 	 3.8820807981 	 -0.0000361039 	 -0.0000000507 
90.5000000000 	 -0.0334449886 	 3.7679278788 	 -0.0000325534 	 0.0000000322 
91.0000000000 	 -0.0294591076 	 3.6515313048 	 -0.0000286738 	 -0.0000000591 
91.5000000000 	 -0.0252104496 	 3.5366247085 	 -0.0000245384 	 -0.0000000589 
92.0000000000 	 -0.0208566844 	 3.4245094344 	 -0.0000203007 	 -0.0000000316 
92.5000000000 	 -0.0164649871 	 3.3123277432 	 -0.0000160260 	 -0.0000001055 
93.0000000000 	 -0.0116069507 	 3.2111273391 	 -0.0000112975 	 -0.0000000643 
93.5000000000 	 -0.0068112057 	 3.1192391576 	 -0.0000066296 	 0.0000000698 
94.0000000000 	 -0.0017103701 	 3.0421585004 	 -0.0000016648 	 0.0000001787 
94.5000000000 	 0.0032511805 	 2.9755532365 	 0.0000031645 	 0.0000001015 
95.0000000000 	 0.0082353469 	 2.9236202251 	 0.0000080158 	 0.0000000446 
95.5000000000 	 0.0133770790 	 2.8852969858 	 0.0000130205 	 0.0000000233 
96.0000000000 	 0.0185604146 	 2.8595034006 	 0.0000180656 	 0.0000001623 
96.5000000000 	 0.0236587612 	 2.8450100366 	 0.0000230281 	 0.0000002671 
97.0000000000 	 0.0286656627 	 2.8419377691 	 0.0000279015 	 0.0000002943 
97.5000000000 	 0.0333757245 	 2.8491675044 	 0.0000324860 	 0.0000002397 
98.0000000000 	 0.0380107788 	 2.8674980054 	 0.0000369975 	 0.0000003213 
98.5000000000 	 0.0422109927 	 2.8925610748 	 0.0000410857 	 0.0000002625 
99.0000000000 	 0.0460424542 	 2.9266980558 	 0.0000448150 	 0.0000001422 
99.5000000000 	 0.0495853296 	 2.9580870755 	 0.0000482635 	 0.0000000630 
100.0000000000 	 0.0528141705 	 2.9936557395 	 0.0000514062 	 0.0000000687 
100.5000000000 	 0.0557462859 	 3.0285308024 	 0.0000542602 	 0.0000000530 
101.0000000000 	 0.0583939381 	 3.0661882048 	 0.0000568373 	 0.0000000275 
101.5000000000 	 0.0607075081 	 3.0955506342 	 0.0000590892 	 0.0000000669 
102.0000000000 	 0.0625983722 	 3.1129263503 	 0.0000609296 	 0.0000000891 
102.5000000000 	 0.0639476953 	 3.1267564539 	 0.0000622430 	 0.0000001997 
103.0000000000 	 0.0648472430 	 3.1289834505 	 0.0000631185 	 0.0000002639 
103.5000000000 	 0.0652891081 	 3.1257625745 	 0.0000635486 	 0.0000001948 
104.0000000000 	 0.0652557826 	 3.1110882588 	 0.0000635162 	 0.0000001578 
104.5000000000 	 0.0648717235 	 3.0887231381 	 0.0000631424 	 0.0000000948 
105.0000000000 	 0.0642298077 	 3.0636356574 	 0.0000625176 	 -0.0000000058 
105.5000000000 	 0.0632026515 	 3.0280879548 	 0.0000615178 	 -0.0000000644 
106.0000000000 	 0.0619381421 	 2.9835000912 	 0.0000602870 	 -0.0000000239 
106.5000000000 	 0.0603523386 	 2.9331966636 	 0.0000587435 	 0.0000000255 
107.0000000000 	 0.0584413307 	 2.8765782303 	 0.0000568834 	 0.0000000286 
107.5000000000 	 0.0562712374 	 2.8167580650 	 0.0000547711 	 0.0000000193 
108.0000000000 	 0.0538376009 	 2.7556785637 	 0.0000524024 	 0.0000000278 
108.5000000000 	 0.0512543562 	 2.6937601350 	 0.0000498880 	 -0.0000000051 
109.0000000000 	 0.0484507926 	 2.6346107241 	 0.0000471592 	 -0.0000000565 
109.5000000000 	 0.0455257225 	 2.5761465376 	 0.0000443121 	 -0.0000000952 
110.0000000000 	 0.0425004069 	 2.5245355013 	 0.0000413674 	 -0.0000001233 
110.5000000000 	 0.0394033587 	 2.4761389845 	 0.0000383529 	 -0.0000001068 
111.0000000000 	 0.0362852144 	 2.4344707070 	 0.0000353179 	 -0.0000000937 
111.5000000000 	 0.0331076729 	 2.4005686087 	 0.0000322251 	 -0.0000000763 
112.0000000000 	 0.0298995793 	 2.3722868534 	 0.0000291025 	 -0.0000000880 
112.5000000000 	 0.0267210261 	 2.3516819574 	 0.0000260087 	 -0.0000001050 
113.0000000000 	 0.0236021182 	 2.3374491044 	 0.0000229729 	 -0.0000001086 
113.5000000000 	 0.0205413928 	 2.3264558045 	 0.0000199938 	 -0.0000001618 
114.0000000000 	 0.0175950324 	 2.3251750101 	 0.0000171260 	 -0.0000001894 
114.5000000000 	 0.0147064560 	 2.3264265037 	 0.0000143144 	 -0.0000001694 
115.0000000000 	 0.0119989813 	 2.3328379931 	 0.0000116791 	 -0.0000001621 
115.5000000000 	 0.0094909791 	 2.3438215946 	 0.0000092380 	 -0.0000001384 
116.0000000000 	 0.0070989534 	 2.3553957478 	 0.0000069097 	 -0.0000001645 
116.5000000000 	 0.0048107497 	 2.3726702879 	 0.0000046825 	 -0.0000001212 
117.0000000000 	 0.0027438323 	 2.3835825828 	 0.0000026707 	 -0.0000000473 
117.5000000000 	 0.0007469247 	 2.3976405336 	 0.0000007270 	 -0.0000000444 
118.0000000000 	 -0.0010658276 	 2.4107981187 	 -0.0000010374 	 -0.0000000948 
118.5000000000 	 -0.0026725056 	 2.4194627850 	 -0.0000026012 	 -0.0000001870 
119.0000000000 	 -0.0042081469 	 2.4224969659 	 -0.0000040959 	 -0.0000002259 
119.5000000000 	 -0.0055940107 	 2.4199445094 	 -0.0000054449 	 -0.0000001547 
120.0000000000 	 -0.0068136017 	 2.4132247431 	 -0.0000066319 	 -0.0000000390 
120.5000000000 	 -0.0078513756 	 2.4061944416 	 -0.0000076421 	 0.0000000492 
121.0000000000 	 -0.0087357309 	 2.3913015442 	 -0.0000085028 	 0.0000000340 
121.5000000000 	 -0.0095276031 	 2.3704846491 	 -0.0000092736 	 0.0000000032 
122.0000000000 	 -0.0101855231 	 2.3417365501 	 -0.0000099140 	 -0.0000000313 
122.5000000000 	 -0.0108464885 	 2.3112547787 	 -0.0000105573 	 -0.0000001060 
123.0000000000 	 -0.0114445155 	 2.2753038000 	 -0.0000111394 	 -0.0000001141 
123.5000000000 	 -0.0119881779 	 2.2367265963 	 -0.0000116686 	 -0.0000000856 
124.0000000000 	 -0.0124545311 	 2.1985885672 	 -0.0000121225 	 -0.0000000519 
124.5000000000 	 -0.0129359912 	 2.1588333731 	 -0.0000125911 	 0.0000000048 
125.0000000000 	 -0.0132886063 	 2.1181826450 	 -0.0000129343 	 0.0000000240 
125.5000000000 	 -0.0134818122 	 2.0770576949 	 -0.0000131224 	 0.0000000341 
126.0000000000 	 -0.0139422797 	 2.0398297088 	 -0.0000135706 	 -0.0000000248 
126.5000000000 	 -0.0144075876 	 2.0050951073 	 -0.0000140235 	 -0.0000000567 
127.0000000000 	 -0.0148867357 	 1.9714578643 	 -0.0000144899 	 -0.0000000607 
127.5000000000 	 -0.0153258736 	 1.9417920100 	 -0.0000149173 	 -0.0000000491 
128.0000000000 	 -0.0158052616 	 1.9187268253 	 -0.0000153839 	 -0.0000000093 
128.5000000000 	 -0.0163135422 	 1.8976211647 	 -0.0000158786 	 0.0000000989 
129.0000000000 	 -0.0167787348 	 1.8832668377 	 -0.0000163314 	 0.0000001899 
129.5000000000 	 -0.0172785672 	 1.8722213532 	 -0.0000168179 	 0.0000001374 
130.0000000000 	 -0.0177970444 	 1.8689294397 	 -0.0000173226 	 0.0000000802 
130.5000000000 	 -0.0183069356 	 1.8693876860 	 -0.0000178189 	 0.0000000335 
131.0000000000 	 -0.0188418393 	 1.8734333638 	 -0.0000183395 	 0.0000000122 
131.5000000000 	 -0.0193684927 	 1.8821381883 	 -0.0000188521 	 -0.0000000026 
132.0000000000 	 -0.0199627982 	 1.8937949784 	 -0.0000194306 	 0.0000000499 
132.5000000000 	 -0.0205017256 	 1.9082598198 	 -0.0000199552 	 0.0000000729 
133.0000000000 	 -0.0209839835 	 1.9228324529 	 -0.0000204246 	 0.0000000776 
133.5000000000 	 -0.0214412320 	 1.9383923780 	 -0.0000208696 	 0.0000000911 
134.0000000000 	 -0.0218603166 	 1.9537775357 	 -0.0000212775 	 0.0000000497 
134.5000000000 	 -0.0222486890 	 1.9674518809 	 -0.0000216556 	 0.0000000119 
135.0000000000 	 -0.0225968776 	 1.9805473156 	 -0.0000219945 	 -0.0000000121 
135.5000000000 	 -0.0229543231 	 1.9904271121 	 -0.0000223424 	 0.0000000010 
136.0000000000 	 -0.0232410496 	 1.9951942531 	 -0.0000226215 	 0.0000000175 
136.5000000000 	 -0.0234483487 	 2.0004563640 	 -0.0000228232 	 0.0000000300 
137.0000000000 	 -0.0235545631 	 2.0011384239 	 -0.0000229266 	 0.0000000532 
137.5000000000 	 -0.0235599175 	 1.9972565048 	 -0.0000229318 	 0.0000000483 
138.0000000000 	 -0.0234929641 	 1.9866006128 	 -0.0000228667 	 0.0000000730 
138.5000000000 	 -0.0232321209 	 1.9754525722 	 -0.0000226128 	 0.0000000507 
139.0000000000 	 -0.0229323635 	 1.9581282776 	 -0.0000223210 	 0.0000000238 
139.5000000000 	 -0.0225299595 	 1.9368359072 	 -0.0000219293 	 0.0000000047 
140.0000000000 	 -0.0219762211 	 1.9135987729 	 -0.0000213904 	 -0.0000000012 
140.5000000000 	 -0.0213738731 	 1.8897204561 	 -0.0000208041 	 0.0000000072 
141.0000000000 	 -0.0206380893 	 1.8626534570 	 -0.0000200879 	 0.0000000790 
141.5000000000 	 -0.0198217022 	 1.8333921472 	 -0.0000192933 	 0.0000001173 
142.0000000000 	 -0.0188398529 	 1.8047543944 	 -0.0000183376 	 0.0000001433 
142.5000000000 	 -0.0177468117 	 1.7771324575 	 -0.0000172737 	 0.0000001334 
143.0000000000 	 -0.0165785864 	 1.7483220118 	 -0.0000161366 	 0.0000001329 
143.5000000000 	 -0.0153108758 	 1.7195753504 	 -0.0000149027 	 0.0000000717 
144.0000000000 	 -0.0139411588 	 1.6935941671 	 -0.0000135695 	 0.0000000620 
144.5000000000 	 -0.0124803610 	 1.6697312880 	 -0.0000121476 	 0.0000001021 
145.0000000000 	 -0.0109468319 	 1.6491767908 	 -0.0000106550 	 0.0000000819 
145.5000000000 	 -0.0094760441 	 1.6326497756 	 -0.0000092234 	 0.0000000774 
146.0000000000 	 -0.0079778955 	 1.6177801299 	 -0.0000077652 	 0.0000000968 
146.5000000000 	 -0.0064126704 	 1.6080405974 	 -0.0000062417 	 0.0000000970 
147.0000000000 	 -0.0048670132 	 1.6022221353 	 -0.0000047373 	 0.0000001219 
147.5000000000 	 -0.0032595024 	 1.5987232544 	 -0.0000031726 	 0.0000001650 
148.0000000000 	 -0.0016654310 	 1.5972405314 	 -0.0000016210 	 0.0000001833 
148.5000000000 	 -0.0000803578 	 1.5987114375 	 -0.0000000782 	 0.0000001624 
149.0000000000 	 0.0014363800 	 1.6012230036 	 0.0000013981 	 0.0000001488 
149.5000000000 	 0.0029332962 	 1.6058808109 	 0.0000028551 	 0.0000001116 
150.0000000000 	 0.0043523843 	 1.6114610029 	 0.0000042364 	 0.0000000441 
150.5000000000 	 0.0057208739 	 1.6175844026 	 0.0000055684 	 0.0000000525 
151.0000000000 	 0.0069889694 	 1.6259079036 	 0.0000068027 	 0.0000000477 
151.5000000000 	 0.0081765442 	 1.6331171060 	 0.0000079586 	 0.0000000831 
152.0000000000 	 0.0092451597 	 1.6399787857 	 0.0000089987 	 0.0000001446 
152.5000000000 	 0.0102266023 	 1.6462802299 	 0.0000099540 	 0.0000001132 
153.0000000000 	 0.0110911285 	 1.6494132542 	 0.0000107955 	 0.0000000782 
153.5000000000 	 0.0118588443 	 1.6509381789 	 0.0000115427 	 0.0000000344 
154.0000000000 	 0.0125084190 	 1.6491608701 	 0.0000121750 	 0.0000000055 
154.5000000000 	 0.0130619553 	 1.6444065506 	 0.0000127138 	 -0.0000000317 
155.0000000000 	 0.0135693971 	 1.6414377411 	 0.0000132077 	 -0.0000000304 
155.5000000000 	 0.0139367726 	 1.6361624970 	 0.0000135653 	 -0.0000000501 
156.0000000000 	 0.0141965147 	 1.6271500736 	 0.0000138181 	 -0.0000000086 
156.5000000000 	 0.0143590465 	 1.6160799315 	 0.0000139763 	 0.0000000153 
157.0000000000 	 0.0144292487 	 1.6048064195 	 0.0000140446 	 0.0000000407 
157.5000000000 	 0.0144340497 	 1.5904519416 	 0.0000140493 	 0.0000000226 
158.0000000000 	 0.0143106454 	 1.5744120227 	 0.0000139292 	 -0.0000000038 
158.5000000000 	 0.0141387678 	 1.5589369405 	 0.0000137619 	 -0.0000000240 
159.0000000000 	 0.0138906151 	 1.5425987606 	 0.0000135203 	 -0.0000000633 
159.5000000000 	 0.0136087397 	 1.5258170850 	 0.0000132460 	 -0.0000000537 
160.0000000000 	 0.0132703842 	 1.5109267589 	 0.0000129166 	 -0.0000000415 
160.5000000000 	 0.0128735189 	 1.4962464014 	 0.0000125303 	 -0.0000000131 
161.0000000000 	 0.0124346623 	 1.4817003084 	 0.0000121032 	 0.0000000095 
161.5000000000 	 0.0119728956 	 1.4700906403 	 0.0000116537 	 0.0000000279 
162.0000000000 	 0.0114863080 	 1.4585642752 	 0.0000111801 	 0.0000000241 
162.5000000000 	 0.0109659136 	 1.4485127493 	 0.0000106736 	 0.0000000019 
163.0000000000 	 0.0104799917 	 1.4392963798 	 0.0000102006 	 -0.0000000189 
163.5000000000 	 0.0099781349 	 1.4326587551 	 0.0000097121 	 -0.0000000257 
164.0000000000 	 0.0094642209 	 1.4261832189 	 0.0000092119 	 -0.0000000190 
164.5000000000 	 0.0089434036 	 1.4236046684 	 0.0000087050 	 -0.0000000217 
165.0000000000 	 0.0084195768 	 1.4220715101 	 0.0000081951 	 -0.0000000118 
165.5000000000 	 0.0079359801 	 1.4218978395 	 0.0000077244 	 -0.0000000017 
166.0000000000 	 0.0074583764 	 1.4231722273 	 0.0000072596 	 -0.0000000056 
166.5000000000 	 0.0070008303 	 1.4248286346 	 0.0000068142 	 -0.0000000010 
167.0000000000 	 0.0065529598 	 1.4272166090 	 0.0000063783 	 -0.0000000106 
167.5000000000 	 0.0061515398 	 1.4299461881 	 0.0000059876 	 -0.0000000080 
168.0000000000 	 0.0057676644 	 1.4320182107 	 0.0000056139 	 -0.0000000095 
168.5000000000 	 0.0053920474 	 1.4357225785 	 0.0000052483 	 -0.0000000192 
169.0000000000 	 0.0050570142 	 1.4373600003 	 0.0000049222 	 -0.0000000171 
169.5000000000 	 0.0047396847 	 1.4372819094 	 0.0000046133 	 -0.0000000176 
170.0000000000 	 0.0044492840 	 1.4368699286 	 0.0000043307 	 -0.0000000120 
170.5000000000 	 0.0041527844 	 1.4356425712 	 0.0000040421 	 -0.0000000053 
171.0000000000 	 0.0038615226 	 1.4330679857 	 0.0000037586 	 -0.0000000061 
171.5000000000 	 0.0035963773 	 1.4299059090 	 0.0000035005 	 0.0000000050 
172.0000000000 	 0.0033534643 	 1.4240910436 	 0.0000032641 	 -0.0000000123 
172.5000000000 	 0.0031179587 	 1.4174593399 	 0.0000030349 	 -0.0000000339 
173.0000000000 	 0.0028638835 	 1.4102759256 	 0.0000027876 	 -0.0000000366 
173.5000000000 	 0.0026450333 	 1.4013323062 	 0.0000025745 	 -0.0000000412 
174.0000000000 	 0.0024000938 	 1.3924809015 	 0.0000023361 	 -0.0000000408 
174.5000000000 	 0.0021687454 	 1.3829450886 	 0.0000021109 	 -0.0000000444 
175.0000000000 	 0.0019174676 	 1.3727842315 	 0.0000018664 	 -0.0000000390 
175.5000000000 	 0.0016567227 	 1.3630839085 	 0.0000016126 	 -0.0000000410 
176.0000000000 	 0.0014086528 	 1.3522006013 	 0.0000013711 	 -0.0000000661 
176.5000000000 	 0.0011517575 	 1.3409507497 	 0.0000011211 	 -0.0000000514 
177.0000000000 	 0.0008836642 	 1.3303533218 	 0.0000008601 	 -0.0000000587 
177.5000000000 	 0.0005844910 	 1.3205981138 	 0.0000005689 	 -0.0000000545 
178.0000000000 	 0.0002849080 	 1.3108542462 	 0.0000002773 	 -0.0000000677 
178.5000000000 	 -0.0000484947 	 1.3025517099 	 -0.0000000472 	 -0.0000000551 
179.0000000000 	 -0.0004226483 	 1.2960738555 	 -0.0000004114 	 -0.0000000479 
179.5000000000 	 -0.0007907202 	 1.2920451730 	 -0.0000007696 	 -0.0000000613 
180.0000000000 	 -0.0011651858 	 1.2879115989 	 -0.0000011341 	 -0.0000000357 
180.5000000000 	 -0.0015334470 	 1.2843212810 	 -0.0000014926 	 -0.0000000309 
181.0000000000 	 -0.0019179036 	 1.2824725733 	 -0.0000018668 	 -0.0000000168 
181.5000000000 	 -0.0023139506 	 1.2814476868 	 -0.0000022522 	 -0.0000000143 
182.0000000000 	 -0.0027114841 	 1.2820167489 	 -0.0000026392 	 -0.0000000122 
182.5000000000 	 -0.0030982628 	 1.2822838279 	 -0.0000030157 	 -0.0000000352 
183.0000000000 	 -0.0034786313 	 1.2836479638 	 -0.0000033859 	 -0.0000000432 
183.5000000000 	 -0.0038692687 	 1.2857533962 	 -0.0000037661 	 -0.0000000495 
184.0000000000 	 -0.0042820866 	 1.2878782280 	 -0.0000041679 	 -0.0000000280 
184.5000000000 	 -0.0046787917 	 1.2914495925 	 -0.0000045540 	 -0.0000000074 
185.0000000000 	 -0.0050576997 	 1.2939632392 	 -0.0000049229 	 0.0000000041 
185.5000000000 	 -0.0054186503 	 1.2962534199 	 -0.0000052742 	 0.0000000156 
186.0000000000 	 -0.0057501084 	 1.2976955015 	 -0.0000055968 	 0.0000000121 
186.5000000000 	 -0.0060454413 	 1.2989757112 	 -0.0000058843 	 0.0000000060 
187.0000000000 	 -0.0063186802 	 1.2991045481 	 -0.0000061502 	 -0.0000000077 
187.5000000000 	 -0.0065718487 	 1.2980041007 	 -0.0000063966 	 -0.0000000164 
188.0000000000 	 -0.0068075098 	 1.2969472009 	 -0.0000066260 	 -0.0000000209 
188.5000000000 	 -0.0070072275 	 1.2936903872 	 -0.0000068204 	 -0.0000000211 
189.0000000000 	 -0.0071713440 	 1.2924343406 	 -0.0000069802 	 -0.0000000127 
189.5000000000 	 -0.0073122530 	 1.2896562206 	 -0.0000071173 	 0.0000000079 
190.0000000000 	 -0.0074170820 	 1.2848219231 	 -0.0000072193 	 0.0000000183 
190.5000000000 	 -0.0074631148 	 1.2792522334 	 -0.0000072641 	 0.0000000224 
191.0000000000 	 -0.0074678157 	 1.2732012276 	 -0.0000072687 	 0.0000000193 
191.5000000000 	 -0.0074229402 	 1.2663461132 	 -0.0000072250 	 0.0000000194 
192.0000000000 	 -0.0073261686 	 1.2600510290 	 -0.0000071308 	 0.0000000141 
192.5000000000 	 -0.0072001617 	 1.2523987542 	 -0.0000070082 	 0.0000000105 
193.0000000000 	 -0.0070397785 	 1.2445120844 	 -0.0000068521 	 0.0000000118 
193.5000000000 	 -0.0068381018 	 1.2370416916 	 -0.0000066558 	 0.0000000199 
194.0000000000 	 -0.0066050185 	 1.2293589928 	 -0.0000064289 	 0.0000000334 
194.5000000000 	 -0.0063427764 	 1.2227325611 	 -0.0000061737 	 0.0000000374 
195.0000000000 	 -0.0060518799 	 1.2174162256 	 -0.0000058905 	 0.0000000435 
195.5000000000 	 -0.0057329319 	 1.2112028793 	 -0.0000055801 	 0.0000000432 
196.0000000000 	 -0.0053882925 	 1.2062034357 	 -0.0000052446 	 0.0000000435 
196.5000000000 	 -0.0050193890 	 1.2016642557 	 -0.0000048856 	 0.0000000425 
197.0000000000 	 -0.0046308814 	 1.1975958196 	 -0.0000045074 	 0.0000000404 
197.5000000000 	 -0.0042345492 	 1.1945984439 	 -0.0000041216 	 0.0000000380 
198.0000000000 	 -0.0038251080 	 1.1917225646 	 -0.0000037231 	 0.0000000228 
198.5000000000 	 -0.0034153326 	 1.1908576451 	 -0.0000033243 	 0.0000000110 
199.0000000000 	 -0.0030072509 	 1.1898219993 	 -0.0000029271 	 0.0000000214 
199.5000000000 	 -0.0026008717 	 1.1892837603 	 -0.0000025315 	 0.0000000319 
200.0000000000 	 -0.0021934480 	 1.1901673711 	 -0.0000021350 	 0.0000000292 
200.5000000000 	 -0.0017897366 	 1.1906752426 	 -0.0000017420 	 0.0000000319 
201.0000000000 	 -0.0013893268 	 1.1915377287 	 -0.0000013523 	 0.0000000222 
201.5000000000 	 -0.0009919862 	 1.1937666813 	 -0.0000009655 	 0.0000000220 
202.0000000000 	 -0.0006088774 	 1.1947010706 	 -0.0000005926 	 0.0000000192 
202.5000000000 	 -0.0002447596 	 1.1960460732 	 -0.0000002382 	 0.0000000003 
203.0000000000 	 0.0000879998 	 1.1978676272 	 0.0000000857 	 -0.0000000168 
203.5000000000 	 0.0003784359 	 1.1976021220 	 0.0000003684 	 -0.0000000124 
204.0000000000 	 0.0006736377 	 1.1983456978 	 0.0000006557 	 -0.0000000114 
204.5000000000 	 0.0009357089 	 1.1991392079 	 0.0000009108 	 -0.0000000064 
205.0000000000 	 0.0011757168 	 1.1976989729 	 0.0000011444 	 0.0000000011 
205.5000000000 	 0.0013837178 	 1.1961232579 	 0.0000013468 	 0.0000000166 
206.0000000000 	 0.0015715707 	 1.1941097186 	 0.0000015297 	 0.0000000100 
206.5000000000 	 0.0017487710 	 1.1916568725 	 0.0000017022 	 0.0000000003 
207.0000000000 	 0.0019031654 	 1.1879406563 	 0.0000018524 	 -0.0000000047 
207.5000000000 	 0.0020391046 	 1.1855052835 	 0.0000019848 	 -0.0000000136 
208.0000000000 	 0.0021535506 	 1.1830933124 	 0.0000020962 	 -0.0000000311 
208.5000000000 	 0.0022508726 	 1.1795536210 	 0.0000021909 	 -0.0000000366 
209.0000000000 	 0.0023253121 	 1.1755707192 	 0.0000022633 	 -0.0000000284 
209.5000000000 	 0.0023852024 	 1.1711276427 	 0.0000023216 	 -0.0000000240 
210.0000000000 	 0.0024305587 	 1.1666625075 	 0.0000023658 	 -0.0000000108 
210.5000000000 	 0.0024610568 	 1.1632810415 	 0.0000023955 	 0.0000000012 
211.0000000000 	 0.0024815151 	 1.1592224323 	 0.0000024154 	 0.0000000077 
211.5000000000 	 0.0024903527 	 1.1549309895 	 0.0000024240 	 0.0000000157 
212.0000000000 	 0.0024963868 	 1.1509505018 	 0.0000024299 	 0.0000000018 
212.5000000000 	 0.0024864383 	 1.1470315916 	 0.0000024202 	 -0.0000000126 
213.0000000000 	 0.0024737905 	 1.1438637104 	 0.0000024079 	 0.0000000017 
213.5000000000 	 0.0024569325 	 1.1401803282 	 0.0000023914 	 0.0000000167 
214.0000000000 	 0.0024435465 	 1.1380115496 	 0.0000023784 	 0.0000000254 
214.5000000000 	 0.0024277569 	 1.1373102296 	 0.0000023631 	 0.0000000241 
215.0000000000 	 0.0024135768 	 1.1355710019 	 0.0000023492 	 0.0000000212 
215.5000000000 	 0.0023875702 	 1.1337155907 	 0.0000023239 	 0.0000000181 
216.0000000000 	 0.0023615344 	 1.1331714965 	 0.0000022986 	 0.0000000074 
216.5000000000 	 0.0023335672 	 1.1327451832 	 0.0000022714 	 0.0000000023 
217.0000000000 	 0.0023042924 	 1.1321253493 	 0.0000022429 	 0.0000000021 
217.5000000000 	 0.0022830412 	 1.1323475949 	 0.0000022222 	 0.0000000082 
218.0000000000 	 0.0022646028 	 1.1325943364 	 0.0000022042 	 0.0000000101 
218.5000000000 	 0.0022494186 	 1.1327161822 	 0.0000021895 	 0.0000000110 
219.0000000000 	 0.0022350380 	 1.1337143990 	 0.0000021755 	 0.0000000130 
219.5000000000 	 0.0022229358 	 1.1337383149 	 0.0000021637 	 0.0000000102 
220.0000000000 	 0.0022092950 	 1.1338490200 	 0.0000021504 	 0.0000000094 
220.5000000000 	 0.0021970825 	 1.1334679181 	 0.0000021385 	 0.0000000073 
221.0000000000 	 0.0021887563 	 1.1328942394 	 0.0000021304 	 0.0000000063 
221.5000000000 	 0.0021814343 	 1.1319561911 	 0.0000021233 	 0.0000000057 
222.0000000000 	 0.0021654518 	 1.1316863524 	 0.0000021077 	 0.0000000054 
222.5000000000 	 0.0021492748 	 1.1309449148 	 0.0000020920 	 0.0000000050 
223.0000000000 	 0.0021322721 	 1.1294915747 	 0.0000020754 	 -0.0000000013 
223.5000000000 	 0.0021077491 	 1.1275467244 	 0.0000020516 	 -0.0000000019 
224.0000000000 	 0.0020810113 	 1.1256287435 	 0.0000020255 	 -0.0000000050 
224.5000000000 	 0.0020489882 	 1.1233795404 	 0.0000019944 	 -0.0000000085 
225.0000000000 	 0.0020088294 	 1.1206871852 	 0.0000019553 	 -0.0000000069 
225.5000000000 	 0.0019626063 	 1.1178951702 	 0.0000019103 	 -0.0000000092 
226.0000000000 	 0.0019099505 	 1.1142922369 	 0.0000018590 	 -0.0000000125 
226.5000000000 	 0.0018423897 	 1.1117043019 	 0.0000017933 	 -0.0000000091 
227.0000000000 	 0.0017715285 	 1.1082290464 	 0.0000017243 	 -0.0000000078 
227.5000000000 	 0.0016893849 	 1.1061999618 	 0.0000016444 	 -0.0000000097 
228.0000000000 	 0.0016058458 	 1.1035673919 	 0.0000015631 	 -0.0000000121 
228.5000000000 	 0.0015112119 	 1.1012928465 	 0.0000014709 	 -0.0000000141 
229.0000000000 	 0.0014119052 	 1.0989639698 	 0.0000013743 	 -0.0000000152 
229.5000000000 	 0.0012973974 	 1.0966283492 	 0.0000012628 	 -0.0000000178 
230.0000000000 	 0.0011692833 	 1.0941826712 	 0.0000011381 	 -0.0000000173 
230.5000000000 	 0.0010407041 	 1.0920676165 	 0.0000010130 	 -0.0000000180 
231.0000000000 	 0.0009077874 	 1.0915133451 	 0.0000008836 	 -0.0000000165 
231.5000000000 	 0.0007706707 	 1.0904303172 	 0.0000007501 	 -0.0000000168 
232.0000000000 	 0.0006290854 	 1.0897596069 	 0.0000006123 	 -0.0000000167 
232.5000000000 	 0.0004778857 	 1.0891205685 	 0.0000004652 	 -0.0000000121 
233.0000000000 	 0.0003203010 	 1.0887841543 	 0.0000003118 	 -0.0000000126 
233.5000000000 	 0.0001672663 	 1.0890478885 	 0.0000001628 	 -0.0000000122 
234.0000000000 	 0.0000120957 	 1.0893801595 	 0.0000000118 	 -0.0000000089 
234.5000000000 	 -0.0001547884 	 1.0897803692 	 -0.0000001506 	 -0.0000000031 
235.0000000000 	 -0.0003028631 	 1.0898151790 	 -0.0000002948 	 -0.0000000072 
235.5000000000 	 -0.0004526102 	 1.0898689648 	 -0.0000004405 	 -0.0000000118 
236.0000000000 	 -0.0005990237 	 1.0903164405 	 -0.0000005830 	 -0.0000000136 
236.5000000000 	 -0.0007411900 	 1.0906571007 	 -0.0000007214 	 -0.0000000139 
237.0000000000 	 -0.0008837274 	 1.0905665957 	 -0.0000008602 	 -0.0000000095 
237.5000000000 	 -0.0010220197 	 1.0905150912 	 -0.0000009948 	 -0.0000000059 
238.0000000000 	 -0.0011498647 	 1.0899580030 	 -0.0000011192 	 -0.0000000030 
238.5000000000 	 -0.0012768403 	 1.0894617690 	 -0.0000012428 	 0.0000000012 
239.0000000000 	 -0.0013882557 	 1.0884533020 	 -0.0000013512 	 0.0000000035 
239.5000000000 	 -0.0014898439 	 1.0880052168 	 -0.0000014501 	 -0.0000000010 
240.0000000000 	 -0.0015794202 	 1.0880119969 	 -0.0000015373 	 -0.0000000023 
240.5000000000 	 -0.0016614121 	 1.0869495267 	 -0.0000016171 	 -0.0000000024 
241.0000000000 	 -0.0017327326 	 1.0854409285 	 -0.0000016865 	 0.0000000004 
241.5000000000 	 -0.0017923099 	 1.0834631150 	 -0.0000017445 	 0.0000000021 
242.0000000000 	 -0.0018441009 	 1.0816805972 	 -0.0000017949 	 0.0000000046 
242.5000000000 	 -0.0018827281 	 1.0797095295 	 -0.0000018325 	 0.0000000058 
243.0000000000 	 -0.0019102183 	 1.0771841803 	 -0.0000018593 	 0.0000000064 
243.5000000000 	 -0.0019220647 	 1.0755916682 	 -0.0000018708 	 0.0000000069 
244.0000000000 	 -0.0019153401 	 1.0742575630 	 -0.0000018643 	 0.0000000104 
244.5000000000 	 -0.0019026915 	 1.0727422319 	 -0.0000018520 	 0.0000000096 
245.0000000000 	 -0.0018785051 	 1.0711831676 	 -0.0000018284 	 0.0000000091 
245.5000000000 	 -0.0018473245 	 1.0694720132 	 -0.0000017981 	 0.0000000085 
246.0000000000 	 -0.0018075361 	 1.0673705612 	 -0.0000017593 	 0.0000000063 
246.5000000000 	 -0.0017627136 	 1.0654705819 	 -0.0000017157 	 0.0000000070 
247.0000000000 	 -0.0017099919 	 1.0642416585 	 -0.0000016644 	 0.0000000081 
247.5000000000 	 -0.0016521724 	 1.0626666886 	 -0.0000016081 	 0.0000000100 
248.0000000000 	 -0.0015828512 	 1.0616115346 	 -0.0000015406 	 0.0000000108 
248.5000000000 	 -0.0015086756 	 1.0605220451 	 -0.0000014684 	 0.0000000107 
249.0000000000 	 -0.0014277361 	 1.0603778094 	 -0.0000013897 	 0.0000000115 
249.5000000000 	 -0.0013462252 	 1.0598332292 	 -0.0000013103 	 0.0000000121 
250.0000000000 	 -0.0012619262 	 1.0600292464 	 -0.0000012283 	 0.0000000111 
250.5000000000 	 -0.0011773786 	 1.0602233892 	 -0.0000011460 	 0.0000000105 
251.0000000000 	 -0.0010943133 	 1.0603189765 	 -0.0000010651 	 0.0000000097 
251.5000000000 	 -0.0010116523 	 1.0602276026 	 -0.0000009847 	 0.0000000082 
252.0000000000 	 -0.0009290159 	 1.0596908035 	 -0.0000009042 	 0.0000000071 
252.5000000000 	 -0.0008454456 	 1.0601047778 	 -0.0000008229 	 0.0000000055 
253.0000000000 	 -0.0007643801 	 1.0595867824 	 -0.0000007440 	 0.0000000024 
253.5000000000 	 -0.0006873443 	 1.0593025542 	 -0.0000006690 	 -0.0000000007 
254.0000000000 	 -0.0006116365 	 1.0589094990 	 -0.0000005953 	 -0.0000000010 
254.5000000000 	 -0.0005398291 	 1.0587643978 	 -0.0000005254 	 -0.0000000004 
255.0000000000 	 -0.0004708484 	 1.0591510442 	 -0.0000004583 	 -0.0000000001 
255.5000000000 	 -0.0004064131 	 1.0593016409 	 -0.0000003956 	 -0.0000000020 
256.0000000000 	 -0.0003451726 	 1.0588440156 	 -0.0000003360 	 -0.0000000018 
256.5000000000 	 -0.0002866458 	 1.0578734846 	 -0.0000002790 	 -0.0000000012 
257.0000000000 	 -0.0002357479 	 1.0577837953 	 -0.0000002294 	 -0.0000000017 
257.5000000000 	 -0.0001925684 	 1.0570794981 	 -0.0000001874 	 -0.0000000011 
258.0000000000 	 -0.0001463710 	 1.0561161758 	 -0.0000001425 	 0.0000000009 
258.5000000000 	 -0.0001021829 	 1.0552379994 	 -0.0000000994 	 0.0000000013 
259.0000000000 	 -0.0000633808 	 1.0542297797 	 -0.0000000617 	 0.0000000021 
259.5000000000 	 -0.0000278537 	 1.0528275071 	 -0.0000000271 	 0.0000000017 
260.0000000000 	 0.0000018564 	 1.0513897059 	 0.0000000018 	 0.0000000022 
260.5000000000 	 0.0000330561 	 1.0502110012 	 0.0000000322 	 0.0000000002 
261.0000000000 	 0.0000668625 	 1.0496533167 	 0.0000000651 	 0.0000000037 
261.5000000000 	 0.0000950888 	 1.0490459676 	 0.0000000926 	 0.0000000039 
262.0000000000 	 0.0001197919 	 1.0483341994 	 0.0000001166 	 0.0000000070 
262.5000000000 	 0.0001445234 	 1.0471053255 	 0.0000001407 	 0.0000000085 
263.0000000000 	 0.0001668565 	 1.0459545316 	 0.0000001624 	 0.0000000078 
263.5000000000 	 0.0001947045 	 1.0452681985 	 0.0000001895 	 0.0000000077 
264.0000000000 	 0.0002202896 	 1.0446742492 	 0.0000002144 	 0.0000000054 
264.5000000000 	 0.0002430363 	 1.0432597620 	 0.0000002366 	 0.0000000056 
265.0000000000 	 0.0002673072 	 1.0427596502 	 0.0000002602 	 0.0000000070 
265.5000000000 	 0.0002909857 	 1.0420422902 	 0.0000002832 	 0.0000000065 
266.0000000000 	 0.0003127372 	 1.0415476499 	 0.0000003044 	 0.0000000067 
266.5000000000 	 0.0003336036 	 1.0413463444 	 0.0000003247 	 0.0000000067 
267.0000000000 	 0.0003562335 	 1.0409596262 	 0.0000003468 	 0.0000000077 
267.5000000000 	 0.0003824669 	 1.0404202805 	 0.0000003723 	 0.0000000058 
268.0000000000 	 0.0004099582 	 1.0402246671 	 0.0000003990 	 0.0000000044 
268.5000000000 	 0.0004368106 	 1.0399804705 	 0.0000004252 	 0.0000000024 
269.0000000000 	 0.0004643089 	 1.0401302827 	 0.0000004519 	 0.0000000018 
269.5000000000 	 0.0004945065 	 1.0406362400 	 0.0000004813 	 0.0000000013 
270.0000000000 	 0.0005183880 	 1.0404455620 	 0.0000005046 	 0.0000000021 
270.5000000000 	 0.0005410832 	 1.0407269254 	 0.0000005267 	 0.0000000022 
271.0000000000 	 0.0005644094 	 1.0405749243 	 0.0000005494 	 0.0000000028 
271.5000000000 	 0.0005885759 	 1.0400200918 	 0.0000005729 	 0.0000000033 
272.0000000000 	 0.0006141015 	 1.0393978548 	 0.0000005977 	 0.0000000033 
272.5000000000 	 0.0006378501 	 1.0397224041 	 0.0000006209 	 0.0000000021 
273.0000000000 	 0.0006595792 	 1.0396202287 	 0.0000006420 	 0.0000000003 
273.5000000000 	 0.0006802885 	 1.0394090193 	 0.0000006622 	 -0.0000000012 
274.0000000000 	 0.0006974570 	 1.0388887593 	 0.0000006789 	 -0.0000000023 
274.5000000000 	 0.0007114280 	 1.0383238260 	 0.0000006925 	 -0.0000000026 
275.0000000000 	 0.0007219396 	 1.0373251901 	 0.0000007027 	 -0.0000000026 
275.5000000000 	 0.0007300629 	 1.0368313237 	 0.0000007106 	 -0.0000000029 
276.0000000000 	 0.0007364840 	 1.0357678006 	 0.0000007169 	 -0.0000000034 
276.5000000000 	 0.0007379622 	 1.0360704979 	 0.0000007183 	 -0.0000000047 
277.0000000000 	 0.0007392123 	 1.0358499643 	 0.0000007195 	 -0.0000000054 
277.5000000000 	 0.0007375435 	 1.0351389146 	 0.0000007179 	 -0.0000000066 
278.0000000000 	 0.0007320327 	 1.0342070537 	 0.0000007125 	 -0.0000000078 
278.5000000000 	 0.0007224178 	 1.0335319512 	 0.0000007032 	 -0.0000000085 
279.0000000000 	 0.0007089685 	 1.0326750143 	 0.0000006901 	 -0.0000000080 
279.5000000000 	 0.0006918543 	 1.0318438264 	 0.0000006734 	 -0.0000000083 
280.0000000000 	 0.0006709177 	 1.0302942841 	 0.0000006530 	 -0.0000000089 
280.5000000000 	 0.0006455974 	 1.0298566031 	 0.0000006284 	 -0.0000000090 
281.0000000000 	 0.0006169107 	 1.0292976290 	 0.0000006005 	 -0.0000000088 
281.5000000000 	 0.0005864167 	 1.0291224066 	 0.0000005708 	 -0.0000000070 
282.0000000000 	 0.0005515341 	 1.0287953496 	 0.0000005368 	 -0.0000000071 
282.5000000000 	 0.0005144387 	 1.0291299175 	 0.0000005007 	 -0.0000000062 
283.0000000000 	 0.0004759719 	 1.0288887878 	 0.0000004633 	 -0.0000000056 
283.5000000000 	 0.0004360055 	 1.0285054212 	 0.0000004244 	 -0.0000000045 
284.0000000000 	 0.0003944551 	 1.0281432253 	 0.0000003840 	 -0.0000000044 
284.5000000000 	 0.0003515943 	 1.0276093745 	 0.0000003422 	 -0.0000000035 
285.0000000000 	 0.0003056551 	 1.0270734418 	 0.0000002975 	 -0.0000000031 
285.5000000000 	 0.0002597831 	 1.0271926175 	 0.0000002529 	 -0.0000000027 
286.0000000000 	 0.0002163224 	 1.0268398579 	 0.0000002106 	 -0.0000000021 
286.5000000000 	 0.0001709266 	 1.0268596603 	 0.0000001664 	 -0.0000000022 
287.0000000000 	 0.0001243912 	 1.0267828745 	 0.0000001211 	 -0.0000000018 
287.5000000000 	 0.0000804552 	 1.0270471653 	 0.0000000783 	 -0.0000000017 
288.0000000000 	 0.0000355036 	 1.0269796304 	 0.0000000346 	 -0.0000000016 
288.5000000000 	 -0.0000109540 	 1.0267992192 	 -0.0000000106 	 -0.0000000009 
289.0000000000 	 -0.0000499518 	 1.0262999613 	 -0.0000000486 	 -0.0000000020 
289.5000000000 	 -0.0000895953 	 1.0249736136 	 -0.0000000872 	 -0.0000000012 
290.0000000000 	 -0.0001284737 	 1.0249699255 	 -0.0000001250 	 -0.0000000014 
290.5000000000 	 -0.0001648549 	 1.0249450551 	 -0.0000001604 	 -0.0000000009 
291.0000000000 	 -0.0001986078 	 1.0242975215 	 -0.0000001933 	 -0.0000000003 
291.5000000000 	 -0.0002297694 	 1.0240862274 	 -0.0000002236 	 0.0000000012 
292.0000000000 	 -0.0002600245 	 1.0244347663 	 -0.0000002531 	 0.0000000022 
292.5000000000 	 -0.0002856494 	 1.0238032275 	 -0.0000002780 	 0.0000000027 
293.0000000000 	 -0.0003075975 	 1.0238034837 	 -0.0000002994 	 0.0000000025 
293.5000000000 	 -0.0003290800 	 1.0228079484 	 -0.0000003203 	 0.0000000029 
294.0000000000 	 -0.0003459113 	 1.0220674841 	 -0.0000003367 	 0.0000000028 
294.5000000000 	 -0.0003603023 	 1.0211173341 	 -0.0000003507 	 0.0000000037 
295.0000000000 	 -0.0003720555 	 1.0214947050 	 -0.0000003621 	 0.0000000048 
295.5000000000 	 -0.0003810967 	 1.0211819394 	 -0.0000003709 	 0.0000000048 
296.0000000000 	 -0.0003880541 	 1.0203509715 	 -0.0000003777 	 0.0000000043 
296.5000000000 	 -0.0003925004 	 1.0204557693 	 -0.0000003820 	 0.0000000023 
297.0000000000 	 -0.0003951801 	 1.0202388993 	 -0.0000003846 	 0.0000000024 
297.5000000000 	 -0.0003938542 	 1.0192714647 	 -0.0000003833 	 0.0000000035 
298.0000000000 	 -0.0003923649 	 1.0184466493 	 -0.0000003819 	 0.0000000028 
298.5000000000 	 -0.0003885654 	 1.0185042922 	 -0.0000003782 	 0.0000000022 
299.0000000000 	 -0.0003833161 	 1.0181262732 	 -0.0000003731 	 0.0000000020 
299.5000000000 	 -0.0003759701 	 1.0178899755 	 -0.0000003659 	 0.0000000020 
300.0000000000 	 -0.0003673606 	 1.0176495821 	 -0.0000003576 	 0.0000000031 
300.5000000000 	 -0.0003588550 	 1.0172198341 	 -0.0000003493 	 0.0000000029 
301.0000000000 	 -0.0003491666 	 1.0169956868 	 -0.0000003398 	 0.0000000026 
301.5000000000 	 -0.0003391684 	 1.0173082038 	 -0.0000003301 	 0.0000000018 
302.0000000000 	 -0.0003299822 	 1.0175006446 	 -0.0000003212 	 0.0000000008 
302.5000000000 	 -0.0003197140 	 1.0172495745 	 -0.0000003112 	 0.0000000001 
303.0000000000 	 -0.0003087445 	 1.0174584414 	 -0.0000003005 	 -0.0000000001 
303.5000000000 	 -0.0002975338 	 1.0176896270 	 -0.0000002896 	 -0.0000000001 
304.0000000000 	 -0.0002857615 	 1.0173659534 	 -0.0000002781 	 -0.0000000003 
304.5000000000 	 -0.0002736351 	 1.0178869867 	 -0.0000002663 	 0.0000000005 
305.0000000000 	 -0.0002624558 	 1.0179017046 	 -0.0000002554 	 0.0000000002 
305.5000000000 	 -0.0002528575 	 1.0178598322 	 -0.0000002461 	 -0.0000000002 
306.0000000000 	 -0.0002439573 	 1.0180413447 	 -0.0000002374 	 -0.0000000003 
306.5000000000 	 -0.0002351501 	 1.0179313281 	 -0.0000002289 	 -0.0000000006 
307.0000000000 	 -0.0002270494 	 1.0172908409 	 -0.0000002210 	 -0.0000000005 
307.5000000000 	 -0.0002179531 	 1.0164406576 	 -0.0000002121 	 -0.0000000007 
308.0000000000 	 -0.0002094121 	 1.0165403398 	 -0.0000002038 	 -0.0000000005 
308.5000000000 	 -0.0002011182 	 1.0164283287 	 -0.0000001957 	 0.0000000001 
309.0000000000 	 -0.0001931074 	 1.0156832247 	 -0.0000001879 	 0.0000000001 
309.5000000000 	 -0.0001854577 	 1.0149545392 	 -0.0000001805 	 -0.0000000000 
310.0000000000 	 -0.0001775284 	 1.0158313871 	 -0.0000001728 	 0.0000000002 
310.5000000000 	 -0.0001704321 	 1.0162305232 	 -0.0000001659 	 0.0000000007 
311.0000000000 	 -0.0001634009 	 1.0164559002 	 -0.0000001590 	 0.0000000009 
311.5000000000 	 -0.0001564396 	 1.0160242487 	 -0.0000001523 	 0.0000000011 
312.0000000000 	 -0.0001493025 	 1.0152138795 	 -0.0000001453 	 0.0000000011 
312.5000000000 	 -0.0001423074 	 1.0146573116 	 -0.0000001385 	 0.0000000008 
313.0000000000 	 -0.0001342017 	 1.0138374853 	 -0.0000001306 	 0.0000000007 
313.5000000000 	 -0.0001252328 	 1.0131553120 	 -0.0000001219 	 0.0000000015 
314.0000000000 	 -0.0001157560 	 1.0130809119 	 -0.0000001127 	 0.0000000023 
314.5000000000 	 -0.0001070969 	 1.0124234047 	 -0.0000001042 	 0.0000000026 
315.0000000000 	 -0.0000977261 	 1.0126089648 	 -0.0000000951 	 0.0000000019 
315.5000000000 	 -0.0000877249 	 1.0116260392 	 -0.0000000854 	 0.0000000014 
316.0000000000 	 -0.0000763344 	 1.0119381926 	 -0.0000000743 	 0.0000000006 
316.5000000000 	 -0.0000656860 	 1.0121392196 	 -0.0000000639 	 0.0000000013 
317.0000000000 	 -0.0000550337 	 1.0118210465 	 -0.0000000536 	 0.0000000017 
317.5000000000 	 -0.0000439988 	 1.0115646074 	 -0.0000000428 	 0.0000000017 
318.0000000000 	 -0.0000315092 	 1.0114537790 	 -0.0000000307 	 0.0000000019 
318.5000000000 	 -0.0000183833 	 1.0115892878 	 -0.0000000179 	 0.0000000013 
319.0000000000 	 -0.0000046675 	 1.0115170505 	 -0.0000000045 	 0.0000000009 
319.5000000000 	 0.0000091408 	 1.0113804482 	 0.0000000089 	 0.0000000007 
320.0000000000 	 0.0000233299 	 1.0112711944 	 0.0000000227 	 0.0000000011 
320.5000000000 	 0.0000370031 	 1.0114327706 	 0.0000000360 	 0.0000000015 
321.0000000000 	 0.0000505515 	 1.0112945086 	 0.0000000492 	 0.0000000020 
321.5000000000 	 0.0000641219 	 1.0113301428 	 0.0000000624 	 0.0000000024 
322.0000000000 	 0.0000768400 	 1.0113226555 	 0.0000000748 	 0.0000000027 
322.5000000000 	 0.0000916029 	 1.0117022298 	 0.0000000892 	 0.0000000025 
323.0000000000 	 0.0001056891 	 1.0118186652 	 0.0000001029 	 0.0000000017 
323.5000000000 	 0.0001189097 	 1.0113367837 	 0.0000001158 	 0.0000000010 
324.0000000000 	 0.0001309826 	 1.0117527920 	 0.0000001275 	 -0.0000000000 
324.5000000000 	 0.0001421635 	 1.0115209324 	 0.0000001384 	 -0.0000000005 
325.0000000000 	 0.0001528849 	 1.0108981584 	 0.0000001488 	 -0.0000000006 
325.5000000000 	 0.0001627067 	 1.0104219289 	 0.0000001584 	 -0.0000000004 
326.0000000000 	 0.0001716889 	 1.0096952779 	 0.0000001671 	 -0.0000000002 
326.5000000000 	 0.0001798302 	 1.0096656232 	 0.0000001751 	 0.0000000002 
327.0000000000 	 0.0001871367 	 1.0097885103 	 0.0000001822 	 0.0000000002 
327.5000000000 	 0.0001937640 	 1.0096717602 	 0.0000001886 	 -0.0000000003 
328.0000000000 	 0.0001993548 	 1.0089410716 	 0.0000001941 	 -0.0000000006 
328.5000000000 	 0.0002037928 	 1.0097988623 	 0.0000001984 	 -0.0000000014 
329.0000000000 	 0.0002069352 	 1.0097676685 	 0.0000002014 	 -0.0000000018 
329.5000000000 	 0.0002089070 	 1.0093701861 	 0.0000002034 	 -0.0000000018 
330.0000000000 	 0.0002098400 	 1.0094856889 	 0.0000002043 	 -0.0000000015 
330.5000000000 	 0.0002096181 	 1.0090001508 	 0.0000002040 	 -0.0000000014 
331.0000000000 	 0.0002083634 	 1.0083372233 	 0.0000002028 	 -0.0000000014 
331.5000000000 	 0.0002060565 	 1.0074048665 	 0.0000002006 	 -0.0000000015 
332.0000000000 	 0.0002026729 	 1.0079452890 	 0.0000001973 	 -0.0000000016 
332.5000000000 	 0.0001982254 	 1.0077609375 	 0.0000001930 	 -0.0000000017 
333.0000000000 	 0.0001927496 	 1.0075214333 	 0.0000001876 	 -0.0000000017 
333.5000000000 	 0.0001863310 	 1.0071111860 	 0.0000001814 	 -0.0000000015 
334.0000000000 	 0.0001788344 	 1.0078795947 	 0.0000001741 	 -0.0000000013 
334.5000000000 	 0.0001706411 	 1.0079391302 	 0.0000001661 	 -0.0000000009 
335.0000000000 	 0.0001618753 	 1.0084325039 	 0.0000001576 	 -0.0000000006 
335.5000000000 	 0.0001530051 	 1.0080511981 	 0.0000001489 	 -0.0000000005 
336.0000000000 	 0.0001435389 	 1.0080409611 	 0.0000001397 	 -0.0000000006 
336.5000000000 	 0.0001335606 	 1.0077893508 	 0.0000001300 	 -0.0000000008 
337.0000000000 	 0.0001231841 	 1.0080786604 	 0.0000001199 	 -0.0000000010 
337.5000000000 	 0.0001125355 	 1.0080525472 	 0.0000001096 	 -0.0000000010 
338.0000000000 	 0.0001018161 	 1.0079212364 	 0.0000000991 	 -0.0000000012 
338.5000000000 	 0.0000908502 	 1.0077662583 	 0.0000000884 	 -0.0000000010 
339.0000000000 	 0.0000799423 	 1.0080380451 	 0.0000000778 	 -0.0000000006 
339.5000000000 	 0.0000691268 	 1.0079178920 	 0.0000000673 	 -0.0000000003 
340.0000000000 	 0.0000583876 	 1.0072961369 	 0.0000000568 	 -0.0000000000 
340.5000000000 	 0.0000481151 	 1.0075695354 	 0.0000000468 	 0.0000000001 
341.0000000000 	 0.0000383014 	 1.0069314632 	 0.0000000373 	 -0.0000000003 
341.5000000000 	 0.0000285788 	 1.0073362469 	 0.0000000278 	 -0.0000000002 
342.0000000000 	 0.0000193939 	 1.0081902931 	 0.0000000189 	 -0.0000000001 
342.5000000000 	 0.0000106466 	 1.0083373422 	 0.0000000104 	 -0.0000000001 
343.0000000000 	 0.0000027653 	 1.0081141038 	 0.0000000027 	 -0.0000000000 
343.5000000000 	 -0.0000053560 	 1.0078322267 	 -0.0000000052 	 -0.0000000000 
344.0000000000 	 -0.0000130671 	 1.0074823563 	 -0.0000000127 	 0.0000000001 
344.5000000000 	 -0.0000200254 	 1.0067301332 	 -0.0000000195 	 0.0000000000 
345.0000000000 	 -0.0000260144 	 1.0065871244 	 -0.0000000253 	 0.0000000000 
345.5000000000 	 -0.0000311509 	 1.0055563317 	 -0.0000000303 	 -0.0000000002 
346.0000000000 	 -0.0000360827 	 1.0053579519 	 -0.0000000351 	 -0.0000000000 
346.5000000000 	 -0.0000406259 	 1.0053798190 	 -0.0000000395 	 0.0000000001 
347.0000000000 	 -0.0000446585 	 1.0052830206 	 -0.0000000435 	 0.0000000002 
347.5000000000 	 -0.0000482116 	 1.0050769173 	 -0.0000000469 	 0.0000000002 
348.0000000000 	 -0.0000512741 	 1.0052881491 	 -0.0000000499 	 0.0000000001 
348.5000000000 	 -0.0000536100 	 1.0058516420 	 -0.0000000522 	 -0.0000000001 
349.0000000000 	 -0.0000562914 	 1.0060599187 	 -0.0000000548 	 0.0000000001 
349.5000000000 	 -0.0000583291 	 1.0060171931 	 -0.0000000568 	 0.0000000002 
350.0000000000 	 -0.0000598952 	 1.0055931349 	 -0.0000000583 	 -0.0000000001 
350.5000000000 	 -0.0000609027 	 1.0055054789 	 -0.0000000593 	 -0.0000000002 
351.0000000000 	 -0.0000618909 	 1.0055497931 	 -0.0000000602 	 -0.0000000001 
351.5000000000 	 -0.0000630423 	 1.0054777190 	 -0.0000000613 	 0.0000000000 
352.0000000000 	 -0.0000642511 	 1.0053524847 	 -0.0000000625 	 0.0000000001 
352.5000000000 	 -0.0000645824 	 1.0049755391 	 -0.0000000628 	 0.0000000002 
353.0000000000 	 -0.0000654801 	 1.0052055928 	 -0.0000000637 	 -0.0000000000 
353.5000000000 	 -0.0000662350 	 1.0049554246 	 -0.0000000645 	 -0.0000000002 
354.0000000000 	 -0.0000664293 	 1.0047424987 	 -0.0000000646 	 -0.0000000002 
354.5000000000 	 -0.0000664717 	 1.0038056899 	 -0.0000000647 	 -0.0000000002 
355.0000000000 	 -0.0000664988 	 1.0045204134 	 -0.0000000647 	 -0.0000000002 
355.5000000000 	 -0.0000670527 	 1.0039908391 	 -0.0000000653 	 -0.0000000000 
356.0000000000 	 -0.0000678266 	 1.0032445451 	 -0.0000000660 	 0.0000000002 
356.5000000000 	 -0.0000686836 	 1.0049422301 	 -0.0000000668 	 0.0000000001 
357.0000000000 	 -0.0000690987 	 1.0052841193 	 -0.0000000672 	 0.0000000002 
357.5000000000 	 -0.0000690999 	 1.0047076900 	 -0.0000000672 	 -0.0000000001 
358.0000000000 	 -0.0000700556 	 1.0048592127 	 -0.0000000682 	 -0.0000000001 
358.5000000000 	 -0.0000706119 	 1.0043925456 	 -0.0000000687 	 -0.0000000001 
359.0000000000 	 -0.0000709481 	 1.0048759298 	 -0.0000000690 	 -0.0000000001 
359.5000000000 	 -0.0000712402 	 1.0045987872 	 -0.0000000693 	 -0.0000000000 
360.0000000000 	 -0.0000713285 	 1.0045415403 	 -0.0000000694 	 -0.0000000001 
360.5000000000 	 -0.0000716875 	 1.0047973617 	 -0.0000000698 	 -0.0000000000 
361.0000000000 	 -0.0000720092 	 1.0052667623 	 -0.0000000701 	 0.0000000000 
361.5000000000 	 -0.0000721780 	 1.0052494492 	 -0.0000000702 	 0.0000000000 
362.0000000000 	 -0.0000721125 	 1.0051624273 	 -0.0000000702 	 0.0000000002 
362.5000000000 	 -0.0000718131 	 1.0050600136 	 -0.0000000699 	 0.0000000002 
363.0000000000 	 -0.0000710732 	 1.0045067436 	 -0.0000000692 	 0.0000000001 
363.5000000000 	 -0.0000700421 	 1.0042540305 	 -0.0000000682 	 0.0000000002 
364.0000000000 	 -0.0000690470 	 1.0040222499 	 -0.0000000672 	 0.0000000002 
364.5000000000 	 -0.0000678905 	 1.0036846023 	 -0.0000000661 	 0.0000000002 
365.0000000000 	 -0.0000664304 	 1.0039836504 	 -0.0000000646 	 0.0000000002 
365.5000000000 	 -0.0000647422 	 1.0040063949 	 -0.0000000630 	 0.0000000002 
366.0000000000 	 -0.0000628418 	 1.0040686929 	 -0.0000000612 	 0.0000000003 
366.5000000000 	 -0.0000606941 	 1.0039389203 	 -0.0000000591 	 0.0000000006 
367.0000000000 	 -0.0000582257 	 1.0037597503 	 -0.0000000567 	 0.0000000007 
367.5000000000 	 -0.0000556152 	 1.0035557576 	 -0.0000000541 	 0.0000000009 
368.0000000000 	 -0.0000526771 	 1.0027990586 	 -0.0000000513 	 0.0000000009 
368.5000000000 	 -0.0000490691 	 1.0022893008 	 -0.0000000477 	 0.0000000010 
369.0000000000 	 -0.0000453497 	 1.0024160879 	 -0.0000000441 	 0.0000000008 
369.5000000000 	 -0.0000414315 	 1.0026321746 	 -0.0000000403 	 0.0000000007 
370.0000000000 	 -0.0000372240 	 1.0031927957 	 -0.0000000362 	 0.0000000008 
370.5000000000 	 -0.0000331829 	 1.0033936597 	 -0.0000000323 	 0.0000000006 
371.0000000000 	 -0.0000290466 	 1.0030965457 	 -0.0000000283 	 0.0000000004 
371.5000000000 	 -0.0000247783 	 1.0030789228 	 -0.0000000241 	 0.0000000002 
372.0000000000 	 -0.0000201512 	 1.0030679759 	 -0.0000000196 	 0.0000000003 
372.5000000000 	 -0.0000155458 	 1.0027653236 	 -0.0000000151 	 0.0000000004 
373.0000000000 	 -0.0000110454 	 1.0021931311 	 -0.0000000107 	 0.0000000004 
373.5000000000 	 -0.0000065928 	 1.0016477528 	 -0.0000000064 	 0.0000000004 
374.0000000000 	 -0.0000021880 	 1.0020011395 	 -0.0000000021 	 0.0000000004 
374.5000000000 	 0.0000025224 	 1.0019410297 	 0.0000000025 	 0.0000000003 
375.0000000000 	 0.0000071000 	 1.0023079132 	 0.0000000069 	 0.0000000002 
375.5000000000 	 0.0000115680 	 1.0028182739 	 0.0000000113 	 0.0000000000 
376.0000000000 	 0.0000156875 	 1.0031062858 	 0.0000000153 	 -0.0000000000 
376.5000000000 	 0.0000196369 	 1.0031769991 	 0.0000000191 	 0.0000000000 
377.0000000000 	 0.0000235642 	 1.0030371374 	 0.0000000230 	 0.0000000002 
377.5000000000 	 0.0000271820 	 1.0027227497 	 0.0000000265 	 0.0000000002 
378.0000000000 	 0.0000305888 	 1.0027616094 	 0.0000000298 	 0.0000000002 
378.5000000000 	 0.0000336851 	 1.0025674690 	 0.0000000328 	 0.0000000003 
379.0000000000 	 0.0000365981 	 1.0021523770 	 0.0000000356 	 0.0000000002 
379.5000000000 	 0.0000391289 	 1.0026895382 	 0.0000000381 	 0.0000000001 
380.0000000000 	 0.0000412021 	 1.0032013368 	 0.0000000401 	 -0.0000000002 
380.5000000000 	 0.0000430037 	 1.0030802193 	 0.0000000419 	 -0.0000000001 
381.0000000000 	 0.0000447868 	 1.0028682778 	 0.0000000436 	 -0.0000000002 
381.5000000000 	 0.0000461832 	 1.0033899941 	 0.0000000450 	 -0.0000000000 
382.0000000000 	 0.0000471921 	 1.0026424586 	 0.0000000459 	 0.0000000002 
382.5000000000 	 0.0000479546 	 1.0025583621 	 0.0000000467 	 0.0000000003 
383.0000000000 	 0.0000483754 	 1.0029794253 	 0.0000000471 	 0.0000000002 
383.5000000000 	 0.0000485945 	 1.0029700878 	 0.0000000473 	 0.0000000001 
384.0000000000 	 0.0000485570 	 1.0028113166 	 0.0000000473 	 -0.0000000000 
384.5000000000 	 0.0000482075 	 1.0024966745 	 0.0000000469 	 -0.0000000001 
385.0000000000 	 0.0000475972 	 1.0019641403 	 0.0000000463 	 -0.0000000002 
385.5000000000 	 0.0000467762 	 1.0021536072 	 0.0000000455 	 -0.0000000002 
386.0000000000 	 0.0000458463 	 1.0016220178 	 0.0000000446 	 -0.0000000001 
386.5000000000 	 0.0000446822 	 1.0014105461 	 0.0000000435 	 0.0000000000 
387.0000000000 	 0.0000432612 	 1.0009004940 	 0.0000000421 	 0.0000000000 
387.5000000000 	 0.0000417163 	 1.0010727268 	 0.0000000406 	 -0.0000000000 
388.0000000000 	 0.0000400540 	 1.0013400186 	 0.0000000390 	 -0.0000000002 
388.5000000000 	 0.0000383477 	 1.0016781639 	 0.0000000373 	 -0.0000000002 
389.0000000000 	 0.0000365146 	 1.0017528541 	 0.0000000356 	 -0.0000000002 
389.5000000000 	 0.0000346428 	 1.0020262392 	 0.0000000337 	 -0.0000000001 
390.0000000000 	 0.0000327827 	 1.0017243957 	 0.0000000319 	 -0.0000000001 
390.5000000000 	 0.0000309295 	 1.0016400102 	 0.0000000301 	 -0.0000000001 
391.0000000000 	 0.0000290192 	 1.0009105586 	 0.0000000283 	 -0.0000000000 
391.5000000000 	 0.0000269935 	 1.0014950230 	 0.0000000263 	 0.0000000000 
392.0000000000 	 0.0000250354 	 1.0014922763 	 0.0000000244 	 0.0000000000 
392.5000000000 	 0.0000231063 	 1.0010204211 	 0.0000000225 	 0.0000000000 
393.0000000000 	 0.0000212270 	 1.0016295175 	 0.0000000207 	 -0.0000000000 
393.5000000000 	 0.0000194499 	 1.0016247086 	 0.0000000189 	 -0.0000000001 
394.0000000000 	 0.0000177444 	 1.0012450383 	 0.0000000173 	 -0.0000000001 
394.5000000000 	 0.0000161015 	 1.0018619324 	 0.0000000157 	 -0.0000000001 
395.0000000000 	 0.0000144945 	 1.0025874631 	 0.0000000141 	 -0.0000000001 
395.5000000000 	 0.0000129941 	 1.0027142467 	 0.0000000127 	 -0.0000000000 
396.0000000000 	 0.0000115566 	 1.0025896309 	 0.0000000113 	 0.0000000000 
396.5000000000 	 0.0000102451 	 1.0019690768 	 0.0000000100 	 -0.0000000000 
397.0000000000 	 0.0000089624 	 1.0024424366 	 0.0000000087 	 -0.0000000000 
397.5000000000 	 0.0000077250 	 1.0023636628 	 0.0000000075 	 -0.0000000000 
398.0000000000 	 0.0000066128 	 1.0019571125 	 0.0000000065 	 -0.0000000001 
398.5000000000 	 0.0000055557 	 1.0016155287 	 0.0000000054 	 -0.0000000001 
399.0000000000 	 0.0000045630 	 1.0009138682 	 0.0000000045 	 -0.0000000001 
399.5000000000 	 0.0000036896 	 1.0010098200 	 0.0000000036 	 -0.0000000001 
400.0000000000 	 0.0000027020 	 1.0005058234 	 0.0000000026 	 -0.0000000000 
400.5000000000 	 0.0000017560 	 0.9995454437 	 0.0000000017 	 0.0000000001 
401.0000000000 	 0.0000008140 	 1.0008242973 	 0.0000000008 	 -0.0000000000 
401.5000000000 	 0.0000000149 	 1.0009400251 	 0.0000000000 	 -0.0000000001 
402.0000000000 	 -0.0000008273 	 1.0011940415 	 -0.0000000008 	 -0.0000000003 
402.5000000000 	 -0.0000017840 	 1.0013017961 	 -0.0000000017 	 -0.0000000002 
403.0000000000 	 -0.0000025544 	 1.0005804157 	 -0.0000000025 	 -0.0000000003 
403.5000000000 	 -0.0000034276 	 1.0003103896 	 -0.0000000033 	 -0.0000000002 
404.0000000000 	 -0.0000041457 	 1.0001635022 	 -0.0000000040 	 -0.0000000002 
404.5000000000 	 -0.0000050483 	 0.9996573431 	 -0.0000000049 	 -0.0000000001 
405.0000000000 	 -0.0000059401 	 0.9996391023 	 -0.0000000058 	 -0.0000000001 
405.5000000000 	 -0.0000068663 	 0.9995616672 	 -0.0000000067 	 -0.0000000003 
406.0000000000 	 -0.0000078760 	 0.9994326659 	 -0.0000000077 	 -0.0000000002 
406.5000000000 	 -0.0000089086 	 1.0005191863 	 -0.0000000087 	 -0.0000000002 
407.0000000000 	 -0.0000098136 	 1.0009313991 	 -0.0000000095 	 -0.0000000002 
407.5000000000 	 -0.0000106645 	 1.0008891689 	 -0.0000000104 	 -0.0000000001 
408.0000000000 	 -0.0000114125 	 1.0009823914 	 -0.0000000111 	 -0.0000000001 
408.5000000000 	 -0.0000123829 	 1.0006721739 	 -0.0000000120 	 -0.0000000001 
409.0000000000 	 -0.0000133144 	 1.0003154804 	 -0.0000000129 	 -0.0000000000 
409.5000000000 	 -0.0000142274 	 0.9996268503 	 -0.0000000138 	 -0.0000000000 
410.0000000000 	 -0.0000151092 	 0.9993037492 	 -0.0000000147 	 0.0000000000 
410.5000000000 	 -0.0000160570 	 1.0000077278 	 -0.0000000156 	 0.0000000001 
411.0000000000 	 -0.0000169309 	 0.9998548899 	 -0.0000000165 	 0.0000000002 
411.5000000000 	 -0.0000176362 	 0.9997917339 	 -0.0000000172 	 0.0000000002 
412.0000000000 	 -0.0000185172 	 1.0008628199 	 -0.0000000180 	 0.0000000002 
412.5000000000 	 -0.0000192724 	 1.0009876443 	 -0.0000000187 	 0.0000000002 
413.0000000000 	 -0.0000198772 	 1.0007959194 	 -0.0000000193 	 0.0000000001 
413.5000000000 	 -0.0000203944 	 1.0005736816 	 -0.0000000198 	 0.0000000001 
414.0000000000 	 -0.0000208500 	 1.0001359161 	 -0.0000000203 	 -0.0000000000 
414.5000000000 	 -0.0000212453 	 0.9997378055 	 -0.0000000207 	 -0.0000000000 
415.0000000000 	 -0.0000216059 	 0.9999610241 	 -0.0000000210 	 0.0000000000 
415.5000000000 	 -0.0000218944 	 1.0001023709 	 -0.0000000213 	 0.0000000001 
416.0000000000 	 -0.0000220631 	 0.9999476491 	 -0.0000000215 	 0.0000000001 
416.5000000000 	 -0.0000220970 	 1.0005029284 	 -0.0000000215 	 0.0000000001 
417.0000000000 	 -0.0000220361 	 1.0004701758 	 -0.0000000214 	 0.0000000002 
417.5000000000 	 -0.0000218438 	 1.0000426294 	 -0.0000000212 	 0.0000000002 
418.0000000000 	 -0.0000215070 	 1.0003502145 	 -0.0000000209 	 0.0000000001 
418.5000000000 	 -0.0000210941 	 0.9997492730 	 -0.0000000205 	 0.0000000001 
419.0000000000 	 -0.0000205951 	 0.9996198675 	 -0.0000000200 	 0.0000000001 
419.5000000000 	 -0.0000199837 	 0.9992647058 	 -0.0000000194 	 0.0000000001 
420.0000000000 	 -0.0000193572 	 0.9988690732 	 -0.0000000188 	 0.0000000001 
420.5000000000 	 -0.0000186492 	 0.9988530191 	 -0.0000000181 	 0.0000000001 
421.0000000000 	 -0.0000178416 	 0.9990070867 	 -0.0000000174 	 0.0000000001 
421.5000000000 	 -0.0000169486 	 0.9991126238 	 -0.0000000165 	 0.0000000002 
422.0000000000 	 -0.0000159560 	 0.9989338905 	 -0.0000000155 	 0.0000000002 
422.5000000000 	 -0.0000147944 	 0.9987748318 	 -0.0000000144 	 0.0000000002 
423.0000000000 	 -0.0000137106 	 0.9988935473 	 -0.0000000133 	 0.0000000001 
423.5000000000 	 -0.0000126065 	 0.9982489596 	 -0.0000000123 	 0.0000000001 
424.0000000000 	 -0.0000114073 	 0.9987632506 	 -0.0000000111 	 0.0000000001 
424.5000000000 	 -0.0000102246 	 0.9987593698 	 -0.0000000099 	 0.0000000000 
425.0000000000 	 -0.0000089808 	 0.9983629809 	 -0.0000000087 	 0.0000000000 
425.5000000000 	 -0.0000077168 	 0.9986984984 	 -0.0000000075 	 0.0000000001 
426.0000000000 	 -0.0000064742 	 0.9992980124 	 -0.0000000063 	 0.0000000001 
426.5000000000 	 -0.0000052650 	 0.9992322068 	 -0.0000000051 	 0.0000000001 
427.0000000000 	 -0.0000040534 	 0.9995368621 	 -0.0000000039 	 0.0000000001 
427.5000000000 	 -0.0000029005 	 0.9997008320 	 -0.0000000028 	 0.0000000000 
428.0000000000 	 -0.0000017480 	 0.9996732109 	 -0.0000000017 	 0.0000000000 
428.5000000000 	 -0.0000006171 	 0.9992806831 	 -0.0000000006 	 -0.0000000000 
429.0000000000 	 0.0000004357 	 0.9998951712 	 0.0000000004 	 -0.0000000001 
429.5000000000 	 0.0000014271 	 0.9997202094 	 0.0000000014 	 -0.0000000000 
430.0000000000 	 0.0000023555 	 0.9996788126 	 0.0000000023 	 -0.0000000000 
430.5000000000 	 0.0000032469 	 0.9996587944 	 0.0000000032 	 0.0000000000 
431.0000000000 	 0.0000040438 	 0.9998018484 	 0.0000000040 	 0.0000000000 
431.5000000000 	 0.0000048209 	 0.9995592641 	 0.0000000047 	 0.0000000000 
432.0000000000 	 0.0000054938 	 0.9995252253 	 0.0000000054 	 -0.0000000000 
432.5000000000 	 0.0000061404 	 0.9995953462 	 0.0000000060 	 -0.0000000001 
433.0000000000 	 0.0000066744 	 0.9989787228 	 0.0000000065 	 -0.0000000001 
433.5000000000 	 0.0000071029 	 0.9992956912 	 0.0000000069 	 -0.0000000001 
434.0000000000 	 0.0000075554 	 0.9998824379 	 0.0000000074 	 -0.0000000000 
434.5000000000 	 0.0000080060 	 1.0000065537 	 0.0000000078 	 -0.0000000000 
435.0000000000 	 0.0000083295 	 0.9996962830 	 0.0000000081 	 0.0000000000 
435.5000000000 	 0.0000085705 	 0.9998503688 	 0.0000000084 	 -0.0000000000 
436.0000000000 	 0.0000087586 	 0.9996557738 	 0.0000000085 	 -0.0000000000 
436.5000000000 	 0.0000089200 	 0.9992477800 	 0.0000000087 	 -0.0000000000 
437.0000000000 	 0.0000090287 	 0.9992448743 	 0.0000000088 	 -0.0000000000 
437.5000000000 	 0.0000090610 	 0.9993655955 	 0.0000000088 	 0.0000000000 
438.0000000000 	 0.0000090486 	 0.9993371627 	 0.0000000088 	 0.0000000000 
438.5000000000 	 0.0000090033 	 0.9991952408 	 0.0000000088 	 0.0000000000 
439.0000000000 	 0.0000089414 	 0.9991075054 	 0.0000000087 	 0.0000000000 
439.5000000000 	 0.0000088579 	 0.9987619433 	 0.0000000086 	 0.0000000001 
440.0000000000 	 0.0000087635 	 0.9986252581 	 0.0000000085 	 0.0000000001 
440.5000000000 	 0.0000086453 	 0.9995511334 	 0.0000000084 	 0.0000000001 
441.0000000000 	 0.0000085007 	 0.9994465931 	 0.0000000083 	 0.0000000001 
441.5000000000 	 0.0000083403 	 0.9995524589 	 0.0000000081 	 0.0000000001 
442.0000000000 	 0.0000081739 	 0.9988334388 	 0.0000000080 	 0.0000000000 
442.5000000000 	 0.0000079698 	 0.9991943634 	 0.0000000078 	 0.0000000000 
443.0000000000 	 0.0000077976 	 0.9995107823 	 0.0000000076 	 0.0000000000 
443.5000000000 	 0.0000076122 	 1.0001457288 	 0.0000000074 	 0.0000000000 
444.0000000000 	 0.0000074561 	 1.0001011709 	 0.0000000073 	 0.0000000000 
444.5000000000 	 0.0000072857 	 1.0003545988 	 0.0000000071 	 0.0000000000 
445.0000000000 	 0.0000071017 	 1.0000616964 	 0.0000000069 	 0.0000000000 
445.5000000000 	 0.0000069362 	 0.9995847663 	 0.0000000068 	 0.0000000000 
446.0000000000 	 0.0000067501 	 0.9988222510 	 0.0000000066 	 0.0000000000 
446.5000000000 	 0.0000065501 	 0.9985427264 	 0.0000000064 	 0.0000000000 
447.0000000000 	 0.0000063379 	 0.9991780156 	 0.0000000062 	 0.0000000000 
447.5000000000 	 0.0000061630 	 0.9992356767 	 0.0000000060 	 -0.0000000000 
448.0000000000 	 0.0000059962 	 0.9996906432 	 0.0000000059 	 -0.0000000000 
448.5000000000 	 0.0000058482 	 0.9995985019 	 0.0000000057 	 -0.0000000000 
449.0000000000 	 0.0000056987 	 0.9994419963 	 0.0000000056 	 -0.0000000000 
449.5000000000 	 0.0000055244 	 0.9999413066 	 0.0000000054 	 -0.0000000000 
450.0000000000 	 0.0000053663 	 0.9999726635 	 0.0000000052 	 -0.0000000000 
450.5000000000 	 0.0000051963 	 0.9995563522 	 0.0000000051 	 -0.0000000000 
451.0000000000 	 0.0000050249 	 0.9992445785 	 0.0000000049 	 -0.0000000001 
451.5000000000 	 0.0000048232 	 0.9995268759 	 0.0000000047 	 -0.0000000001 
452.0000000000 	 0.0000046219 	 0.9991886912 	 0.0000000045 	 -0.0000000001 
452.5000000000 	 0.0000043931 	 0.9988473262 	 0.0000000043 	 -0.0000000001 
453.0000000000 	 0.0000041500 	 0.9986662623 	 0.0000000041 	 -0.0000000001 
453.5000000000 	 0.0000038962 	 0.9990999577 	 0.0000000038 	 -0.0000000001 
454.0000000000 	 0.0000036322 	 0.9997362335 	 0.0000000036 	 -0.0000000001 
454.5000000000 	 0.0000033493 	 0.9996905003 	 0.0000000033 	 -0.0000000001 
455.0000000000 	 0.0000030471 	 0.9994018800 	 0.0000000030 	 -0.0000000001 
455.5000000000 	 0.0000027255 	 0.9993982680 	 0.0000000027 	 -0.0000000001 
456.0000000000 	 0.0000023955 	 0.9995275678 	 0.0000000023 	 -0.0000000001 
456.5000000000 	 0.0000020488 	 0.9990470410 	 0.0000000020 	 -0.0000000000 
457.0000000000 	 0.0000016925 	 0.9986090692 	 0.0000000017 	 -0.0000000000 
457.5000000000 	 0.0000013068 	 0.9987405146 	 0.0000000013 	 -0.0000000001 
458.0000000000 	 0.0000009229 	 0.9990310338 	 0.0000000009 	 -0.0000000001 
458.5000000000 	 0.0000005399 	 0.9992323169 	 0.0000000005 	 -0.0000000001 
459.0000000000 	 0.0000001553 	 0.9991302632 	 0.0000000002 	 -0.0000000001 
459.5000000000 	 -0.0000002099 	 0.9996664312 	 -0.0000000002 	 -0.0000000001 
460.0000000000 	 -0.0000006122 	 0.9995717135 	 -0.0000000006 	 -0.0000000001 
460.5000000000 	 -0.0000010145 	 0.9994357068 	 -0.0000000010 	 -0.0000000000 
461.0000000000 	 -0.0000014115 	 0.9993229649 	 -0.0000000014 	 -0.0000000000 
461.5000000000 	 -0.0000018122 	 0.9992320421 	 -0.0000000017 	 -0.0000000000 
462.0000000000 	 -0.0000022078 	 0.9996017043 	 -0.0000000021 	 -0.0000000001 
462.5000000000 	 -0.0000026163 	 0.9999596058 	 -0.0000000025 	 -0.0000000001 
463.0000000000 	 -0.0000030091 	 1.0001271584 	 -0.0000000029 	 -0.0000000001 
463.5000000000 	 -0.0000033569 	 1.0001505693 	 -0.0000000033 	 -0.0000000000 
464.0000000000 	 -0.0000036738 	 1.0004662049 	 -0.0000000036 	 -0.0000000000 
464.5000000000 	 -0.0000039802 	 1.0002244710 	 -0.0000000039 	 -0.0000000000 
465.0000000000 	 -0.0000042692 	 0.9996435319 	 -0.0000000041 	 -0.0000000000 
465.5000000000 	 -0.0000045319 	 1.0002722986 	 -0.0000000044 	 -0.0000000000 
466.0000000000 	 -0.0000047879 	 1.0003794247 	 -0.0000000046 	 -0.0000000000 
466.5000000000 	 -0.0000050119 	 1.0005883688 	 -0.0000000049 	 -0.0000000000 
467.0000000000 	 -0.0000052230 	 1.0006240557 	 -0.0000000051 	 -0.0000000000 
467.5000000000 	 -0.0000053827 	 1.0002516202 	 -0.0000000052 	 0.0000000000 
468.0000000000 	 -0.0000055028 	 0.9994382776 	 -0.0000000053 	 0.0000000000 
468.5000000000 	 -0.0000055942 	 0.9996422707 	 -0.0000000054 	 0.0000000001 
469.0000000000 	 -0.0000056622 	 0.9993735141 	 -0.0000000055 	 0.0000000000 
469.5000000000 	 -0.0000056843 	 0.9995718804 	 -0.0000000055 	 0.0000000000 
470.0000000000 	 -0.0000057053 	 0.9994696563 	 -0.0000000055 	 0.0000000000 
470.5000000000 	 -0.0000056909 	 0.9990902557 	 -0.0000000055 	 0.0000000000 
471.0000000000 	 -0.0000056370 	 0.9993924296 	 -0.0000000055 	 0.0000000000 
471.5000000000 	 -0.0000055645 	 0.9994732440 	 -0.0000000054 	 0.0000000000 
472.0000000000 	 -0.0000054736 	 0.9991812534 	 -0.0000000053 	 0.0000000000 
472.5000000000 	 -0.0000053543 	 0.9991406702 	 -0.0000000052 	 0.0000000001 
473.0000000000 	 -0.0000052226 	 0.9988852311 	 -0.0000000051 	 0.0000000001 
473.5000000000 	 -0.0000050524 	 0.9991586435 	 -0.0000000049 	 0.0000000001 
474.0000000000 	 -0.0000048574 	 0.9992174009 	 -0.0000000047 	 0.0000000001 
474.5000000000 	 -0.0000046424 	 0.9986116147 	 -0.0000000045 	 0.0000000000 
475.0000000000 	 -0.0000044207 	 0.9989243135 	 -0.0000000043 	 0.0000000000 
475.5000000000 	 -0.0000041885 	 0.9983596000 	 -0.0000000041 	 0.0000000000 
476.0000000000 	 -0.0000039416 	 0.9987251674 	 -0.0000000038 	 0.0000000000 
476.5000000000 	 -0.0000036894 	 0.9992090002 	 -0.0000000036 	 0.0000000000 
477.0000000000 	 -0.0000034327 	 0.9989752425 	 -0.0000000033 	 0.0000000000 
477.5000000000 	 -0.0000031748 	 0.9993716769 	 -0.0000000031 	 0.0000000000 
478.0000000000 	 -0.0000029189 	 0.9993351619 	 -0.0000000028 	 0.0000000000 
478.5000000000 	 -0.0000026646 	 0.9995123611 	 -0.0000000026 	 0.0000000000 
479.0000000000 	 -0.0000024220 	 0.9994022289 	 -0.0000000023 	 0.0000000000 
479.5000000000 	 -0.0000021769 	 0.9991669818 	 -0.0000000021 	 0.0000000000 
480.0000000000 	 -0.0000019315 	 0.9998817797 	 -0.0000000019 	 0.0000000000 
480.5000000000 	 -0.0000016907 	 0.9998267567 	 -0.0000000016 	 0.0000000000 
481.0000000000 	 -0.0000014587 	 0.9996612904 	 -0.0000000014 	 0.0000000000 
481.5000000000 	 -0.0000012292 	 0.9998285415 	 -0.0000000012 	 0.0000000000 
482.0000000000 	 -0.0000010103 	 0.9992559738 	 -0.0000000010 	 0.0000000000 
482.5000000000 	 -0.0000008072 	 0.9988932934 	 -0.0000000008 	 0.0000000000 
483.0000000000 	 -0.0000006101 	 0.9996693981 	 -0.0000000006 	 0.0000000000 
483.5000000000 	 -0.0000004142 	 0.9994137797 	 -0.0000000004 	 -0.0000000000 
484.0000000000 	 -0.0000002296 	 0.9997672367 	 -0.0000000002 	 -0.0000000000 
484.5000000000 	 -0.0000000727 	 0.9998699678 	 -0.0000000001 	 -0.0000000000 
485.0000000000 	 0.0000000668 	 0.9998085112 	 0.0000000001 	 0.0000000000 
485.5000000000 	 0.0000001966 	 0.9997734513 	 0.0000000002 	 0.0000000000 
486.0000000000 	 0.0000003180 	 1.0001232447 	 0.0000000003 	 0.0000000000 
486.5000000000 	 0.0000004322 	 0.9997781044 	 0.0000000004 	 0.0000000000 
487.0000000000 	 0.0000005385 	 0.9994150013 	 0.0000000005 	 0.0000000000 
487.5000000000 	 0.0000006437 	 0.9991197990 	 0.0000000006 	 0.0000000000 
488.0000000000 	 0.0000007358 	 0.9993904311 	 0.0000000007 	 0.0000000000 
488.5000000000 	 0.0000008183 	 0.9991762682 	 0.0000000008 	 0.0000000000 
489.0000000000 	 0.0000009089 	 0.9990187437 	 0.0000000009 	 0.0000000000 
489.5000000000 	 0.0000009705 	 1.0000103268 	 0.0000000010 	 0.0000000000 
490.0000000000 	 0.0000010335 	 0.9997733222 	 0.0000000010 	 0.0000000000 
490.5000000000 	 0.0000010961 	 0.9999193369 	 0.0000000011 	 0.0000000000 
491.0000000000 	 0.0000011710 	 0.9999671669 	 0.0000000012 	 0.0000000000 
491.5000000000 	 0.0000012418 	 0.9994395927 	 0.0000000012 	 0.0000000000 
492.0000000000 	 0.0000013069 	 0.9988135462 	 0.0000000013 	 0.0000000000 
492.5000000000 	 0.0000013604 	 0.9985642709 	 0.0000000013 	 0.0000000000 
493.0000000000 	 0.0000014070 	 0.9989506040 	 0.0000000014 	 0.0000000000 
493.5000000000 	 0.0000014433 	 0.9987445196 	 0.0000000014 	 0.0000000000 
494.0000000000 	 0.0000014751 	 0.9989223252 	 0.0000000015 	 0.0000000000 
494.5000000000 	 0.0000015175 	 0.9991047855 	 0.0000000015 	 0.0000000000 
495.0000000000 	 0.0000015619 	 0.9990281143 	 0.0000000015 	 0.0000000000 
495.5000000000 	 0.0000016010 	 0.9993383766 	 0.0000000016 	 0.0000000000 
496.0000000000 	 0.0000016322 	 0.9989483020 	 0.0000000016 	 0.0000000000 
496.5000000000 	 0.0000016787 	 0.9982963293 	 0.0000000016 	 0.0000000000 
497.0000000000 	 0.0000017224 	 0.9982819691 	 0.0000000017 	 0.0000000000 
497.5000000000 	 0.0000017659 	 0.9983726637 	 0.0000000017 	 0.0000000000 
498.0000000000 	 0.0000018063 	 0.9982259657 	 0.0000000018 	 0.0000000000 
498.5000000000 	 0.0000018428 	 0.9980357333 	 0.0000000018 	 0.0000000000 
499.0000000000 	 0.0000018748 	 0.9984034963 	 0.0000000018 	 0.0000000000 
499.5000000000 	 0.0000019016 	 0.9983595335 	 0.0000000019 	 0.0000000000 
