##input
##{
##time_step=0.5;
##time_end = 900;
##Gamma_l =0.50;
##Gamma_m =0.50;
##Gamma_r =0.50;
##Nbin =2;
##svdcutoff = 1E-7;
##maxnumberofSV = 5000;
##feedback_time = 10; //ATTENTION avoid feedback 2, avoid feedback times uneven
##init_000 = 0.; 
##init_001 = 0.0; 
##init_010 = 0.0; 
##init_011 = 0.; 
##init_100 = 0.0; 
##init_101 = 0.; 
##init_110 = 0.; 
##init_111 = 1.; 
##phi_l = 0.050;  // as multiple of pi
##phi_m = -0.05;  // as multiple of pi
##phi_r = 1.95;  // as multiple of pi
##}
##// =ATTENTION feedback counts between left and right, middle is half the feedback, effective first feedback effect after fb/2
##// =ATTENTION exclude feedback time of 2, i.e. no distance between left - middle - right bin
##// =ATTENTION exclude uneven feedback times of 2n+1, i.e. asymmetric swap necessary between left - middle - right bin
##// =ATTENTION exclude complex valued initial states, not yet implemented
##
##// 1./sqrt(2.) = 0.70710678118
##// 1./sqrt(3.) = 0.57735027
0.0000000000 	0.0000000000 	0.0000000000 	0.0000000000 	0.0000000000 	0.0000000000 	0.0000000000 	0.0000000000 	1.0000000000 	1.0000000000 	
0.5000000000 	0.0121429101 	0.0406874917 	0.0406874917 	0.1363312842 	0.0406874917 	0.1363312842 	0.1363312842 	0.4568018181 	1.0000010559 	
1.0000000000 	0.0673530795 	0.0981879209 	0.0981879209 	0.1431389344 	0.0981879209 	0.1431389344 	0.1431389344 	0.2086679010 	1.0000015463 	
1.5000000000 	0.1602783327 	0.1347861647 	0.1347861447 	0.1133483632 	0.1347861689 	0.1133483594 	0.1133483651 	0.0953198766 	1.0000017752 	
2.0000000000 	0.2723418570 	0.1478135367 	0.1478135104 	0.0802257150 	0.1478135429 	0.0802257106 	0.0802257171 	0.0435422929 	1.0000018826 	
2.5000000000 	0.3875099803 	0.1440132439 	0.1440132204 	0.0535206800 	0.1440132514 	0.0535206768 	0.0535206820 	0.0198901986 	1.0000019333 	
3.0000000000 	0.4629034139 	0.1322301568 	0.1424007664 	0.0405914981 	0.1322301787 	0.0375544664 	0.0405915025 	0.0114999606 	1.0000019433 	
3.5000000000 	0.5156014265 	0.1187994214 	0.1378889251 	0.0366675455 	0.1187995207 	0.0262372878 	0.0366674083 	0.0093402646 	1.0000017998 	
4.0000000000 	0.5472311254 	0.1085652084 	0.1356881732 	0.0363232786 	0.1085667631 	0.0187383948 	0.0363223498 	0.0085663397 	1.0000016330 	
4.5000000000 	0.5656829284 	0.1020661255 	0.1351219214 	0.0367881349 	0.1020709627 	0.0136807793 	0.0367879061 	0.0078017562 	1.0000005146 	
5.0000000000 	0.5781447546 	0.0983640821 	0.1348379516 	0.0366810623 	0.0983613361 	0.0101889153 	0.0366835978 	0.0067385115 	1.0000002112 	
5.5000000000 	0.5591458492 	0.1114287053 	0.1456222276 	0.0320393014 	0.1114284389 	0.0058052525 	0.0320427607 	0.0024867995 	0.9999993350 	
6.0000000000 	0.5341628048 	0.1253021931 	0.1533732982 	0.0271362246 	0.1253034443 	0.0067870677 	0.0271378332 	0.0007947382 	0.9999976043 	
6.5000000000 	0.5200424813 	0.1339450544 	0.1563909945 	0.0230448282 	0.1339614316 	0.0093184653 	0.0230494679 	0.0002432041 	0.9999959273 	
7.0000000000 	0.5204982248 	0.1361928195 	0.1550949645 	0.0204025080 	0.1361998535 	0.0111167779 	0.0204055260 	0.0000837930 	0.9999944672 	
7.5000000000 	0.5327007753 	0.1331757243 	0.1511299121 	0.0192221230 	0.1331662485 	0.0113398098 	0.0192239922 	0.0000339898 	0.9999925751 	
8.0000000000 	0.5552382316 	0.1267541381 	0.1447939206 	0.0180627445 	0.1267566350 	0.0103049500 	0.0180592233 	0.0000211854 	0.9999910285 	
8.5000000000 	0.5843197911 	0.1185871409 	0.1377709942 	0.0159268428 	0.1185895474 	0.0088449678 	0.0159268021 	0.0000225284 	0.9999886148 	
9.0000000000 	0.6121638918 	0.1100545144 	0.1334979076 	0.0133353138 	0.1100507935 	0.0075194800 	0.0133378163 	0.0000275511 	0.9999872685 	
9.5000000000 	0.6342947745 	0.1021726275 	0.1334116094 	0.0106611262 	0.1021687436 	0.0065739170 	0.0106651127 	0.0000366556 	0.9999845664 	
10.0000000000 	0.6494975366 	0.0954535987 	0.1372154003 	0.0081591309 	0.0954501808 	0.0059898920 	0.0081604398 	0.0000551922 	0.9999813714 	
10.5000000000 	0.6570940187 	0.0909234257 	0.1427888109 	0.0062917337 	0.0909198486 	0.0055869438 	0.0062923319 	0.0000826304 	0.9999797437 	
11.0000000000 	0.6578108215 	0.0893050605 	0.1478454240 	0.0052013733 	0.0893050561 	0.0051919766 	0.0052032665 	0.0001149984 	0.9999779769 	
11.5000000000 	0.6553150970 	0.0896248987 	0.1513073780 	0.0045607797 	0.0896244195 	0.0048333259 	0.0045633623 	0.0001464385 	0.9999756995 	
12.0000000000 	0.6527207603 	0.0907167902 	0.1527707218 	0.0041432675 	0.0907172795 	0.0045946291 	0.0041455184 	0.0001643303 	0.9999732972 	
12.5000000000 	0.6521003567 	0.0916199740 	0.1523892447 	0.0037984761 	0.0916223572 	0.0044777188 	0.0038008306 	0.0001618202 	0.9999707783 	
13.0000000000 	0.6543005445 	0.0918355861 	0.1505567784 	0.0034450857 	0.0918395557 	0.0044009357 	0.0034486156 	0.0001406684 	0.9999677700 	
13.5000000000 	0.6591769526 	0.0913123379 	0.1476531969 	0.0030654837 	0.0913147106 	0.0042630062 	0.0030685754 	0.0001103490 	0.9999646122 	
14.0000000000 	0.6660236727 	0.0901778486 	0.1441201351 	0.0026795034 	0.0901804362 	0.0040182397 	0.0026822588 	0.0000804143 	0.9999625088 	
14.5000000000 	0.6738695617 	0.0886154081 	0.1404784037 	0.0023200842 	0.0886201296 	0.0036770074 	0.0023228821 	0.0000564530 	0.9999599298 	
15.0000000000 	0.6817878937 	0.0868232308 	0.1371715702 	0.0020093118 	0.0868287679 	0.0032836534 	0.0020120834 	0.0000399271 	0.9999564383 	
15.5000000000 	0.6889582875 	0.0850533635 	0.1344568415 	0.0017578076 	0.0850624314 	0.0028807782 	0.0017582942 	0.0000290394 	0.9999568433 	
16.0000000000 	0.6946440521 	0.0836287821 	0.1323857875 	0.0015630507 	0.0836416293 	0.0025060063 	0.0015634506 	0.0000219005 	0.9999546591 	
16.5000000000 	0.6984900463 	0.0827774656 	0.1308577804 	0.0014154729 	0.0827885771 	0.0021887844 	0.0014152173 	0.0000168962 	0.9999502402 	
17.0000000000 	0.7006525095 	0.0825233897 	0.1296913890 	0.0013003660 	0.0825298057 	0.0019352145 	0.0013008348 	0.0000128824 	0.9999463915 	
17.5000000000 	0.7016337078 	0.0827282378 	0.1286780848 	0.0012084121 	0.0827351485 	0.0017412064 	0.0012079270 	0.0000096625 	0.9999423870 	
18.0000000000 	0.7020502030 	0.0831699891 	0.1276794102 	0.0011295916 	0.0831769637 	0.0015963336 	0.0011293481 	0.0000071320 	0.9999389712 	
18.5000000000 	0.7024556563 	0.0836187389 	0.1266232431 	0.0010625042 	0.0836258856 	0.0014833163 	0.0010618571 	0.0000053119 	0.9999365134 	
19.0000000000 	0.7031791490 	0.0839073355 	0.1255418307 	0.0010010140 	0.0839128968 	0.0013862677 	0.0010007854 	0.0000041172 	0.9999333962 	
19.5000000000 	0.7043210440 	0.0839510852 	0.1245257257 	0.0009408648 	0.0839543162 	0.0012943440 	0.0009405601 	0.0000033349 	0.9999312749 	
20.0000000000 	0.7057989023 	0.0837353386 	0.1236935130 	0.0008794044 	0.0837408714 	0.0011999846 	0.0008784165 	0.0000028349 	0.9999292656 	
20.5000000000 	0.7074260060 	0.0833030917 	0.1231567238 	0.0008141056 	0.0833087945 	0.0011012129 	0.0008138922 	0.0000024317 	0.9999262585 	
21.0000000000 	0.7090042307 	0.0827286876 	0.1229622741 	0.0007465108 	0.0827315493 	0.0010018785 	0.0007469874 	0.0000021034 	0.9999242218 	
21.5000000000 	0.7103623781 	0.0820969726 	0.1230964811 	0.0006799049 	0.0821004774 	0.0009049669 	0.0006793799 	0.0000018425 	0.9999224034 	
22.0000000000 	0.7114326368 	0.0814838861 	0.1234654024 	0.0006158829 	0.0814908939 	0.0008141909 	0.0006154896 	0.0000015936 	0.9999199763 	
22.5000000000 	0.7122148566 	0.0809514016 	0.1239482541 	0.0005569090 	0.0809563295 	0.0007335982 	0.0005553651 	0.0000013443 	0.9999180585 	
23.0000000000 	0.7127972897 	0.0805086857 	0.1244241010 	0.0005033549 	0.0805145114 	0.0006651598 	0.0005016129 	0.0000010901 	0.9999158055 	
23.5000000000 	0.7132895525 	0.0801542406 	0.1247833051 	0.0004561397 	0.0801694358 	0.0006064497 	0.0004539002 	0.0000008765 	0.9999139001 	
24.0000000000 	0.7137910292 	0.0798788431 	0.1249654745 	0.0004147729 	0.0798915724 	0.0005573769 	0.0004122734 	0.0000006937 	0.9999120360 	
24.5000000000 	0.7143813285 	0.0796569822 	0.1249371813 	0.0003784631 	0.0796650522 	0.0005149137 	0.0003756640 	0.0000005403 	0.9999101253 	
25.0000000000 	0.7150649048 	0.0794710190 	0.1247223721 	0.0003458670 	0.0794818207 	0.0004777036 	0.0003435593 	0.0000004076 	0.9999076541 	
25.5000000000 	0.7158412715 	0.0793115662 	0.1243545777 	0.0003161464 	0.0793239072 	0.0004437725 	0.0003143022 	0.0000003020 	0.9999058456 	
26.0000000000 	0.7166724035 	0.0791820821 	0.1238691339 	0.0002894249 	0.0791952743 	0.0004116143 	0.0002875986 	0.0000002281 	0.9999077598 	
26.5000000000 	0.7174856767 	0.0790834661 	0.1233305764 	0.0002648343 	0.0790970802 	0.0003813440 	0.0002633752 	0.0000001734 	0.9999065264 	
27.0000000000 	0.7182410704 	0.0790183121 	0.1227781710 	0.0002424852 	0.0790318271 	0.0003522778 	0.0002411975 	0.0000001345 	0.9999054757 	
27.5000000000 	0.7189026087 	0.0789903608 	0.1222332698 	0.0002221026 	0.0790105282 	0.0003238002 	0.0002208905 	0.0000001028 	0.9999036635 	
28.0000000000 	0.7194471299 	0.0790064036 	0.1217260590 	0.0002035574 	0.0790200816 	0.0002968423 	0.0002025925 	0.0000000011 	0.9999026673 	
28.5000000000 	0.7198847224 	0.0790525799 	0.1212499582 	0.0001866920 	0.0790694791 	0.0002717676 	0.0001857961 	0.0000000008 	0.9999009961 	
29.0000000000 	0.7202298255 	0.0791203127 	0.1208254428 	0.0001715367 	0.0791330533 	0.0002489391 	0.0001707736 	0.0000000007 	0.9998998844 	
29.5000000000 	0.7205164667 	0.0791914078 	0.1204409439 	0.0001577224 	0.0792046402 	0.0002284665 	0.0001568524 	0.0000000005 	0.9998965004 	
30.0000000000 	0.7207657816 	0.0792580928 	0.1200930415 	0.0001453115 	0.0792783670 	0.0002099549 	0.0001444739 	0.0000000004 	0.9998950235 	
30.5000000000 	0.7209903391 	0.0793149009 	0.1197923263 	0.0001340139 	0.0793366267 	0.0001936883 	0.0001330529 	0.0000000003 	0.9998949484 	
31.0000000000 	0.7212136594 	0.0793469654 	0.1195423819 	0.0001234934 	0.0793668004 	0.0001787990 	0.0001225511 	0.0000000004 	0.9998946509 	
31.5000000000 	0.7214298776 	0.0793557910 	0.1193490245 	0.0001140847 	0.0793658767 	0.0001650579 	0.0001125051 	0.0000000001 	0.9998922176 	
32.0000000000 	0.7216508266 	0.0793391355 	0.1191915190 	0.0001046925 	0.0793497470 	0.0001520554 	0.0001033012 	0.0000000001 	0.9998912772 	
32.5000000000 	0.7218633349 	0.0793053936 	0.1190815315 	0.0000964101 	0.0793080941 	0.0001399172 	0.0000949865 	0.0000000000 	0.9998896679 	
33.0000000000 	0.7220490916 	0.0792590716 	0.1190108548 	0.0000882387 	0.0792648172 	0.0001289385 	0.0000872762 	0.0000000001 	0.9998882888 	
33.5000000000 	0.7222322986 	0.0791914625 	0.1189702974 	0.0000807650 	0.0792126383 	0.0001186749 	0.0000802196 	0.0000000001 	0.9998863563 	
34.0000000000 	0.7224178229 	0.0791370075 	0.1189219342 	0.0000740316 	0.0791513548 	0.0001087691 	0.0000737047 	0.0000000001 	0.9998846250 	
34.5000000000 	0.7225593311 	0.0790906640 	0.1188976081 	0.0000677993 	0.0791005702 	0.0000996849 	0.0000676726 	0.0000000000 	0.9998833302 	
35.0000000000 	0.7227580293 	0.0790274863 	0.1188329933 	0.0000618719 	0.0790486728 	0.0000912893 	0.0000622258 	0.0000000000 	0.9998825687 	
35.5000000000 	0.7229478179 	0.0789935574 	0.1187345775 	0.0000565807 	0.0790072771 	0.0000839790 	0.0000572323 	0.0000000001 	0.9998810220 	
36.0000000000 	0.7231306211 	0.0789590918 	0.1186338960 	0.0000517370 	0.0789744926 	0.0000769901 	0.0000526242 	0.0000000000 	0.9998794528 	
36.5000000000 	0.7233396954 	0.0789358020 	0.1184837002 	0.0000475572 	0.0789518864 	0.0000703946 	0.0000486089 	0.0000000001 	0.9998776448 	
37.0000000000 	0.7235616512 	0.0789259550 	0.1183056003 	0.0000435530 	0.0789301045 	0.0000645109 	0.0000447684 	0.0000000001 	0.9998761435 	
37.5000000000 	0.7237707915 	0.0789180740 	0.1181038078 	0.0000400670 	0.0789414074 	0.0000593489 	0.0000412491 	0.0000000001 	0.9998747458 	
38.0000000000 	0.7239786967 	0.0789258558 	0.1178863640 	0.0000370859 	0.0789525615 	0.0000543742 	0.0000380854 	0.0000000001 	0.9998730237 	
38.5000000000 	0.7241949889 	0.0789347336 	0.1176508572 	0.0000341650 	0.0789718085 	0.0000498095 	0.0000352017 	0.0000000001 	0.9998715644 	
39.0000000000 	0.7243853156 	0.0789632461 	0.1173994445 	0.0000314192 	0.0790127832 	0.0000457090 	0.0000326368 	0.0000000001 	0.9998705547 	
39.5000000000 	0.7245551327 	0.0790017728 	0.1171652919 	0.0000289071 	0.0790461854 	0.0000420222 	0.0000301952 	0.0000000001 	0.9998695074 	
40.0000000000 	0.7247277847 	0.0790450346 	0.1169140025 	0.0000264827 	0.0790885837 	0.0000385837 	0.0000279185 	0.0000000002 	0.9998683905 	
40.5000000000 	0.7248588997 	0.0790853536 	0.1167084263 	0.0000243159 	0.0791290787 	0.0000353875 	0.0000257969 	0.0000000002 	0.9998672588 	
41.0000000000 	0.7250048454 	0.0791228863 	0.1164796167 	0.0000223764 	0.0791796953 	0.0000324484 	0.0000238225 	0.0000000002 	0.9998656913 	
41.5000000000 	0.7251464281 	0.0791708354 	0.1162556109 	0.0000205759 	0.0792195437 	0.0000297141 	0.0000219489 	0.0000000001 	0.9998646570 	
42.0000000000 	0.7253139663 	0.0792050710 	0.1160264993 	0.0000189033 	0.0792517449 	0.0000271961 	0.0000201689 	0.0000000002 	0.9998635501 	
42.5000000000 	0.7254456470 	0.0792416669 	0.1158318403 	0.0000174523 	0.0792823970 	0.0000247982 	0.0000184748 	0.0000000002 	0.9998622766 	
43.0000000000 	0.7256043647 	0.0792503170 	0.1156491853 	0.0000160126 	0.0793014500 	0.0000226096 	0.0000170078 	0.0000000001 	0.9998609471 	
43.5000000000 	0.7257452912 	0.0792828290 	0.1154577851 	0.0000147013 	0.0793236232 	0.0000205634 	0.0000156934 	0.0000000002 	0.9998604867 	
44.0000000000 	0.7258392604 	0.0793217208 	0.1153104304 	0.0000135323 	0.0793415421 	0.0000186812 	0.0000144878 	0.0000000001 	0.9998596552 	
44.5000000000 	0.7259263194 	0.0793495035 	0.1151815016 	0.0000125029 	0.0793586845 	0.0000169617 	0.0000133954 	0.0000000001 	0.9998588692 	
45.0000000000 	0.7260439448 	0.0793617450 	0.1150456365 	0.0000116141 	0.0793673432 	0.0000155270 	0.0000124201 	0.0000000001 	0.9998582308 	
45.5000000000 	0.7261864164 	0.0793694295 	0.1148839111 	0.0000107850 	0.0793806211 	0.0000142754 	0.0000115180 	0.0000000001 	0.9998569568 	
46.0000000000 	0.7262948609 	0.0794035505 	0.1147368328 	0.0000099603 	0.0793875498 	0.0000130808 	0.0000106134 	0.0000000001 	0.9998564484 	
46.5000000000 	0.7264382450 	0.0794061133 	0.1145771449 	0.0000092257 	0.0794023520 	0.0000120619 	0.0000098456 	0.0000000001 	0.9998549884 	
47.0000000000 	0.7265906381 	0.0794073976 	0.1144210594 	0.0000085652 	0.0794059737 	0.0000110651 	0.0000091100 	0.0000000001 	0.9998538092 	
47.5000000000 	0.7267332655 	0.0794131674 	0.1142636198 	0.0000079256 	0.0794154203 	0.0000101798 	0.0000084592 	0.0000000001 	0.9998520376 	
48.0000000000 	0.7268751233 	0.0794276709 	0.1140839687 	0.0000073098 	0.0794393841 	0.0000093470 	0.0000078021 	0.0000000000 	0.9998506060 	
48.5000000000 	0.7270244294 	0.0794496072 	0.1138984078 	0.0000068208 	0.0794542328 	0.0000085619 	0.0000072309 	0.0000000001 	0.9998492910 	
49.0000000000 	0.7271624921 	0.0794798294 	0.1136998071 	0.0000063354 	0.0794847385 	0.0000078159 	0.0000068139 	0.0000000000 	0.9998478323 	
49.5000000000 	0.7273158739 	0.0795062621 	0.1135035161 	0.0000058179 	0.0795023329 	0.0000071666 	0.0000061901 	0.0000000000 	0.9998471597 	
50.0000000000 	0.7274640742 	0.0795339860 	0.1132934800 	0.0000053469 	0.0795366495 	0.0000065362 	0.0000056440 	0.0000000000 	0.9998457168 	
50.5000000000 	0.7276047831 	0.0795660392 	0.1130852483 	0.0000049174 	0.0795722272 	0.0000059869 	0.0000051949 	0.0000000000 	0.9998443970 	
51.0000000000 	0.7277284049 	0.0796016682 	0.1128880799 	0.0000044910 	0.0796105040 	0.0000054938 	0.0000047607 	0.0000000000 	0.9998434025 	
51.5000000000 	0.7278599348 	0.0796426433 	0.1126811861 	0.0000042237 	0.0796452291 	0.0000050194 	0.0000043529 	0.0000000003 	0.9998425897 	
52.0000000000 	0.7279885291 	0.0796771426 	0.1124823226 	0.0000038767 	0.0796813859 	0.0000046023 	0.0000039950 	0.0000000003 	0.9998418544 	
52.5000000000 	0.7281196845 	0.0797164597 	0.1122792268 	0.0000035626 	0.0797148631 	0.0000041826 	0.0000036514 	0.0000000003 	0.9998416311 	
53.0000000000 	0.7282458532 	0.0797456368 	0.1120852518 	0.0000032636 	0.0797544439 	0.0000037819 	0.0000033383 	0.0000000003 	0.9998415698 	
53.5000000000 	0.7283733225 	0.0797762126 	0.1118992686 	0.0000029720 	0.0797820345 	0.0000034384 	0.0000030615 	0.0000000002 	0.9998403102 	
54.0000000000 	0.7285021143 	0.0798061271 	0.1117105882 	0.0000027438 	0.0798125928 	0.0000031393 	0.0000028062 	0.0000000002 	0.9998401119 	
54.5000000000 	0.7286287635 	0.0798302252 	0.1115308885 	0.0000025402 	0.0798409838 	0.0000028616 	0.0000025671 	0.0000000001 	0.9998388301 	
55.0000000000 	0.7287455544 	0.0798583332 	0.1113556363 	0.0000023557 	0.0798712580 	0.0000026097 	0.0000023715 	0.0000000002 	0.9998381190 	
55.5000000000 	0.7288723314 	0.0798843233 	0.1111755790 	0.0000021645 	0.0798982471 	0.0000023663 	0.0000021924 	0.0000000004 	0.9998372043 	
56.0000000000 	0.7289969316 	0.0799103440 	0.1109998541 	0.0000020021 	0.0799225623 	0.0000021602 	0.0000020216 	0.0000000003 	0.9998358763 	
56.5000000000 	0.7291253123 	0.0799342360 	0.1108228779 	0.0000018436 	0.0799473750 	0.0000019544 	0.0000018691 	0.0000000003 	0.9998354686 	
57.0000000000 	0.7292586358 	0.0799544908 	0.1106452684 	0.0000016715 	0.0799715575 	0.0000017641 	0.0000017275 	0.0000000002 	0.9998351158 	
57.5000000000 	0.7293870790 	0.0799779093 	0.1104672324 	0.0000015330 	0.0799975987 	0.0000016006 	0.0000015974 	0.0000000002 	0.9998345507 	
58.0000000000 	0.7295066775 	0.0800060453 	0.1102940494 	0.0000014095 	0.0800232196 	0.0000014499 	0.0000014775 	0.0000000001 	0.9998343287 	
58.5000000000 	0.7296276798 	0.0800334550 	0.1101185348 	0.0000013042 	0.0800496355 	0.0000013142 	0.0000013566 	0.0000000004 	0.9998332804 	
59.0000000000 	0.7297457694 	0.0800592910 	0.1099441792 	0.0000011917 	0.0800798212 	0.0000011866 	0.0000012484 	0.0000000002 	0.9998326877 	
59.5000000000 	0.7298712812 	0.0800915249 	0.1097616707 	0.0000011142 	0.0801043672 	0.0000010808 	0.0000011595 	0.0000000002 	0.9998321988 	
60.0000000000 	0.7299973487 	0.0801205290 	0.1095804631 	0.0000010163 	0.0801287768 	0.0000009801 	0.0000010653 	0.0000000001 	0.9998301793 	
60.5000000000 	0.7301363700 	0.0801488828 	0.1093868271 	0.0000009251 	0.0801547285 	0.0000008825 	0.0000009715 	0.0000000001 	0.9998295876 	
61.0000000000 	0.7302593576 	0.0801767101 	0.1092072706 	0.0000008467 	0.0801828718 	0.0000008012 	0.0000008950 	0.0000000001 	0.9998287532 	
61.5000000000 	0.7303903669 	0.0802000573 	0.1090260167 	0.0000007909 	0.0802089523 	0.0000007329 	0.0000008359 	0.0000000002 	0.9998277532 	
62.0000000000 	0.7305157763 	0.0802294794 	0.1088395149 	0.0000007361 	0.0802400423 	0.0000006719 	0.0000007695 	0.0000000005 	0.9998269909 	
62.5000000000 	0.7306418798 	0.0802587049 	0.1086567624 	0.0000006861 	0.0802671851 	0.0000006115 	0.0000007015 	0.0000000003 	0.9998265316 	
63.0000000000 	0.7307580152 	0.0802917683 	0.1084710817 	0.0000006430 	0.0803028788 	0.0000005624 	0.0000006556 	0.0000000002 	0.9998256052 	
63.5000000000 	0.7308828477 	0.0803217589 	0.1082869656 	0.0000005837 	0.0803321567 	0.0000005031 	0.0000005936 	0.0000000002 	0.9998254095 	
64.0000000000 	0.7310082130 	0.0803490559 	0.1081041988 	0.0000005312 	0.0803617766 	0.0000004526 	0.0000005467 	0.0000000001 	0.9998247749 	
64.5000000000 	0.7311223109 	0.0803831014 	0.1079266176 	0.0000004904 	0.0803907068 	0.0000004084 	0.0000005037 	0.0000000002 	0.9998241395 	
65.0000000000 	0.7312486054 	0.0804072503 	0.1077480090 	0.0000004488 	0.0804183980 	0.0000003699 	0.0000004625 	0.0000000002 	0.9998235442 	
65.5000000000 	0.7313625306 	0.0804358896 	0.1075725183 	0.0000004034 	0.0804500746 	0.0000003366 	0.0000004197 	0.0000000002 	0.9998221730 	
66.0000000000 	0.7314904373 	0.0804632566 	0.1073948670 	0.0000003717 	0.0804724457 	0.0000003075 	0.0000003921 	0.0000000002 	0.9998220781 	
66.5000000000 	0.7316131109 	0.0804857334 	0.1072214029 	0.0000003376 	0.0805002399 	0.0000002785 	0.0000003619 	0.0000000003 	0.9998214654 	
67.0000000000 	0.7317357358 	0.0805131728 	0.1070475260 	0.0000003166 	0.0805232542 	0.0000002589 	0.0000003314 	0.0000000005 	0.9998205962 	
67.5000000000 	0.7318562704 	0.0805382467 	0.1068794254 	0.0000003021 	0.0805454064 	0.0000002362 	0.0000003082 	0.0000000003 	0.9998201956 	
68.0000000000 	0.7319788061 	0.0805652268 	0.1067042001 	0.0000002642 	0.0805704292 	0.0000002216 	0.0000002733 	0.0000000003 	0.9998194216 	
68.5000000000 	0.7320880157 	0.0805956654 	0.1065371025 	0.0000002438 	0.0805973852 	0.0000002054 	0.0000002475 	0.0000000001 	0.9998188656 	
69.0000000000 	0.7321949180 	0.0806240815 	0.1063743116 	0.0000002270 	0.0806245537 	0.0000001911 	0.0000002242 	0.0000000000 	0.9998185071 	
69.5000000000 	0.7323160359 	0.0806454619 	0.1062053719 	0.0000002123 	0.0806505747 	0.0000001703 	0.0000002089 	0.0000000001 	0.9998180359 	
70.0000000000 	0.7324420444 	0.0806647181 	0.1060349443 	0.0000002036 	0.0806752093 	0.0000001619 	0.0000001934 	0.0000000002 	0.9998174754 	
70.5000000000 	0.7325632838 	0.0806888635 	0.1058620792 	0.0000001863 	0.0807019835 	0.0000001551 	0.0000001782 	0.0000000004 	0.9998167300 	
71.0000000000 	0.7326780023 	0.0807114358 	0.1056965122 	0.0000001763 	0.0807297839 	0.0000001444 	0.0000001534 	0.0000000005 	0.9998162087 	
71.5000000000 	0.7327944512 	0.0807354772 	0.1055323764 	0.0000001532 	0.0807524261 	0.0000000399 	0.0000001366 	0.0000000004 	0.9998150611 	
72.0000000000 	0.7329093432 	0.0807584692 	0.1053665552 	0.0000001351 	0.0807794774 	0.0000000366 	0.0000001239 	0.0000000004 	0.9998141408 	
72.5000000000 	0.7330165378 	0.0807857285 	0.1052038855 	0.0000001267 	0.0808073897 	0.0000000281 	0.0000001169 	0.0000000004 	0.9998138136 	
73.0000000000 	0.7331278405 	0.0808133666 	0.1050406451 	0.0000001184 	0.0808313448 	0.0000000263 	0.0000001105 	0.0000000004 	0.9998134526 	
73.5000000000 	0.7332509301 	0.0808405628 	0.1048670776 	0.0000001080 	0.0808538022 	0.0000000239 	0.0000001019 	0.0000000004 	0.9998126068 	
74.0000000000 	0.7333672416 	0.0808658407 	0.1047020398 	0.0000000993 	0.0808771470 	0.0000000222 	0.0000000933 	0.0000000002 	0.9998124841 	
74.5000000000 	0.7334795260 	0.0808917876 	0.1045411726 	0.0000000913 	0.0808997013 	0.0000000224 	0.0000000859 	0.0000000001 	0.9998123872 	
75.0000000000 	0.7335904689 	0.0809136920 	0.1043834162 	0.0000000845 	0.0809245495 	0.0000000197 	0.0000000806 	0.0000000001 	0.9998123114 	
75.5000000000 	0.7336993446 	0.0809394058 	0.1042261489 	0.0000000791 	0.0809471641 	0.0000000171 	0.0000000757 	0.0000000001 	0.9998122355 	
76.0000000000 	0.7338034664 	0.0809689075 	0.1040709427 	0.0000000743 	0.0809686659 	0.0000000156 	0.0000000703 	0.0000000001 	0.9998121427 	
76.5000000000 	0.7339095713 	0.0809932334 	0.1039173006 	0.0000000686 	0.0809918049 	0.0000000148 	0.0000000653 	0.0000000001 	0.9998120590 	
77.0000000000 	0.7340154548 	0.0810146728 	0.1037650523 	0.0000000645 	0.0810166822 	0.0000000137 	0.0000000611 	0.0000000000 	0.9998120015 	
77.5000000000 	0.7341240045 	0.0810354480 	0.1036129008 	0.0000000613 	0.0810394846 	0.0000000130 	0.0000000568 	0.0000000000 	0.9998119689 	
78.0000000000 	0.7342317966 	0.0810560400 	0.1034617008 	0.0000000580 	0.0810622404 	0.0000000121 	0.0000000524 	0.0000000000 	0.9998119002 	
78.5000000000 	0.7343367385 	0.0810769604 	0.1033135118 	0.0000000556 	0.0810844918 	0.0000000110 	0.0000000494 	0.0000000000 	0.9998118185 	
79.0000000000 	0.7344386637 	0.0810979665 	0.1031679999 	0.0000000533 	0.0811070078 	0.0000000100 	0.0000000475 	0.0000000000 	0.9998117488 	
79.5000000000 	0.7345424049 	0.0811187505 	0.1030213341 	0.0000000505 	0.0811290930 	0.0000000089 	0.0000000458 	0.0000000000 	0.9998116877 	
80.0000000000 	0.7346452871 	0.0811396534 	0.1028759257 	0.0000000033 	0.0811506649 	0.0000000023 	0.0000000091 	0.0000000000 	0.9998115458 	
80.5000000000 	0.7347495292 	0.0811600031 	0.1027298725 	0.0000000029 	0.0811718181 	0.0000000018 	0.0000000065 	0.0000000000 	0.9998112342 	
81.0000000000 	0.7348530708 	0.0811795479 	0.1025863609 	0.0000000029 	0.0811922403 	0.0000000016 	0.0000000043 	0.0000000000 	0.9998112286 	
81.5000000000 	0.7349559290 	0.0811993819 	0.1024438605 	0.0000000030 	0.0812120441 	0.0000000014 	0.0000000024 	0.0000000000 	0.9998112223 	
82.0000000000 	0.7350560410 	0.0812190245 	0.1023039821 	0.0000000031 	0.0812321638 	0.0000000012 	0.0000000016 	0.0000000000 	0.9998112172 	
82.5000000000 	0.7351540694 	0.0812394318 	0.1021655658 	0.0000000034 	0.0812521387 	0.0000000008 	0.0000000007 	0.0000000000 	0.9998112105 	
83.0000000000 	0.7352508768 	0.0812595414 	0.1020286697 	0.0000000033 	0.0812721131 	0.0000000006 	0.0000000004 	0.0000000000 	0.9998112052 	
83.5000000000 	0.7353474268 	0.0812792465 	0.1018932337 	0.0000000031 	0.0812912921 	0.0000000005 	0.0000000003 	0.0000000000 	0.9998112031 	
84.0000000000 	0.7354431665 	0.0812986932 	0.1017591336 	0.0000000028 	0.0813102044 	0.0000000005 	0.0000000004 	0.0000000000 	0.9998112014 	
84.5000000000 	0.7355384909 	0.0813177056 	0.1016264829 	0.0000000025 	0.0813285173 	0.0000000004 	0.0000000004 	0.0000000000 	0.9998111999 	
85.0000000000 	0.7356327958 	0.0813363621 	0.1014955259 	0.0000000021 	0.0813465122 	0.0000000003 	0.0000000003 	0.0000000000 	0.9998111988 	
85.5000000000 	0.7357259849 	0.0813546244 	0.1013664262 	0.0000000018 	0.0813641599 	0.0000000003 	0.0000000003 	0.0000000000 	0.9998111978 	
86.0000000000 	0.7358180934 	0.0813725060 	0.1012391655 	0.0000000015 	0.0813814300 	0.0000000003 	0.0000000003 	0.0000000000 	0.9998111970 	
86.5000000000 	0.7359091101 	0.0813900717 	0.1011136661 	0.0000000013 	0.0813983466 	0.0000000002 	0.0000000002 	0.0000000000 	0.9998111962 	
87.0000000000 	0.7359991253 	0.0814072581 	0.1009898735 	0.0000000010 	0.0814149372 	0.0000000002 	0.0000000002 	0.0000000000 	0.9998111955 	
87.5000000000 	0.7360882898 	0.0814239670 	0.1008677329 	0.0000000008 	0.0814312041 	0.0000000002 	0.0000000002 	0.0000000000 	0.9998111950 	
88.0000000000 	0.7361766146 	0.0814401326 	0.1007472704 	0.0000000006 	0.0814471759 	0.0000000002 	0.0000000001 	0.0000000000 	0.9998111945 	
88.5000000000 	0.7362640485 	0.0814557624 	0.1006285109 	0.0000000005 	0.0814628714 	0.0000000001 	0.0000000001 	0.0000000000 	0.9998111941 	
89.0000000000 	0.7363504899 	0.0814709236 	0.1005114898 	0.0000000005 	0.0814782896 	0.0000000001 	0.0000000001 	0.0000000000 	0.9998111937 	
89.5000000000 	0.7364358569 	0.0814856689 	0.1003962406 	0.0000000004 	0.0814934262 	0.0000000001 	0.0000000001 	0.0000000000 	0.9998111933 	
90.0000000000 	0.7365201050 	0.0815000506 	0.1002827742 	0.0000000004 	0.0815082626 	0.0000000001 	0.0000000001 	0.0000000000 	0.9998111931 	
90.5000000000 	0.7366032716 	0.0815140750 	0.1001710827 	0.0000000003 	0.0815227629 	0.0000000001 	0.0000000001 	0.0000000000 	0.9998111928 	
91.0000000000 	0.7366853919 	0.0815277445 	0.1000611612 	0.0000000003 	0.0815368944 	0.0000000001 	0.0000000001 	0.0000000000 	0.9998111926 	
91.5000000000 	0.7367664865 	0.0815410584 	0.0999530213 	0.0000000003 	0.0815506257 	0.0000000001 	0.0000000002 	0.0000000000 	0.9998111924 	
92.0000000000 	0.7368465520 	0.0815540193 	0.0998466888 	0.0000000002 	0.0815639317 	0.0000000001 	0.0000000001 	0.0000000000 	0.9998111923 	
92.5000000000 	0.7369255608 	0.0815666338 	0.0997421981 	0.0000000002 	0.0815767990 	0.0000000001 	0.0000000001 	0.0000000000 	0.9998111921 	
93.0000000000 	0.7370034759 	0.0815789083 	0.0996395829 	0.0000000002 	0.0815892245 	0.0000000001 	0.0000000001 	0.0000000000 	0.9998111920 	
93.5000000000 	0.7370802701 	0.0815908418 	0.0995388709 	0.0000000002 	0.0816012087 	0.0000000001 	0.0000000001 	0.0000000000 	0.9998111919 	
94.0000000000 	0.7371559320 	0.0816024234 	0.0994400839 	0.0000000002 	0.0816127522 	0.0000000001 	0.0000000001 	0.0000000000 	0.9998111918 	
94.5000000000 	0.7372304603 	0.0816136369 	0.0993432387 	0.0000000001 	0.0816238555 	0.0000000000 	0.0000000001 	0.0000000000 	0.9998111917 	
95.0000000000 	0.7373038568 	0.0816244646 	0.0992483499 	0.0000000001 	0.0816345201 	0.0000000000 	0.0000000001 	0.0000000000 	0.9998111917 	
95.5000000000 	0.7373761204 	0.0816348893 	0.0991554325 	0.0000000001 	0.0816447491 	0.0000000000 	0.0000000001 	0.0000000000 	0.9998111916 	
96.0000000000 	0.7374472455 	0.0816448964 	0.0990645027 	0.0000000001 	0.0816545467 	0.0000000000 	0.0000000001 	0.0000000000 	0.9998111915 	
96.5000000000 	0.7375172248 	0.0816544736 	0.0989755754 	0.0000000001 	0.0816639174 	0.0000000000 	0.0000000001 	0.0000000000 	0.9998111915 	
97.0000000000 	0.7375860512 	0.0816636119 	0.0988886633 	0.0000000001 	0.0816728647 	0.0000000000 	0.0000000001 	0.0000000000 	0.9998111914 	
97.5000000000 	0.7376537202 	0.0816723043 	0.0988037757 	0.0000000001 	0.0816813910 	0.0000000000 	0.0000000001 	0.0000000000 	0.9998111914 	
98.0000000000 	0.7377202294 	0.0816805447 	0.0987209196 	0.0000000001 	0.0816894974 	0.0000000000 	0.0000000001 	0.0000000000 	0.9998111913 	
98.5000000000 	0.7377855783 	0.0816883284 	0.0986401004 	0.0000000001 	0.0816971842 	0.0000000000 	0.0000000001 	0.0000000000 	0.9998111913 	
99.0000000000 	0.7378497652 	0.0816956517 	0.0985613236 	0.0000000001 	0.0817044506 	0.0000000000 	0.0000000001 	0.0000000000 	0.9998111912 	
99.5000000000 	0.7379127867 	0.0817025135 	0.0984845952 	0.0000000001 	0.0817112957 	0.0000000000 	0.0000000001 	0.0000000000 	0.9998111912 	
100.0000000000 	0.7379746369 	0.0817089145 	0.0984099224 	0.0000000001 	0.0817177172 	0.0000000000 	0.0000000000 	0.0000000000 	0.9998111912 	
100.5000000000 	0.7380353084 	0.0817148574 	0.0983373127 	0.0000000001 	0.0817237125 	0.0000000000 	0.0000000000 	0.0000000000 	0.9998111911 	
101.0000000000 	0.7380947935 	0.0817203454 	0.0982667745 	0.0000000000 	0.0817292776 	0.0000000000 	0.0000000000 	0.0000000000 	0.9998111911 	
101.5000000000 	0.7381530847 	0.0817253822 	0.0981983163 	0.0000000000 	0.0817344077 	0.0000000000 	0.0000000000 	0.0000000000 	0.9998111911 	
102.0000000000 	0.7382101759 	0.0817299708 	0.0981319470 	0.0000000000 	0.0817390974 	0.0000000000 	0.0000000000 	0.0000000000 	0.9998111911 	
102.5000000000 	0.7382660611 	0.0817341134 	0.0980676759 	0.0000000000 	0.0817433406 	0.0000000000 	0.0000000000 	0.0000000000 	0.9998111910 	
103.0000000000 	0.7383207350 	0.0817378115 	0.0980055130 	0.0000000000 	0.0817471315 	0.0000000000 	0.0000000000 	0.0000000000 	0.9998111910 	
103.5000000000 	0.7383741923 	0.0817410656 	0.0979454685 	0.0000000000 	0.0817504645 	0.0000000000 	0.0000000000 	0.0000000000 	0.9998111910 	
104.0000000000 	0.7384264279 	0.0817438755 	0.0978875528 	0.0000000000 	0.0817533347 	0.0000000000 	0.0000000000 	0.0000000000 	0.9998111910 	
104.5000000000 	0.7384774370 	0.0817462397 	0.0978317761 	0.0000000000 	0.0817557381 	0.0000000000 	0.0000000000 	0.0000000000 	0.9998111910 	
105.0000000000 	0.7385272152 	0.0817481558 	0.0977781481 	0.0000000000 	0.0817576718 	0.0000000000 	0.0000000000 	0.0000000000 	0.9998111910 	
105.5000000000 	0.7385757592 	0.0817496207 	0.0977266776 	0.0000000000 	0.0817591334 	0.0000000000 	0.0000000000 	0.0000000000 	0.9998111909 	
106.0000000000 	0.7386230660 	0.0817506304 	0.0976773726 	0.0000000000 	0.0817601219 	0.0000000000 	0.0000000000 	0.0000000000 	0.9998111909 	
106.5000000000 	0.7386691335 	0.0817511807 	0.0976302402 	0.0000000000 	0.0817606365 	0.0000000000 	0.0000000000 	0.0000000000 	0.9998111909 	
107.0000000000 	0.7387139598 	0.0817512673 	0.0975852865 	0.0000000000 	0.0817606773 	0.0000000000 	0.0000000000 	0.0000000000 	0.9998111909 	
107.5000000000 	0.7387575432 	0.0817508860 	0.0975425167 	0.0000000000 	0.0817602449 	0.0000000000 	0.0000000000 	0.0000000000 	0.9998111909 	
108.0000000000 	0.7387998826 	0.0817500332 	0.0975019353 	0.0000000000 	0.0817593398 	0.0000000000 	0.0000000000 	0.0000000000 	0.9998111909 	
108.5000000000 	0.7388409767 	0.0817487056 	0.0974635456 	0.0000000000 	0.0817579630 	0.0000000000 	0.0000000000 	0.0000000000 	0.9998111909 	
109.0000000000 	0.7388808247 	0.0817469007 	0.0974273505 	0.0000000000 	0.0817561150 	0.0000000000 	0.0000000000 	0.0000000000 	0.9998111909 	
109.5000000000 	0.7389194257 	0.0817446166 	0.0973933523 	0.0000000000 	0.0817537963 	0.0000000000 	0.0000000000 	0.0000000000 	0.9998111909 	
110.0000000000 	0.7389567791 	0.0817418521 	0.0973615526 	0.0000000000 	0.0817510071 	0.0000000000 	0.0000000000 	0.0000000000 	0.9998111909 	
110.5000000000 	0.7389928842 	0.0817386065 	0.0973319528 	0.0000000000 	0.0817477473 	0.0000000000 	0.0000000000 	0.0000000000 	0.9998111909 	
111.0000000000 	0.7390277403 	0.0817348799 	0.0973045543 	0.0000000000 	0.0817440165 	0.0000000000 	0.0000000000 	0.0000000000 	0.9998111909 	
111.5000000000 	0.7390613466 	0.0817306723 	0.0972793580 	0.0000000000 	0.0817398139 	0.0000000000 	0.0000000000 	0.0000000000 	0.9998111909 	
112.0000000000 	0.7390937025 	0.0817259846 	0.0972563649 	0.0000000000 	0.0817351388 	0.0000000000 	0.0000000000 	0.0000000000 	0.9998111909 	
112.5000000000 	0.7391248072 	0.0817208175 	0.0972355761 	0.0000000000 	0.0817299900 	0.0000000000 	0.0000000000 	0.0000000000 	0.9998111909 	
113.0000000000 	0.7391546602 	0.0817151719 	0.0972169923 	0.0000000000 	0.0817243663 	0.0000000000 	0.0000000000 	0.0000000000 	0.9998111909 	
113.5000000000 	0.7391832611 	0.0817090487 	0.0972006145 	0.0000000000 	0.0817182665 	0.0000000000 	0.0000000000 	0.0000000000 	0.9998111909 	
114.0000000000 	0.7392106097 	0.0817024486 	0.0971864433 	0.0000000000 	0.0817116893 	0.0000000000 	0.0000000000 	0.0000000000 	0.9998111909 	
114.5000000000 	0.7392367059 	0.0816953721 	0.0971744793 	0.0000000000 	0.0817046336 	0.0000000000 	0.0000000000 	0.0000000000 	0.9998111909 	
115.0000000000 	0.7392615501 	0.0816878196 	0.0971647227 	0.0000000000 	0.0816970985 	0.0000000000 	0.0000000000 	0.0000000000 	0.9998111909 	
115.5000000000 	0.7392851428 	0.0816797914 	0.0971571736 	0.0000000000 	0.0816890831 	0.0000000000 	0.0000000000 	0.0000000000 	0.9998111909 	
116.0000000000 	0.7393074850 	0.0816712873 	0.0971518314 	0.0000000000 	0.0816805871 	0.0000000000 	0.0000000000 	0.0000000000 	0.9998111909 	
116.5000000000 	0.7393285779 	0.0816623073 	0.0971486955 	0.0000000000 	0.0816716101 	0.0000000000 	0.0000000000 	0.0000000000 	0.9998111909 	
117.0000000000 	0.7393484231 	0.0816528511 	0.0971477644 	0.0000000000 	0.0816621522 	0.0000000000 	0.0000000000 	0.0000000000 	0.9998111909 	
117.5000000000 	0.7393670224 	0.0816429183 	0.0971490364 	0.0000000000 	0.0816522137 	0.0000000000 	0.0000000000 	0.0000000000 	0.9998111909 	
118.0000000000 	0.7393843781 	0.0816325087 	0.0971525090 	0.0000000000 	0.0816417950 	0.0000000000 	0.0000000000 	0.0000000000 	0.9998111909 	
118.5000000000 	0.7394004926 	0.0816216220 	0.0971581792 	0.0000000000 	0.0816308970 	0.0000000000 	0.0000000000 	0.0000000000 	0.9998111909 	
119.0000000000 	0.7394153686 	0.0816102581 	0.0971660437 	0.0000000000 	0.0816195205 	0.0000000000 	0.0000000000 	0.0000000000 	0.9998111909 	
119.5000000000 	0.7394290091 	0.0815984170 	0.0971760984 	0.0000000000 	0.0816076665 	0.0000000000 	0.0000000000 	0.0000000000 	0.9998111909 	
120.0000000000 	0.7394414171 	0.0815860989 	0.0971883387 	0.0000000000 	0.0815953362 	0.0000000000 	0.0000000000 	0.0000000000 	0.9998111909 	
120.5000000000 	0.7394525961 	0.0815733042 	0.0972027598 	0.0000000000 	0.0815825308 	0.0000000000 	0.0000000000 	0.0000000000 	0.9998111909 	
121.0000000000 	0.7394625494 	0.0815600338 	0.0972193562 	0.0000000000 	0.0815692515 	0.0000000000 	0.0000000000 	0.0000000000 	0.9998111909 	
121.5000000000 	0.7394712807 	0.0815462883 	0.0972381223 	0.0000000000 	0.0815554995 	0.0000000000 	0.0000000000 	0.0000000000 	0.9998111909 	
122.0000000000 	0.7394787939 	0.0815320689 	0.0972590519 	0.0000000000 	0.0815412761 	0.0000000000 	0.0000000000 	0.0000000000 	0.9998111909 	
122.5000000000 	0.7394850928 	0.0815173769 	0.0972821387 	0.0000000000 	0.0815265825 	0.0000000000 	0.0000000000 	0.0000000000 	0.9998111909 	
123.0000000000 	0.7394901815 	0.0815022137 	0.0973073759 	0.0000000000 	0.0815114198 	0.0000000000 	0.0000000000 	0.0000000000 	0.9998111909 	
123.5000000000 	0.7394940641 	0.0814865809 	0.0973347567 	0.0000000000 	0.0814957892 	0.0000000000 	0.0000000000 	0.0000000000 	0.9998111909 	
124.0000000000 	0.7394967452 	0.0814704800 	0.0973642737 	0.0000000000 	0.0814796919 	0.0000000000 	0.0000000000 	0.0000000000 	0.9998111909 	
124.5000000000 	0.7394982292 	0.0814539129 	0.0973959196 	0.0000000000 	0.0814631291 	0.0000000000 	0.0000000000 	0.0000000000 	0.9998111909 	
125.0000000000 	0.7394985209 	0.0814368812 	0.0974296866 	0.0000000000 	0.0814461022 	0.0000000000 	0.0000000000 	0.0000000000 	0.9998111909 	
125.5000000000 	0.7394976252 	0.0814193868 	0.0974655666 	0.0000000000 	0.0814286123 	0.0000000000 	0.0000000000 	0.0000000000 	0.9998111909 	
126.0000000000 	0.7394955473 	0.0814014313 	0.0975035513 	0.0000000000 	0.0814106609 	0.0000000000 	0.0000000000 	0.0000000000 	0.9998111909 	
126.5000000000 	0.7394922925 	0.0813830168 	0.0975436321 	0.0000000000 	0.0813922496 	0.0000000000 	0.0000000000 	0.0000000000 	0.9998111909 	
127.0000000000 	0.7394878663 	0.0813641448 	0.0975858000 	0.0000000000 	0.0813733798 	0.0000000000 	0.0000000000 	0.0000000000 	0.9998111909 	
127.5000000000 	0.7394822747 	0.0813448174 	0.0976300455 	0.0000000000 	0.0813540533 	0.0000000000 	0.0000000000 	0.0000000000 	0.9998111909 	
128.0000000000 	0.7394755237 	0.0813250362 	0.0976763591 	0.0000000000 	0.0813342720 	0.0000000000 	0.0000000000 	0.0000000000 	0.9998111909 	
128.5000000000 	0.7394676195 	0.0813048032 	0.0977247305 	0.0000000000 	0.0813140377 	0.0000000000 	0.0000000000 	0.0000000000 	0.9998111909 	
129.0000000000 	0.7394585686 	0.0812841204 	0.0977751493 	0.0000000000 	0.0812933527 	0.0000000000 	0.0000000000 	0.0000000000 	0.9998111909 	
129.5000000000 	0.7394483777 	0.0812629897 	0.0978276045 	0.0000000000 	0.0812722190 	0.0000000000 	0.0000000000 	0.0000000000 	0.9998111909 	
130.0000000000 	0.7394370538 	0.0812414131 	0.0978820849 	0.0000000000 	0.0812506390 	0.0000000000 	0.0000000000 	0.0000000000 	0.9998111909 	
130.5000000000 	0.7394246040 	0.0812193929 	0.0979385789 	0.0000000000 	0.0812286151 	0.0000000000 	0.0000000000 	0.0000000000 	0.9998111909 	
131.0000000000 	0.7394110356 	0.0811969313 	0.0979970742 	0.0000000000 	0.0812061498 	0.0000000000 	0.0000000000 	0.0000000000 	0.9998111909 	
131.5000000000 	0.7393963560 	0.0811740307 	0.0980575585 	0.0000000000 	0.0811832456 	0.0000000000 	0.0000000000 	0.0000000000 	0.9998111909 	
132.0000000000 	0.7393805731 	0.0811506935 	0.0981200191 	0.0000000000 	0.0811599052 	0.0000000000 	0.0000000000 	0.0000000000 	0.9998111909 	
132.5000000000 	0.7393636946 	0.0811269224 	0.0981844426 	0.0000000000 	0.0811361313 	0.0000000000 	0.0000000000 	0.0000000000 	0.9998111909 	
133.0000000000 	0.7393457285 	0.0811027199 	0.0982508158 	0.0000000000 	0.0811119267 	0.0000000000 	0.0000000000 	0.0000000000 	0.9998111909 	
133.5000000000 	0.7393266830 	0.0810780890 	0.0983191248 	0.0000000000 	0.0810872941 	0.0000000000 	0.0000000000 	0.0000000000 	0.9998111909 	
134.0000000000 	0.7393065665 	0.0810530324 	0.0983893555 	0.0000000000 	0.0810622365 	0.0000000000 	0.0000000000 	0.0000000000 	0.9998111909 	
134.5000000000 	0.7392853874 	0.0810275532 	0.0984614936 	0.0000000000 	0.0810367567 	0.0000000000 	0.0000000000 	0.0000000000 	0.9998111909 	
135.0000000000 	0.7392631545 	0.0810016544 	0.0985355243 	0.0000000000 	0.0810108577 	0.0000000000 	0.0000000000 	0.0000000000 	0.9998111909 	
135.5000000000 	0.7392398765 	0.0809753391 	0.0986114327 	0.0000000000 	0.0809845426 	0.0000000000 	0.0000000000 	0.0000000000 	0.9998111909 	
136.0000000000 	0.7392155625 	0.0809486106 	0.0986892035 	0.0000000000 	0.0809578143 	0.0000000000 	0.0000000000 	0.0000000000 	0.9998111909 	
136.5000000000 	0.7391902217 	0.0809214720 	0.0987688213 	0.0000000000 	0.0809306760 	0.0000000000 	0.0000000000 	0.0000000000 	0.9998111909 	
137.0000000000 	0.7391638632 	0.0808939267 	0.0988502701 	0.0000000000 	0.0809031310 	0.0000000000 	0.0000000000 	0.0000000000 	0.9998111909 	
137.5000000000 	0.7391364968 	0.0808659779 	0.0989335338 	0.0000000000 	0.0808751824 	0.0000000000 	0.0000000000 	0.0000000000 	0.9998111909 	
138.0000000000 	0.7391081320 	0.0808376292 	0.0990185961 	0.0000000000 	0.0808468336 	0.0000000000 	0.0000000000 	0.0000000000 	0.9998111909 	
138.5000000000 	0.7390787787 	0.0808088840 	0.0991054402 	0.0000000000 	0.0808180880 	0.0000000000 	0.0000000000 	0.0000000000 	0.9998111909 	
139.0000000000 	0.7390484470 	0.0807797457 	0.0991940491 	0.0000000000 	0.0807889492 	0.0000000000 	0.0000000000 	0.0000000000 	0.9998111910 	
139.5000000000 	0.7390171470 	0.0807502179 	0.0992844055 	0.0000000000 	0.0807594205 	0.0000000000 	0.0000000000 	0.0000000000 	0.9998111910 	
140.0000000000 	0.7389848892 	0.0807203043 	0.0993764918 	0.0000000000 	0.0807295058 	0.0000000000 	0.0000000000 	0.0000000000 	0.9998111910 	
140.5000000000 	0.7389516840 	0.0806900084 	0.0994702900 	0.0000000000 	0.0806992086 	0.0000000000 	0.0000000000 	0.0000000000 	0.9998111910 	
141.0000000000 	0.7389175421 	0.0806593341 	0.0995657820 	0.0000000000 	0.0806685328 	0.0000000000 	0.0000000000 	0.0000000000 	0.9998111910 	
141.5000000000 	0.7388824746 	0.0806282851 	0.0996629492 	0.0000000000 	0.0806374822 	0.0000000000 	0.0000000000 	0.0000000000 	0.9998111910 	
142.0000000000 	0.7388464922 	0.0805968652 	0.0997617728 	0.0000000000 	0.0806060607 	0.0000000000 	0.0000000000 	0.0000000000 	0.9998111910 	
142.5000000000 	0.7388096064 	0.0805650785 	0.0998622337 	0.0000000000 	0.0805742724 	0.0000000000 	0.0000000000 	0.0000000000 	0.9998111910 	
143.0000000000 	0.7387718283 	0.0805329290 	0.0999643125 	0.0000000000 	0.0805421213 	0.0000000000 	0.0000000000 	0.0000000000 	0.9998111910 	
143.5000000000 	0.7387331694 	0.0805004206 	0.1000679895 	0.0000000000 	0.0805096114 	0.0000000000 	0.0000000000 	0.0000000000 	0.9998111910 	
144.0000000000 	0.7386936414 	0.0804675576 	0.1001732450 	0.0000000000 	0.0804767471 	0.0000000000 	0.0000000000 	0.0000000000 	0.9998111910 	
144.5000000000 	0.7386532560 	0.0804343441 	0.1002800585 	0.0000000000 	0.0804435324 	0.0000000000 	0.0000000000 	0.0000000000 	0.9998111910 	
145.0000000000 	0.7386120251 	0.0804007845 	0.1003884098 	0.0000000000 	0.0804099716 	0.0000000000 	0.0000000000 	0.0000000000 	0.9998111910 	
145.5000000000 	0.7385699607 	0.0803668830 	0.1004982780 	0.0000000000 	0.0803760692 	0.0000000000 	0.0000000000 	0.0000000000 	0.9998111910 	
146.0000000000 	0.7385270750 	0.0803326442 	0.1006096423 	0.0000000000 	0.0803418295 	0.0000000000 	0.0000000000 	0.0000000000 	0.9998111910 	
146.5000000000 	0.7384833803 	0.0802980723 	0.1007224815 	0.0000000000 	0.0803072568 	0.0000000000 	0.0000000000 	0.0000000000 	0.9998111910 	
147.0000000000 	0.7384388890 	0.0802631720 	0.1008367742 	0.0000000000 	0.0802723558 	0.0000000000 	0.0000000000 	0.0000000000 	0.9998111910 	
147.5000000000 	0.7383936137 	0.0802279478 	0.1009524986 	0.0000000000 	0.0802371309 	0.0000000000 	0.0000000000 	0.0000000000 	0.9998111910 	
148.0000000000 	0.7383475669 	0.0801924043 	0.1010696330 	0.0000000000 	0.0802015867 	0.0000000000 	0.0000000000 	0.0000000000 	0.9998111910 	
148.5000000000 	0.7383007616 	0.0801565462 	0.1011881552 	0.0000000000 	0.0801657279 	0.0000000000 	0.0000000000 	0.0000000000 	0.9998111910 	
149.0000000000 	0.7382532107 	0.0801203782 	0.1013080429 	0.0000000000 	0.0801295592 	0.0000000000 	0.0000000000 	0.0000000000 	0.9998111910 	
149.5000000000 	0.7382049272 	0.0800839051 	0.1014292735 	0.0000000000 	0.0800930852 	0.0000000000 	0.0000000000 	0.0000000000 	0.9998111910 	
150.0000000000 	0.7381559243 	0.0800471316 	0.1015518243 	0.0000000000 	0.0800563109 	0.0000000000 	0.0000000000 	0.0000000000 	0.9998111910 	
150.5000000000 	0.7381062153 	0.0800100626 	0.1016756722 	0.0000000000 	0.0800192410 	0.0000000000 	0.0000000000 	0.0000000000 	0.9998111910 	
151.0000000000 	0.7380558136 	0.0799727030 	0.1018007940 	0.0000000000 	0.0799818804 	0.0000000000 	0.0000000000 	0.0000000000 	0.9998111910 	
151.5000000000 	0.7380047327 	0.0799350578 	0.1019271663 	0.0000000000 	0.0799442342 	0.0000000000 	0.0000000000 	0.0000000000 	0.9998111910 	
152.0000000000 	0.7379529864 	0.0798971319 	0.1020547655 	0.0000000000 	0.0799063072 	0.0000000000 	0.0000000000 	0.0000000000 	0.9998111910 	
152.5000000000 	0.7379005884 	0.0798589304 	0.1021835677 	0.0000000000 	0.0798681046 	0.0000000000 	0.0000000000 	0.0000000000 	0.9998111910 	
153.0000000000 	0.7378475524 	0.0798204584 	0.1023135488 	0.0000000000 	0.0798296314 	0.0000000000 	0.0000000000 	0.0000000000 	0.9998111910 	
153.5000000000 	0.7377938926 	0.0797817209 	0.1024446847 	0.0000000000 	0.0797908928 	0.0000000000 	0.0000000000 	0.0000000000 	0.9998111910 	
154.0000000000 	0.7377396230 	0.0797427233 	0.1025769508 	0.0000000000 	0.0797518940 	0.0000000000 	0.0000000000 	0.0000000000 	0.9998111910 	
154.5000000000 	0.7376847577 	0.0797034706 	0.1027103226 	0.0000000000 	0.0797126402 	0.0000000000 	0.0000000000 	0.0000000000 	0.9998111910 	
155.0000000000 	0.7376293110 	0.0796639681 	0.1028447752 	0.0000000000 	0.0796731367 	0.0000000000 	0.0000000000 	0.0000000000 	0.9998111910 	
155.5000000000 	0.7375732974 	0.0796242213 	0.1029802837 	0.0000000000 	0.0796333888 	0.0000000000 	0.0000000000 	0.0000000000 	0.9998111910 	
156.0000000000 	0.7375167312 	0.0795842353 	0.1031168228 	0.0000000000 	0.0795934018 	0.0000000000 	0.0000000000 	0.0000000000 	0.9998111911 	
156.5000000000 	0.7374596270 	0.0795440157 	0.1032543673 	0.0000000000 	0.0795531811 	0.0000000000 	0.0000000000 	0.0000000000 	0.9998111911 	
157.0000000000 	0.7374019994 	0.0795035678 	0.1033928917 	0.0000000000 	0.0795127323 	0.0000000000 	0.0000000000 	0.0000000000 	0.9998111911 	
157.5000000000 	0.7373438632 	0.0794628971 	0.1035323702 	0.0000000000 	0.0794720606 	0.0000000000 	0.0000000000 	0.0000000000 	0.9998111911 	
158.0000000000 	0.7372852331 	0.0794220091 	0.1036727772 	0.0000000000 	0.0794311717 	0.0000000000 	0.0000000000 	0.0000000000 	0.9998111911 	
158.5000000000 	0.7372261240 	0.0793809094 	0.1038140866 	0.0000000000 	0.0793900711 	0.0000000000 	0.0000000000 	0.0000000000 	0.9998111911 	
159.0000000000 	0.7371665509 	0.0793396036 	0.1039562723 	0.0000000000 	0.0793487643 	0.0000000000 	0.0000000000 	0.0000000000 	0.9998111911 	
159.5000000000 	0.7371065288 	0.0792980971 	0.1040993082 	0.0000000000 	0.0793072570 	0.0000000000 	0.0000000000 	0.0000000000 	0.9998111911 	
160.0000000000 	0.7370460727 	0.0792563958 	0.1042431677 	0.0000000000 	0.0792655548 	0.0000000000 	0.0000000000 	0.0000000000 	0.9998111911 	
160.5000000000 	0.7369851980 	0.0792145053 	0.1043878245 	0.0000000000 	0.0792236633 	0.0000000000 	0.0000000000 	0.0000000000 	0.9998111911 	
161.0000000000 	0.7369239197 	0.0791724312 	0.1045332519 	0.0000000000 	0.0791815882 	0.0000000000 	0.0000000000 	0.0000000000 	0.9998111911 	
161.5000000000 	0.7368622532 	0.0791301793 	0.1046794231 	0.0000000000 	0.0791393354 	0.0000000000 	0.0000000000 	0.0000000000 	0.9998111911 	
162.0000000000 	0.7368002139 	0.0790877554 	0.1048263113 	0.0000000000 	0.0790969105 	0.0000000000 	0.0000000000 	0.0000000000 	0.9998111911 	
162.5000000000 	0.7367378172 	0.0790451652 	0.1049738894 	0.0000000000 	0.0790543193 	0.0000000000 	0.0000000000 	0.0000000000 	0.9998111911 	
163.0000000000 	0.7366750785 	0.0790024146 	0.1051221303 	0.0000000000 	0.0790115677 	0.0000000000 	0.0000000000 	0.0000000000 	0.9998111911 	
163.5000000000 	0.7366120134 	0.0789595094 	0.1052710069 	0.0000000000 	0.0789686614 	0.0000000000 	0.0000000000 	0.0000000000 	0.9998111911 	
164.0000000000 	0.7365486375 	0.0789164554 	0.1054204917 	0.0000000000 	0.0789256064 	0.0000000000 	0.0000000000 	0.0000000000 	0.9998111911 	
164.5000000000 	0.7364849665 	0.0788732586 	0.1055705575 	0.0000000000 	0.0788824086 	0.0000000000 	0.0000000000 	0.0000000000 	0.9998111911 	
165.0000000000 	0.7364210159 	0.0788299248 	0.1057211766 	0.0000000000 	0.0788390738 	0.0000000000 	0.0000000000 	0.0000000000 	0.9998111911 	
165.5000000000 	0.7363568016 	0.0787864600 	0.1058723215 	0.0000000000 	0.0787956080 	0.0000000000 	0.0000000000 	0.0000000000 	0.9998111911 	
166.0000000000 	0.7362923392 	0.0787428702 	0.1060239645 	0.0000000000 	0.0787520172 	0.0000000000 	0.0000000000 	0.0000000000 	0.9998111911 	
166.5000000000 	0.7362276447 	0.0786991613 	0.1061760779 	0.0000000000 	0.0787083073 	0.0000000000 	0.0000000000 	0.0000000000 	0.9998111911 	
167.0000000000 	0.7361627338 	0.0786553393 	0.1063286337 	0.0000000000 	0.0786644843 	0.0000000000 	0.0000000000 	0.0000000000 	0.9998111911 	
167.5000000000 	0.7360976224 	0.0786114103 	0.1064816042 	0.0000000000 	0.0786205543 	0.0000000000 	0.0000000000 	0.0000000000 	0.9998111911 	
168.0000000000 	0.7360323264 	0.0785673802 	0.1066349613 	0.0000000000 	0.0785765232 	0.0000000000 	0.0000000000 	0.0000000000 	0.9998111911 	
168.5000000000 	0.7359668618 	0.0785232552 	0.1067886770 	0.0000000000 	0.0785323972 	0.0000000000 	0.0000000000 	0.0000000000 	0.9998111911 	
169.0000000000 	0.7359012444 	0.0784790412 	0.1069427232 	0.0000000000 	0.0784881823 	0.0000000000 	0.0000000000 	0.0000000000 	0.9998111911 	
169.5000000000 	0.7358354903 	0.0784347444 	0.1070970719 	0.0000000000 	0.0784438845 	0.0000000000 	0.0000000000 	0.0000000000 	0.9998111911 	
170.0000000000 	0.7357696155 	0.0783903709 	0.1072516947 	0.0000000000 	0.0783995100 	0.0000000000 	0.0000000000 	0.0000000000 	0.9998111911 	
170.5000000000 	0.7357036360 	0.0783459267 	0.1074065636 	0.0000000000 	0.0783550648 	0.0000000000 	0.0000000000 	0.0000000000 	0.9998111911 	
171.0000000000 	0.7356375677 	0.0783014180 	0.1075616503 	0.0000000000 	0.0783105551 	0.0000000000 	0.0000000000 	0.0000000000 	0.9998111911 	
171.5000000000 	0.7355714268 	0.0782568508 	0.1077169265 	0.0000000000 	0.0782659870 	0.0000000000 	0.0000000000 	0.0000000000 	0.9998111911 	
172.0000000000 	0.7355052292 	0.0782122314 	0.1078723639 	0.0000000000 	0.0782213666 	0.0000000000 	0.0000000000 	0.0000000000 	0.9998111911 	
172.5000000000 	0.7354389911 	0.0781675658 	0.1080279342 	0.0000000000 	0.0781767001 	0.0000000000 	0.0000000000 	0.0000000000 	0.9998111912 	
173.0000000000 	0.7353727284 	0.0781228603 	0.1081836090 	0.0000000000 	0.0781319935 	0.0000000000 	0.0000000000 	0.0000000000 	0.9998111912 	
173.5000000000 	0.7353064573 	0.0780781208 	0.1083393600 	0.0000000000 	0.0780872531 	0.0000000000 	0.0000000000 	0.0000000000 	0.9998111912 	
174.0000000000 	0.7352401937 	0.0780333537 	0.1084951588 	0.0000000000 	0.0780424850 	0.0000000000 	0.0000000000 	0.0000000000 	0.9998111912 	
174.5000000000 	0.7351739537 	0.0779885651 	0.1086509771 	0.0000000000 	0.0779976953 	0.0000000000 	0.0000000000 	0.0000000000 	0.9998111912 	
175.0000000000 	0.7351077534 	0.0779437610 	0.1088067865 	0.0000000000 	0.0779528903 	0.0000000000 	0.0000000000 	0.0000000000 	0.9998111912 	
175.5000000000 	0.7350416087 	0.0778989477 	0.1089625587 	0.0000000000 	0.0779080760 	0.0000000000 	0.0000000000 	0.0000000000 	0.9998111912 	
176.0000000000 	0.7349755358 	0.0778541314 	0.1091182653 	0.0000000000 	0.0778632587 	0.0000000000 	0.0000000000 	0.0000000000 	0.9998111912 	
176.5000000000 	0.7349095505 	0.0778093182 	0.1092738780 	0.0000000000 	0.0778184445 	0.0000000000 	0.0000000000 	0.0000000000 	0.9998111912 	
177.0000000000 	0.7348436689 	0.0777645142 	0.1094293686 	0.0000000000 	0.0777736395 	0.0000000000 	0.0000000000 	0.0000000000 	0.9998111912 	
177.5000000000 	0.7347779069 	0.0777197257 	0.1095847087 	0.0000000000 	0.0777288500 	0.0000000000 	0.0000000000 	0.0000000000 	0.9998111912 	
178.0000000000 	0.7347122804 	0.0776749587 	0.1097398701 	0.0000000000 	0.0776840820 	0.0000000000 	0.0000000000 	0.0000000000 	0.9998111912 	
178.5000000000 	0.7346468054 	0.0776302194 	0.1098948246 	0.0000000000 	0.0776393418 	0.0000000000 	0.0000000000 	0.0000000000 	0.9998111912 	
179.0000000000 	0.7345814977 	0.0775855140 	0.1100495441 	0.0000000000 	0.0775946354 	0.0000000000 	0.0000000000 	0.0000000000 	0.9998111912 	
179.5000000000 	0.7345163732 	0.0775408486 	0.1102040004 	0.0000000000 	0.0775499690 	0.0000000000 	0.0000000000 	0.0000000000 	0.9998111912 	
180.0000000000 	0.7344514477 	0.0774962293 	0.1103581654 	0.0000000000 	0.0775053487 	0.0000000000 	0.0000000000 	0.0000000000 	0.9998111912 	
180.5000000000 	0.7343867369 	0.0774516623 	0.1105120113 	0.0000000000 	0.0774607807 	0.0000000000 	0.0000000000 	0.0000000000 	0.9998111912 	
181.0000000000 	0.7343222566 	0.0774071536 	0.1106655099 	0.0000000000 	0.0774162711 	0.0000000000 	0.0000000000 	0.0000000000 	0.9998111912 	
181.5000000000 	0.7342580225 	0.0773627094 	0.1108186335 	0.0000000000 	0.0773718258 	0.0000000000 	0.0000000000 	0.0000000000 	0.9998111912 	
182.0000000000 	0.7341940501 	0.0773183357 	0.1109713542 	0.0000000000 	0.0773274512 	0.0000000000 	0.0000000000 	0.0000000000 	0.9998111912 	
182.5000000000 	0.7341303552 	0.0772740386 	0.1111236443 	0.0000000000 	0.0772831531 	0.0000000000 	0.0000000000 	0.0000000000 	0.9998111912 	
183.0000000000 	0.7340669532 	0.0772298242 	0.1112754760 	0.0000000000 	0.0772389377 	0.0000000000 	0.0000000000 	0.0000000000 	0.9998111912 	
183.5000000000 	0.7340038597 	0.0771856985 	0.1114268220 	0.0000000000 	0.0771948110 	0.0000000000 	0.0000000000 	0.0000000000 	0.9998111912 	
184.0000000000 	0.7339410900 	0.0771416676 	0.1115776546 	0.0000000000 	0.0771507791 	0.0000000000 	0.0000000000 	0.0000000000 	0.9998111912 	
184.5000000000 	0.7338786595 	0.0770977374 	0.1117279465 	0.0000000000 	0.0771068479 	0.0000000000 	0.0000000000 	0.0000000000 	0.9998111912 	
185.0000000000 	0.7338165836 	0.0770539139 	0.1118776703 	0.0000000000 	0.0770630235 	0.0000000000 	0.0000000000 	0.0000000000 	0.9998111912 	
185.5000000000 	0.7337548775 	0.0770102031 	0.1120267989 	0.0000000000 	0.0770193117 	0.0000000000 	0.0000000000 	0.0000000000 	0.9998111912 	
186.0000000000 	0.7336935563 	0.0769666110 	0.1121753052 	0.0000000000 	0.0769757187 	0.0000000000 	0.0000000000 	0.0000000000 	0.9998111912 	
186.5000000000 	0.7336326353 	0.0769231436 	0.1123231622 	0.0000000000 	0.0769322502 	0.0000000000 	0.0000000000 	0.0000000000 	0.9998111912 	
187.0000000000 	0.7335721294 	0.0768798066 	0.1124703431 	0.0000000000 	0.0768889122 	0.0000000000 	0.0000000000 	0.0000000000 	0.9998111912 	
187.5000000000 	0.7335120536 	0.0768366060 	0.1126168211 	0.0000000000 	0.0768457106 	0.0000000000 	0.0000000000 	0.0000000000 	0.9998111912 	
188.0000000000 	0.7334524227 	0.0767935476 	0.1127625696 	0.0000000000 	0.0768026513 	0.0000000000 	0.0000000000 	0.0000000000 	0.9998111912 	
188.5000000000 	0.7333932517 	0.0767506374 	0.1129075621 	0.0000000000 	0.0767597400 	0.0000000000 	0.0000000000 	0.0000000000 	0.9998111913 	
189.0000000000 	0.7333345553 	0.0767078810 	0.1130517723 	0.0000000000 	0.0767169827 	0.0000000000 	0.0000000000 	0.0000000000 	0.9998111913 	
189.5000000000 	0.7332763480 	0.0766652843 	0.1131951739 	0.0000000000 	0.0766743850 	0.0000000000 	0.0000000000 	0.0000000000 	0.9998111913 	
190.0000000000 	0.7332186445 	0.0766228531 	0.1133377409 	0.0000000000 	0.0766319528 	0.0000000000 	0.0000000000 	0.0000000000 	0.9998111913 	
190.5000000000 	0.7331614592 	0.0765805930 	0.1134794474 	0.0000000000 	0.0765896917 	0.0000000000 	0.0000000000 	0.0000000000 	0.9998111913 	
191.0000000000 	0.7331048065 	0.0765385098 	0.1136202675 	0.0000000000 	0.0765476075 	0.0000000000 	0.0000000000 	0.0000000000 	0.9998111913 	
191.5000000000 	0.7330487007 	0.0764966091 	0.1137601757 	0.0000000000 	0.0765057058 	0.0000000000 	0.0000000000 	0.0000000000 	0.9998111913 	
192.0000000000 	0.7329931559 	0.0764548965 	0.1138991465 	0.0000000000 	0.0764639923 	0.0000000000 	0.0000000000 	0.0000000000 	0.9998111913 	
192.5000000000 	0.7329381864 	0.0764133777 	0.1140371547 	0.0000000000 	0.0764224725 	0.0000000000 	0.0000000000 	0.0000000000 	0.9998111913 	
193.0000000000 	0.7328838059 	0.0763720582 	0.1141741750 	0.0000000000 	0.0763811521 	0.0000000000 	0.0000000000 	0.0000000000 	0.9998111913 	
193.5000000000 	0.7328300286 	0.0763309436 	0.1143101826 	0.0000000000 	0.0763400365 	0.0000000000 	0.0000000000 	0.0000000000 	0.9998111913 	
194.0000000000 	0.7327768681 	0.0762900393 	0.1144451527 	0.0000000000 	0.0762991312 	0.0000000000 	0.0000000000 	0.0000000000 	0.9998111913 	
194.5000000000 	0.7327243380 	0.0762493509 	0.1145790606 	0.0000000000 	0.0762584418 	0.0000000000 	0.0000000000 	0.0000000000 	0.9998111913 	
195.0000000000 	0.7326724521 	0.0762088836 	0.1147118820 	0.0000000000 	0.0762179736 	0.0000000000 	0.0000000000 	0.0000000000 	0.9998111913 	
195.5000000000 	0.7326212237 	0.0761686430 	0.1148435926 	0.0000000000 	0.0761777320 	0.0000000000 	0.0000000000 	0.0000000000 	0.9998111913 	
196.0000000000 	0.7325706661 	0.0761286344 	0.1149741685 	0.0000000000 	0.0761377223 	0.0000000000 	0.0000000000 	0.0000000000 	0.9998111913 	
196.5000000000 	0.7325207926 	0.0760888629 	0.1151035858 	0.0000000000 	0.0760979499 	0.0000000000 	0.0000000000 	0.0000000000 	0.9998111913 	
197.0000000000 	0.7324716163 	0.0760493341 	0.1152318209 	0.0000000000 	0.0760584200 	0.0000000000 	0.0000000000 	0.0000000000 	0.9998111913 	
197.5000000000 	0.7324231502 	0.0760100529 	0.1153588503 	0.0000000000 	0.0760191379 	0.0000000000 	0.0000000000 	0.0000000000 	0.9998111913 	
198.0000000000 	0.7323754070 	0.0759710247 	0.1154846509 	0.0000000000 	0.0759801087 	0.0000000000 	0.0000000000 	0.0000000000 	0.9998111913 	
198.5000000000 	0.7323283997 	0.0759322545 	0.1156091996 	0.0000000000 	0.0759413375 	0.0000000000 	0.0000000000 	0.0000000000 	0.9998111913 	
199.0000000000 	0.7322821406 	0.0758937475 	0.1157324737 	0.0000000000 	0.0759028295 	0.0000000000 	0.0000000000 	0.0000000000 	0.9998111913 	
199.5000000000 	0.7322366424 	0.0758555086 	0.1158544506 	0.0000000000 	0.0758645897 	0.0000000000 	0.0000000000 	0.0000000000 	0.9998111913 	
200.0000000000 	0.7321919174 	0.0758175429 	0.1159751079 	0.0000000000 	0.0758266230 	0.0000000000 	0.0000000000 	0.0000000000 	0.9998111913 	
200.5000000000 	0.7321479778 	0.0757798554 	0.1160944237 	0.0000000000 	0.0757889345 	0.0000000000 	0.0000000000 	0.0000000000 	0.9998111913 	
201.0000000000 	0.7321048355 	0.0757424509 	0.1162123759 	0.0000000000 	0.0757515290 	0.0000000000 	0.0000000000 	0.0000000000 	0.9998111913 	
201.5000000000 	0.7320625027 	0.0757053343 	0.1163289429 	0.0000000000 	0.0757144114 	0.0000000000 	0.0000000000 	0.0000000000 	0.9998111913 	
202.0000000000 	0.7320209910 	0.0756685103 	0.1164441035 	0.0000000000 	0.0756775865 	0.0000000000 	0.0000000000 	0.0000000000 	0.9998111913 	
202.5000000000 	0.7319803122 	0.0756319839 	0.1165578362 	0.0000000000 	0.0756410590 	0.0000000000 	0.0000000000 	0.0000000000 	0.9998111913 	
203.0000000000 	0.7319404777 	0.0755957595 	0.1166701204 	0.0000000000 	0.0756048337 	0.0000000000 	0.0000000000 	0.0000000000 	0.9998111913 	
203.5000000000 	0.7319014989 	0.0755598420 	0.1167809353 	0.0000000000 	0.0755689152 	0.0000000000 	0.0000000000 	0.0000000000 	0.9998111913 	
204.0000000000 	0.7318633869 	0.0755242358 	0.1168902605 	0.0000000000 	0.0755333081 	0.0000000000 	0.0000000000 	0.0000000000 	0.9998111913 	
204.5000000000 	0.7318261530 	0.0754889456 	0.1169980759 	0.0000000000 	0.0754980169 	0.0000000000 	0.0000000000 	0.0000000000 	0.9998111914 	
205.0000000000 	0.7317898079 	0.0754539758 	0.1171043615 	0.0000000000 	0.0754630461 	0.0000000000 	0.0000000000 	0.0000000000 	0.9998111914 	
205.5000000000 	0.7317543625 	0.0754193309 	0.1172090978 	0.0000000000 	0.0754284002 	0.0000000000 	0.0000000000 	0.0000000000 	0.9998111914 	
206.0000000000 	0.7317198273 	0.0753850152 	0.1173122653 	0.0000000000 	0.0753940835 	0.0000000000 	0.0000000000 	0.0000000000 	0.9998111914 	
206.5000000000 	0.7316862128 	0.0753510331 	0.1174138451 	0.0000000000 	0.0753601004 	0.0000000000 	0.0000000000 	0.0000000000 	0.9998111914 	
207.0000000000 	0.7316535293 	0.0753173888 	0.1175138181 	0.0000000000 	0.0753264551 	0.0000000000 	0.0000000000 	0.0000000000 	0.9998111914 	
207.5000000000 	0.7316217869 	0.0752840865 	0.1176121661 	0.0000000000 	0.0752931519 	0.0000000000 	0.0000000000 	0.0000000000 	0.9998111914 	
208.0000000000 	0.7315909956 	0.0752511304 	0.1177088705 	0.0000000000 	0.0752601948 	0.0000000000 	0.0000000000 	0.0000000000 	0.9998111914 	
208.5000000000 	0.7315611652 	0.0752185246 	0.1178039136 	0.0000000000 	0.0752275880 	0.0000000000 	0.0000000000 	0.0000000000 	0.9998111914 	
209.0000000000 	0.7315323052 	0.0751862731 	0.1178972775 	0.0000000000 	0.0751953355 	0.0000000000 	0.0000000000 	0.0000000000 	0.9998111914 	
209.5000000000 	0.7315044253 	0.0751543798 	0.1179889450 	0.0000000000 	0.0751634413 	0.0000000000 	0.0000000000 	0.0000000000 	0.9998111914 	
210.0000000000 	0.7314775347 	0.0751228487 	0.1180788987 	0.0000000000 	0.0751319093 	0.0000000000 	0.0000000000 	0.0000000000 	0.9998111914 	
210.5000000000 	0.7314516424 	0.0750916837 	0.1181671220 	0.0000000000 	0.0751007432 	0.0000000000 	0.0000000000 	0.0000000000 	0.9998111914 	
211.0000000000 	0.7314267576 	0.0750608884 	0.1182535984 	0.0000000000 	0.0750699470 	0.0000000000 	0.0000000000 	0.0000000000 	0.9998111914 	
211.5000000000 	0.7314028889 	0.0750304667 	0.1183383115 	0.0000000000 	0.0750395243 	0.0000000000 	0.0000000000 	0.0000000000 	0.9998111914 	
212.0000000000 	0.7313800450 	0.0750004222 	0.1184212454 	0.0000000000 	0.0750094788 	0.0000000000 	0.0000000000 	0.0000000000 	0.9998111914 	
212.5000000000 	0.7313582344 	0.0749707584 	0.1185023846 	0.0000000000 	0.0749798140 	0.0000000000 	0.0000000000 	0.0000000000 	0.9998111914 	
213.0000000000 	0.7313374652 	0.0749414789 	0.1185817137 	0.0000000000 	0.0749505335 	0.0000000000 	0.0000000000 	0.0000000000 	0.9998111914 	
213.5000000000 	0.7313177456 	0.0749125872 	0.1186592178 	0.0000000000 	0.0749216408 	0.0000000000 	0.0000000000 	0.0000000000 	0.9998111914 	
214.0000000000 	0.7312990835 	0.0748840866 	0.1187348820 	0.0000000000 	0.0748931393 	0.0000000000 	0.0000000000 	0.0000000000 	0.9998111914 	
214.5000000000 	0.7312814866 	0.0748559805 	0.1188086922 	0.0000000000 	0.0748650322 	0.0000000000 	0.0000000000 	0.0000000000 	0.9998111914 	
215.0000000000 	0.7312649624 	0.0748282721 	0.1188806341 	0.0000000000 	0.0748373229 	0.0000000000 	0.0000000000 	0.0000000000 	0.9998111914 	
215.5000000000 	0.7312495182 	0.0748009647 	0.1189506940 	0.0000000000 	0.0748100144 	0.0000000000 	0.0000000000 	0.0000000000 	0.9998111914 	
216.0000000000 	0.7312351614 	0.0747740613 	0.1190188586 	0.0000000000 	0.0747831101 	0.0000000000 	0.0000000000 	0.0000000000 	0.9998111914 	
216.5000000000 	0.7312218988 	0.0747475650 	0.1190851148 	0.0000000000 	0.0747566128 	0.0000000000 	0.0000000000 	0.0000000000 	0.9998111914 	
217.0000000000 	0.7312097372 	0.0747214788 	0.1191494497 	0.0000000000 	0.0747305257 	0.0000000000 	0.0000000000 	0.0000000000 	0.9998111914 	
217.5000000000 	0.7311986833 	0.0746958057 	0.1192118510 	0.0000000000 	0.0747048515 	0.0000000000 	0.0000000000 	0.0000000000 	0.9998111914 	
218.0000000000 	0.7311887434 	0.0746705484 	0.1192723065 	0.0000000000 	0.0746795932 	0.0000000000 	0.0000000000 	0.0000000000 	0.9998111914 	
218.5000000000 	0.7311799239 	0.0746457097 	0.1193308044 	0.0000000000 	0.0746547535 	0.0000000000 	0.0000000000 	0.0000000000 	0.9998111914 	
219.0000000000 	0.7311722306 	0.0746212923 	0.1193873333 	0.0000000000 	0.0746303352 	0.0000000000 	0.0000000000 	0.0000000000 	0.9998111914 	
219.5000000000 	0.7311656696 	0.0745972989 	0.1194418821 	0.0000000000 	0.0746063408 	0.0000000000 	0.0000000000 	0.0000000000 	0.9998111914 	
220.0000000000 	0.7311602464 	0.0745737320 	0.1194944400 	0.0000000000 	0.0745827730 	0.0000000000 	0.0000000000 	0.0000000000 	0.9998111914 	
220.5000000000 	0.7311559665 	0.0745505942 	0.1195449967 	0.0000000000 	0.0745596341 	0.0000000000 	0.0000000000 	0.0000000000 	0.9998111914 	
221.0000000000 	0.7311528351 	0.0745278877 	0.1195935419 	0.0000000000 	0.0745369267 	0.0000000000 	0.0000000000 	0.0000000000 	0.9998111915 	
