##input
##{
##time_step=0.5;
##time_end = 600;
##Gamma_l =0.50;
##Gamma_m =0.50;
##Gamma_r =0.50;
##Nbin =2;
##svdcutoff = 1E-7;
##maxnumberofSV = 5000;
##feedback_time = 10; //ATTENTION avoid feedback 2, avoid feedback times uneven
##init_000 = 0.; 
##init_001 = 0.0; 
##init_010 = 0.0; 
##init_011 = 0.; 
##init_100 = 0.0; 
##init_101 = 0.; 
##init_110 = 0.; 
##init_111 = 1.; 
##phi_l = 0.150;  // as multiple of pi
##phi_m = 0.00;  // as multiple of pi
##phi_r = 1.85;  // as multiple of pi
##}
##// =ATTENTION feedback counts between left and right, middle is half the feedback, effective first feedback effect after fb/2
##// =ATTENTION exclude feedback time of 2, i.e. no distance between left - middle - right bin
##// =ATTENTION exclude uneven feedback times of 2n+1, i.e. asymmetric swap necessary between left - middle - right bin
##// =ATTENTION exclude complex valued initial states, not yet implemented
##
##// 1./sqrt(2.) = 0.70710678118
##// 1./sqrt(3.) = 0.57735027
0.0000000000 	0.0000000000 	0.0000000000 	0.0000000000 	0.0000000000 	0.0000000000 	0.0000000000 	0.0000000000 	1.0000000000 	1.0000000000 	
0.5000000000 	0.0121429101 	0.0406874917 	0.0406874917 	0.1363312842 	0.0406874917 	0.1363312842 	0.1363312842 	0.4568018181 	1.0000010559 	
1.0000000000 	0.0673530795 	0.0981879209 	0.0981879209 	0.1431389344 	0.0981879209 	0.1431389344 	0.1431389344 	0.2086679010 	1.0000015463 	
1.5000000000 	0.1602783327 	0.1347861647 	0.1347861447 	0.1133483632 	0.1347861689 	0.1133483594 	0.1133483651 	0.0953198766 	1.0000017752 	
2.0000000000 	0.2723418570 	0.1478135367 	0.1478135104 	0.0802257150 	0.1478135429 	0.0802257106 	0.0802257171 	0.0435422929 	1.0000018826 	
2.5000000000 	0.3875099803 	0.1440132439 	0.1440132204 	0.0535206800 	0.1440132514 	0.0535206768 	0.0535206820 	0.0198901986 	1.0000019333 	
3.0000000000 	0.4620864391 	0.1325142194 	0.1432177412 	0.0403074359 	0.1325142412 	0.0378033166 	0.0403074404 	0.0112511107 	1.0000019445 	
3.5000000000 	0.5137615238 	0.1194195453 	0.1397288362 	0.0360474201 	0.1194196355 	0.0268369853 	0.0360472912 	0.0087405639 	1.0000018014 	
4.0000000000 	0.5450445507 	0.1092250447 	0.1378757407 	0.0356628212 	0.1092268216 	0.0196031648 	0.0356619457 	0.0077015456 	1.0000016349 	
4.5000000000 	0.5637209712 	0.1025530737 	0.1370851338 	0.0363014624 	0.1025584162 	0.0146644710 	0.0363003457 	0.0068169102 	1.0000007842 	
5.0000000000 	0.5766593874 	0.0986232139 	0.1363243113 	0.0364217515 	0.0986228484 	0.0111500215 	0.0364225260 	0.0057763463 	1.0000004063 	
5.5000000000 	0.5596005933 	0.1105933938 	0.1461678925 	0.0319517358 	0.1105945110 	0.0071972728 	0.0319519288 	0.0019423749 	0.9999997028 	
6.0000000000 	0.5360672724 	0.1239455718 	0.1530902078 	0.0271187672 	0.1239483538 	0.0081828617 	0.0271193779 	0.0005255481 	0.9999979608 	
6.5000000000 	0.5226806367 	0.1326419448 	0.1555506466 	0.0229456848 	0.1326556686 	0.0104589751 	0.0229492610 	0.0001138874 	0.9999967051 	
7.0000000000 	0.5233130849 	0.1353611143 	0.1539307569 	0.0200406578 	0.1353740840 	0.0119149567 	0.0200415243 	0.0000188063 	0.9999949852 	
7.5000000000 	0.5355105346 	0.1330553978 	0.1496813741 	0.0184347424 	0.1330507592 	0.0118239644 	0.0184345799 	0.0000010467 	0.9999923990 	
8.0000000000 	0.5578442544 	0.1273423191 	0.1430978006 	0.0168988741 	0.1273420178 	0.0105695410 	0.0168960410 	0.0000000032 	0.9999908510 	
8.5000000000 	0.5866117087 	0.1196750864 	0.1357776272 	0.0146380795 	0.1196764383 	0.0089735066 	0.0146368080 	0.0000000019 	0.9999892566 	
9.0000000000 	0.6144246630 	0.1113868848 	0.1309328162 	0.0121440514 	0.1113819357 	0.0075700873 	0.0121461472 	0.0000005407 	0.9999871264 	
9.5000000000 	0.6368609783 	0.1035380079 	0.1300143914 	0.0097206074 	0.1035366385 	0.0065895162 	0.0097227727 	0.0000024566 	0.9999853691 	
10.0000000000 	0.6525781172 	0.0967393629 	0.1328387320 	0.0075379212 	0.0967361487 	0.0060056058 	0.0075394802 	0.0000074781 	0.9999828462 	
10.5000000000 	0.6608642462 	0.0920397464 	0.1374680988 	0.0059606899 	0.0920375874 	0.0056308171 	0.0059610900 	0.0000171218 	0.9999793977 	
11.0000000000 	0.6624304285 	0.0901595204 	0.1417767172 	0.0050651719 	0.0901594501 	0.0052893656 	0.0050654790 	0.0000309230 	0.9999770556 	
11.5000000000 	0.6607742419 	0.0902103727 	0.1446722504 	0.0045450067 	0.0902109281 	0.0049691834 	0.0045464239 	0.0000457516 	0.9999741587 	
12.0000000000 	0.6589086203 	0.0910980194 	0.1456784008 	0.0042028407 	0.0910993845 	0.0047265769 	0.0042032067 	0.0000545901 	0.9999716393 	
12.5000000000 	0.6588952180 	0.0918799329 	0.1448719790 	0.0039089197 	0.0918826391 	0.0045686912 	0.0039092502 	0.0000523883 	0.9999690186 	
13.0000000000 	0.6615869243 	0.0920522108 	0.1426083655 	0.0035940233 	0.0920564567 	0.0044312950 	0.0035953268 	0.0000412663 	0.9999658686 	
13.5000000000 	0.6668234221 	0.0915464991 	0.1392871689 	0.0032474228 	0.0915510569 	0.0042330983 	0.0032473352 	0.0000270548 	0.9999630580 	
14.0000000000 	0.6738784004 	0.0904810687 	0.1353829970 	0.0028899377 	0.0904859252 	0.0039369571 	0.0028903813 	0.0000149464 	0.9999606138 	
14.5000000000 	0.6818103860 	0.0890207456 	0.1314164192 	0.0025556237 	0.0890279787 	0.0035626872 	0.0025570124 	0.0000072328 	0.9999580855 	
15.0000000000 	0.6896985750 	0.0873643238 	0.1278383433 	0.0022662486 	0.0873682484 	0.0031509010 	0.0022685078 	0.0000032063 	0.9999583542 	
15.5000000000 	0.6967632881 	0.0857467090 	0.1248898546 	0.0020290158 	0.0857490531 	0.0027456846 	0.0020308980 	0.0000013656 	0.9999558687 	
16.0000000000 	0.7023660030 	0.0844544649 	0.1226100598 	0.0018396289 	0.0844599352 	0.0023819893 	0.0018407512 	0.0000005694 	0.9999534017 	
16.5000000000 	0.7062301749 	0.0836874336 	0.1208798960 	0.0016869651 	0.0836970094 	0.0020818006 	0.0016877586 	0.0000001970 	0.9999512351 	
17.0000000000 	0.7085486650 	0.0834726423 	0.1194860629 	0.0015582547 	0.0834808323 	0.0018409209 	0.0015591010 	0.0000000009 	0.9999464800 	
17.5000000000 	0.7098390395 	0.0836769934 	0.1181989044 	0.0014442174 	0.0836880235 	0.0016481588 	0.0014452281 	0.0000000006 	0.9999405658 	
18.0000000000 	0.7107315910 	0.0840888600 	0.1168385334 	0.0013407625 	0.0841023340 	0.0014922337 	0.0013428274 	0.0000000004 	0.9999371424 	
18.5000000000 	0.7117430921 	0.0845015306 	0.1153186762 	0.0012466964 	0.0845152007 	0.0013607205 	0.0012487960 	0.0000000004 	0.9999347128 	
19.0000000000 	0.7132034318 	0.0847537603 	0.1136430009 	0.0011602566 	0.0847658666 	0.0012443875 	0.0011614199 	0.0000000006 	0.9999321242 	
19.5000000000 	0.7151674411 	0.0847740258 	0.1119046006 	0.0010784868 	0.0847895443 	0.0011380357 	0.0010795695 	0.0000000004 	0.9999317041 	
20.0000000000 	0.7175366656 	0.0845534484 	0.1102290968 	0.0010018637 	0.0845697670 	0.0010366271 	0.0010032293 	0.0000000001 	0.9999306980 	
20.5000000000 	0.7200659151 	0.0841476909 	0.1087527017 	0.0009294028 	0.0841621620 	0.0009412441 	0.0009294346 	0.0000000002 	0.9999285515 	
21.0000000000 	0.7225475690 	0.0836284716 	0.1075318379 	0.0008610786 	0.0836454614 	0.0008525328 	0.0008600679 	0.0000000008 	0.9999270201 	
21.5000000000 	0.7247502423 	0.0830999294 	0.1066035615 	0.0007965269 	0.0831090054 	0.0007704925 	0.0007949194 	0.0000000005 	0.9999246781 	
22.0000000000 	0.7265805560 	0.0826210462 	0.1059185485 	0.0007363805 	0.0826334391 	0.0006980887 	0.0007337026 	0.0000000006 	0.9999217623 	
22.5000000000 	0.7280296648 	0.0822464434 	0.1053946121 	0.0006805808 	0.0822558666 	0.0006343611 	0.0006782672 	0.0000000008 	0.9999197966 	
23.0000000000 	0.7291705758 	0.0819798082 	0.1049399789 	0.0006287117 	0.0819929969 	0.0005770438 	0.0006273565 	0.0000000006 	0.9999164725 	
23.5000000000 	0.7301074103 	0.0818189902 	0.1044715789 	0.0005816788 	0.0818290079 	0.0005263168 	0.0005797433 	0.0000000002 	0.9999147264 	
24.0000000000 	0.7309912631 	0.0817181932 	0.1039222142 	0.0005383283 	0.0817281393 	0.0004794327 	0.0005360046 	0.0000000004 	0.9999135759 	
24.5000000000 	0.7318733097 	0.0816590836 	0.1032854678 	0.0004976184 	0.0816647948 	0.0004367188 	0.0004950991 	0.0000000003 	0.9999120926 	
25.0000000000 	0.7328204912 	0.0816017268 	0.1025647348 	0.0004597953 	0.0816111873 	0.0003979584 	0.0004570766 	0.0000000005 	0.9999129709 	
25.5000000000 	0.7338260740 	0.0815377451 	0.1017905334 	0.0004239563 	0.0815465563 	0.0003619979 	0.0004209048 	0.0000000005 	0.9999077683 	
26.0000000000 	0.7348666798 	0.0814578370 	0.1010010720 	0.0003903126 	0.0814708397 	0.0003288998 	0.0003874912 	0.0000000007 	0.9999031328 	
26.5000000000 	0.7358992692 	0.0813779461 	0.1002188841 	0.0003584308 	0.0813926012 	0.0002987139 	0.0003560632 	0.0000000011 	0.9999019097 	
27.0000000000 	0.7368576103 	0.0812991183 	0.0995029399 	0.0003294619 	0.0813153393 	0.0002715920 	0.0003272871 	0.0000000004 	0.9999033491 	
27.5000000000 	0.7377301493 	0.0812304277 	0.0988399686 	0.0003025685 	0.0812496260 	0.0002472217 	0.0003004686 	0.0000000003 	0.9999004307 	
28.0000000000 	0.7384903965 	0.0811844380 	0.0982429576 	0.0002775607 	0.0812010288 	0.0002252094 	0.0002759416 	0.0000000007 	0.9998975334 	
28.5000000000 	0.7391567174 	0.0811569773 	0.0976889260 	0.0002548412 	0.0811778564 	0.0002053304 	0.0002533302 	0.0000000011 	0.9998939800 	
29.0000000000 	0.7397570882 	0.0811376263 	0.0971788129 	0.0002336615 	0.0811650859 	0.0001878098 	0.0002322434 	0.0000000005 	0.9998923284 	
29.5000000000 	0.7403287433 	0.0811296233 	0.0966786552 	0.0002143719 	0.0811531169 	0.0001718216 	0.0002130342 	0.0000000003 	0.9998893666 	
30.0000000000 	0.7408730166 	0.0811292062 	0.0961835444 	0.0001968821 	0.0811505826 	0.0001570769 	0.0001954160 	0.0000000004 	0.9998857251 	
30.5000000000 	0.7414558927 	0.0811136515 	0.0956792739 	0.0001807123 	0.0811317879 	0.0001437016 	0.0001794886 	0.0000000001 	0.9998845087 	
31.0000000000 	0.7420393527 	0.0810957519 	0.0951793225 	0.0001661244 	0.0811052970 	0.0001313431 	0.0001648625 	0.0000000001 	0.9998820541 	
31.5000000000 	0.7426538682 	0.0810505906 	0.0946829776 	0.0001524826 	0.0810690171 	0.0001203160 	0.0001511646 	0.0000000001 	0.9998804168 	
32.0000000000 	0.7432921784 	0.0809800849 	0.0942102462 	0.0001397331 	0.0810063577 	0.0001104876 	0.0001387073 	0.0000000001 	0.9998777953 	
32.5000000000 	0.7438818813 	0.0809214915 	0.0937555868 	0.0001281809 	0.0809600372 	0.0001012763 	0.0001270106 	0.0000000001 	0.9998754648 	
33.0000000000 	0.7444539985 	0.0808694927 	0.0933367172 	0.0001176588 	0.0808856055 	0.0000930541 	0.0001166276 	0.0000000002 	0.9998731546 	
33.5000000000 	0.7449688041 	0.0808091824 	0.0929543025 	0.0001076182 	0.0808391743 	0.0000857471 	0.0001071811 	0.0000000001 	0.9998720097 	
34.0000000000 	0.7454318719 	0.0807648948 	0.0926154843 	0.0000983663 	0.0807827803 	0.0000788397 	0.0000983625 	0.0000000001 	0.9998705998 	
34.5000000000 	0.7458718000 	0.0807050481 	0.0923014703 	0.0000902476 	0.0807367540 	0.0000727852 	0.0000904336 	0.0000000001 	0.9998685389 	
35.0000000000 	0.7462220145 	0.0806608621 	0.0920532933 	0.0000823751 	0.0806974082 	0.0000672529 	0.0000829343 	0.0000000000 	0.9998661403 	
35.5000000000 	0.7465536448 	0.0806198885 	0.0918359942 	0.0000751725 	0.0806425282 	0.0000619296 	0.0000758948 	0.0000000000 	0.9998650527 	
36.0000000000 	0.7468381608 	0.0805717750 	0.0916579767 	0.0000684785 	0.0805994362 	0.0000570518 	0.0000694283 	0.0000000000 	0.9998623074 	
36.5000000000 	0.7470849077 	0.0805190530 	0.0915139941 	0.0000621173 	0.0805641053 	0.0000526325 	0.0000636734 	0.0000000000 	0.9998604833 	
37.0000000000 	0.7473108862 	0.0804620269 	0.0914170150 	0.0000562723 	0.0805062549 	0.0000483034 	0.0000581919 	0.0000000000 	0.9998589507 	
37.5000000000 	0.7475254389 	0.0803811678 	0.0913626769 	0.0000513588 	0.0804390913 	0.0000446253 	0.0000531320 	0.0000000000 	0.9998574910 	
38.0000000000 	0.7477208008 	0.0802958192 	0.0913411451 	0.0000469827 	0.0803617811 	0.0000412647 	0.0000484978 	0.0000000000 	0.9998562914 	
38.5000000000 	0.7478929062 	0.0801945881 	0.0913563608 	0.0000429695 	0.0802855407 	0.0000380772 	0.0000445215 	0.0000000000 	0.9998549642 	
39.0000000000 	0.7480537631 	0.0800890575 	0.0914135893 	0.0000392264 	0.0801804857 	0.0000352427 	0.0000406221 	0.0000000000 	0.9998519868 	
39.5000000000 	0.7482092017 	0.0799773150 	0.0914820359 	0.0000357608 	0.0800759587 	0.0000326926 	0.0000372058 	0.0000000001 	0.9998501705 	
40.0000000000 	0.7483290807 	0.0798533964 	0.0916094015 	0.0000325560 	0.0799598576 	0.0000303099 	0.0000338944 	0.0000000000 	0.9998484967 	
40.5000000000 	0.7484622722 	0.0797238174 	0.0917330433 	0.0000296508 	0.0798396987 	0.0000281295 	0.0000309133 	0.0000000000 	0.9998475252 	
41.0000000000 	0.7485668007 	0.0795889333 	0.0918935383 	0.0000269630 	0.0797157624 	0.0000260404 	0.0000281261 	0.0000000000 	0.9998461641 	
41.5000000000 	0.7486797546 	0.0794545219 	0.0920538769 	0.0000244780 	0.0795834714 	0.0000241002 	0.0000255905 	0.0000000000 	0.9998457936 	
42.0000000000 	0.7487658295 	0.0793239048 	0.0922340756 	0.0000222556 	0.0794530080 	0.0000223014 	0.0000233644 	0.0000000001 	0.9998447394 	
42.5000000000 	0.7488805673 	0.0791732060 	0.0924172782 	0.0000200971 	0.0793100088 	0.0000205597 	0.0000213098 	0.0000000001 	0.9998430270 	
43.0000000000 	0.7489261447 	0.0790580647 	0.0926305969 	0.0000181725 	0.0791689744 	0.0000188499 	0.0000193900 	0.0000000002 	0.9998401932 	
43.5000000000 	0.7490188564 	0.0789198521 	0.0928300071 	0.0000165349 	0.0790169914 	0.0000172574 	0.0000176777 	0.0000000001 	0.9998371771 	
44.0000000000 	0.7490917942 	0.0787894433 	0.0930374017 	0.0000150812 	0.0788691247 	0.0000157866 	0.0000161083 	0.0000000001 	0.9998347400 	
44.5000000000 	0.7491466988 	0.0786559367 	0.0932737812 	0.0000137452 	0.0787129706 	0.0000144632 	0.0000146648 	0.0000000001 	0.9998322605 	
45.0000000000 	0.7491791307 	0.0785176938 	0.0935304903 	0.0000125967 	0.0785640969 	0.0000133386 	0.0000133871 	0.0000000000 	0.9998307341 	
45.5000000000 	0.7492165061 	0.0783640341 	0.0937962670 	0.0000115886 	0.0784150862 	0.0000123408 	0.0000122734 	0.0000000000 	0.9998280961 	
46.0000000000 	0.7492176435 	0.0782283850 	0.0940837285 	0.0000106291 	0.0782630713 	0.0000114338 	0.0000112840 	0.0000000000 	0.9998261751 	
46.5000000000 	0.7492132747 	0.0780816702 	0.0943944781 	0.0000097261 	0.0781046025 	0.0000105675 	0.0000103591 	0.0000000000 	0.9998246784 	
47.0000000000 	0.7491906032 	0.0779320770 	0.0947242222 	0.0000088942 	0.0779484423 	0.0000097600 	0.0000094211 	0.0000000001 	0.9998234201 	
47.5000000000 	0.7491617881 	0.0777736569 	0.0950815405 	0.0000081206 	0.0777797328 	0.0000089942 	0.0000085223 	0.0000000001 	0.9998223555 	
48.0000000000 	0.7491104375 	0.0776089320 	0.0954687041 	0.0000074770 	0.0776091576 	0.0000082538 	0.0000079201 	0.0000000000 	0.9998208820 	
48.5000000000 	0.7490415622 	0.0774460344 	0.0958738856 	0.0000068671 	0.0774364929 	0.0000076958 	0.0000072307 	0.0000000001 	0.9998197688 	
49.0000000000 	0.7489669691 	0.0772759795 	0.0962955062 	0.0000062703 	0.0772610206 	0.0000071282 	0.0000065679 	0.0000000001 	0.9998194418 	
49.5000000000 	0.7488676177 	0.0770994996 	0.0967496447 	0.0000057359 	0.0770829307 	0.0000065396 	0.0000060008 	0.0000000001 	0.9998179691 	
50.0000000000 	0.7487646598 	0.0769145537 	0.0972250083 	0.0000052068 	0.0768961417 	0.0000060300 	0.0000054430 	0.0000000001 	0.9998170436 	
50.5000000000 	0.7486547692 	0.0767253819 	0.0977159453 	0.0000046743 	0.0767045775 	0.0000056135 	0.0000049342 	0.0000000001 	0.9998158961 	
51.0000000000 	0.7485403636 	0.0765337358 	0.0982227868 	0.0000042573 	0.0765043024 	0.0000051707 	0.0000044984 	0.0000000001 	0.9998151151 	
51.5000000000 	0.7484456464 	0.0763265225 	0.0987312560 	0.0000038884 	0.0762979285 	0.0000047430 	0.0000040981 	0.0000000000 	0.9998140830 	
52.0000000000 	0.7483168038 	0.0761193737 	0.0992668063 	0.0000035162 	0.0760988530 	0.0000043449 	0.0000036955 	0.0000000000 	0.9998133934 	
52.5000000000 	0.7481994521 	0.0759058424 	0.0997978771 	0.0000032194 	0.0758990248 	0.0000039667 	0.0000033799 	0.0000000001 	0.9998127626 	
53.0000000000 	0.7480926927 	0.0756873010 	0.1003393380 	0.0000029512 	0.0756833092 	0.0000036190 	0.0000030897 	0.0000000001 	0.9998123007 	
53.5000000000 	0.7479821457 	0.0754687995 	0.1008767750 	0.0000027314 	0.0754750703 	0.0000033180 	0.0000028360 	0.0000000000 	0.9998116759 	
54.0000000000 	0.7478727769 	0.0752529746 	0.1014055222 	0.0000025378 	0.0752713327 	0.0000030355 	0.0000026493 	0.0000000001 	0.9998108291 	
54.5000000000 	0.7477629342 	0.0750281310 	0.1019622609 	0.0000023387 	0.0750484220 	0.0000027642 	0.0000024237 	0.0000000000 	0.9998092747 	
55.0000000000 	0.7476458640 	0.0748254279 	0.1025016902 	0.0000021625 	0.0748287874 	0.0000025351 	0.0000022163 	0.0000000000 	0.9998086834 	
55.5000000000 	0.7475352366 	0.0746048878 	0.1030409511 	0.0000020052 	0.0746204132 	0.0000023200 	0.0000020198 	0.0000000000 	0.9998078337 	
56.0000000000 	0.7474232056 	0.0743909308 	0.1035751580 	0.0000018109 	0.0744136509 	0.0000021231 	0.0000018443 	0.0000000000 	0.9998087235 	
56.5000000000 	0.7473009781 	0.0741814505 	0.1041111497 	0.0000016646 	0.0742085349 	0.0000019483 	0.0000017175 	0.0000000001 	0.9998074437 	
57.0000000000 	0.7471900980 	0.0739699655 	0.1046448471 	0.0000015368 	0.0739971206 	0.0000017900 	0.0000015930 	0.0000000000 	0.9998069511 	
57.5000000000 	0.7470796284 	0.0737615199 	0.1051734889 	0.0000014177 	0.0737868549 	0.0000016398 	0.0000014606 	0.0000000000 	0.9998060103 	
58.0000000000 	0.7469645789 	0.0735543209 	0.1057043671 	0.0000013164 	0.0735781582 	0.0000014915 	0.0000013585 	0.0000000000 	0.9998055915 	
58.5000000000 	0.7468630582 	0.0733513676 	0.1062224358 	0.0000012066 	0.0733658995 	0.0000013592 	0.0000012336 	0.0000000001 	0.9998065605 	
59.0000000000 	0.7467445769 	0.0731441198 	0.1067562194 	0.0000010971 	0.0731566405 	0.0000012296 	0.0000011100 	0.0000000000 	0.9998049933 	
59.5000000000 	0.7466487930 	0.0729365517 	0.1072627251 	0.0000009997 	0.0729522394 	0.0000011272 	0.0000010145 	0.0000000001 	0.9998034508 	
60.0000000000 	0.7465379957 	0.0727327289 	0.1077874412 	0.0000009198 	0.0727417653 	0.0000010398 	0.0000009401 	0.0000000001 	0.9998028308 	
60.5000000000 	0.7464442844 	0.0725239098 	0.1083032290 	0.0000008296 	0.0725273862 	0.0000009505 	0.0000008589 	0.0000000001 	0.9998014484 	
61.0000000000 	0.7463522333 	0.0723157666 	0.1088082639 	0.0000007723 	0.0723221128 	0.0000008498 	0.0000007962 	0.0000000001 	0.9998007950 	
61.5000000000 	0.7462724877 	0.0721071929 	0.1093016410 	0.0000007140 	0.0721168879 	0.0000007744 	0.0000007301 	0.0000000002 	0.9998004282 	
62.0000000000 	0.7461827061 	0.0719027520 	0.1097982845 	0.0000006616 	0.0719137631 	0.0000007093 	0.0000006701 	0.0000000002 	0.9997995469 	
62.5000000000 	0.7461099169 	0.0716998731 	0.1102840240 	0.0000006225 	0.0717034518 	0.0000006487 	0.0000006176 	0.0000000001 	0.9997991547 	
63.0000000000 	0.7460324149 	0.0714975080 	0.1107645465 	0.0000005718 	0.0715023355 	0.0000005826 	0.0000005704 	0.0000000001 	0.9997985298 	
63.5000000000 	0.7459782792 	0.0712996288 	0.1112152747 	0.0000005263 	0.0713031255 	0.0000005257 	0.0000005110 	0.0000000000 	0.9997978713 	
64.0000000000 	0.7459184568 	0.0711039097 	0.1116653462 	0.0000005064 	0.0711078207 	0.0000004693 	0.0000004639 	0.0000000000 	0.9997969730 	
64.5000000000 	0.7458771233 	0.0709053189 	0.1121019949 	0.0000004546 	0.0709103103 	0.0000004270 	0.0000004240 	0.0000000000 	0.9997960529 	
65.0000000000 	0.7458461597 	0.0707121146 	0.1125241485 	0.0000003925 	0.0707119297 	0.0000003895 	0.0000003908 	0.0000000001 	0.9997955254 	
65.5000000000 	0.7458308594 	0.0705191233 	0.1129284228 	0.0000003894 	0.0705156773 	0.0000003546 	0.0000003571 	0.0000000001 	0.9997951840 	
66.0000000000 	0.7458158903 	0.0703282194 	0.1133141588 	0.0000003569 	0.0703354691 	0.0000003250 	0.0000003329 	0.0000000001 	0.9997947524 	
66.5000000000 	0.7458174776 	0.0701398386 	0.1136838039 	0.0000003164 	0.0701522993 	0.0000003054 	0.0000003024 	0.0000000003 	0.9997943440 	
67.0000000000 	0.7458299381 	0.0699588902 	0.1140357362 	0.0000002891 	0.0699687399 	0.0000002867 	0.0000002810 	0.0000000003 	0.9997941615 	
67.5000000000 	0.7458581757 	0.0697810940 	0.1143633886 	0.0000002682 	0.0697901309 	0.0000002559 	0.0000002559 	0.0000000002 	0.9997935695 	
68.0000000000 	0.7458927202 	0.0696061448 	0.1146737709 	0.0000002435 	0.0696194706 	0.0000002326 	0.0000002349 	0.0000000002 	0.9997928175 	
68.5000000000 	0.7459292352 	0.0694372922 	0.1149696343 	0.0000002263 	0.0694552694 	0.0000002191 	0.0000002178 	0.0000000000 	0.9997920943 	
69.0000000000 	0.7459775748 	0.0692764497 	0.1152426386 	0.0000002110 	0.0692942915 	0.0000001971 	0.0000001966 	0.0000000001 	0.9997915594 	
69.5000000000 	0.7460453507 	0.0691215893 	0.1154869920 	0.0000001953 	0.0691368074 	0.0000001759 	0.0000001800 	0.0000000001 	0.9997912908 	
70.0000000000 	0.7461206958 	0.0689688349 	0.1157215405 	0.0000001769 	0.0689795738 	0.0000001574 	0.0000001587 	0.0000000002 	0.9997911382 	
70.5000000000 	0.7462197716 	0.0688180694 	0.1159230648 	0.0000001526 	0.0688293068 	0.0000001454 	0.0000001399 	0.0000000002 	0.9997906507 	
71.0000000000 	0.7463290893 	0.0686711640 	0.1161063126 	0.0000001406 	0.0686832757 	0.0000001297 	0.0000001280 	0.0000000003 	0.9997902403 	
71.5000000000 	0.7464455090 	0.0685295968 	0.1162750017 	0.0000001391 	0.0685386149 	0.0000001176 	0.0000001164 	0.0000000002 	0.9997890955 	
72.0000000000 	0.7465748853 	0.0683906143 	0.1164187791 	0.0000001232 	0.0684041777 	0.0000000130 	0.0000001114 	0.0000000004 	0.9997887043 	
72.5000000000 	0.7467208913 	0.0682602692 	0.1165368671 	0.0000001124 	0.0682693994 	0.0000000108 	0.0000001021 	0.0000000002 	0.9997876524 	
73.0000000000 	0.7468745662 	0.0681355984 	0.1166300516 	0.0000001093 	0.0681470228 	0.0000000090 	0.0000000973 	0.0000000001 	0.9997874547 	
73.5000000000 	0.7470471086 	0.0680122552 	0.1167022288 	0.0000000955 	0.0680250564 	0.0000000070 	0.0000000899 	0.0000000001 	0.9997868415 	
74.0000000000 	0.7472299929 	0.0678948524 	0.1167508095 	0.0000000808 	0.0679109160 	0.0000000057 	0.0000000853 	0.0000000001 	0.9997867427 	
74.5000000000 	0.7474256723 	0.0677849142 	0.1167767765 	0.0000000743 	0.0677991169 	0.0000000069 	0.0000000811 	0.0000000001 	0.9997866425 	
75.0000000000 	0.7476304480 	0.0676789078 	0.1167820553 	0.0000000714 	0.0676949636 	0.0000000071 	0.0000000811 	0.0000000002 	0.9997865345 	
75.5000000000 	0.7478512684 	0.0675787221 	0.1167628994 	0.0000000681 	0.0675933975 	0.0000000058 	0.0000000794 	0.0000000003 	0.9997864409 	
76.0000000000 	0.7480853391 	0.0674848147 	0.1167202235 	0.0000000606 	0.0674958591 	0.0000000040 	0.0000000717 	0.0000000002 	0.9997863728 	
76.5000000000 	0.7483334784 	0.0673950881 	0.1166531180 	0.0000000558 	0.0674045124 	0.0000000033 	0.0000000653 	0.0000000002 	0.9997863215 	
77.0000000000 	0.7485974069 	0.0673098836 	0.1165608059 	0.0000000515 	0.0673180692 	0.0000000028 	0.0000000594 	0.0000000001 	0.9997862794 	
77.5000000000 	0.7488763794 	0.0672296205 	0.1164442077 	0.0000000484 	0.0672359109 	0.0000000028 	0.0000000552 	0.0000000000 	0.9997862249 	
78.0000000000 	0.7491679689 	0.0671545228 	0.1163033571 	0.0000000451 	0.0671602256 	0.0000000027 	0.0000000502 	0.0000000000 	0.9997861725 	
78.5000000000 	0.7494743773 	0.0670846377 	0.1161367866 	0.0000000014 	0.0670899825 	0.0000000007 	0.0000000019 	0.0000000000 	0.9997857881 	
79.0000000000 	0.7497940374 	0.0670204226 	0.1159453448 	0.0000000010 	0.0670259753 	0.0000000007 	0.0000000010 	0.0000000000 	0.9997857827 	
79.5000000000 	0.7501244639 	0.0669620596 	0.1157311874 	0.0000000008 	0.0669680657 	0.0000000006 	0.0000000008 	0.0000000000 	0.9997857789 	
80.0000000000 	0.7504654663 	0.0669091966 	0.1154951341 	0.0000000008 	0.0669159757 	0.0000000009 	0.0000000009 	0.0000000000 	0.9997857753 	
80.5000000000 	0.7508192838 	0.0668617622 	0.1152354153 	0.0000000007 	0.0668693074 	0.0000000010 	0.0000000012 	0.0000000000 	0.9997857718 	
81.0000000000 	0.7511856279 	0.0668196111 	0.1149524635 	0.0000000006 	0.0668280654 	0.0000000008 	0.0000000009 	0.0000000000 	0.9997857702 	
81.5000000000 	0.7515639144 	0.0667829474 	0.1146467007 	0.0000000005 	0.0667922049 	0.0000000006 	0.0000000006 	0.0000000000 	0.9997857690 	
82.0000000000 	0.7519548105 	0.0667512812 	0.1143187391 	0.0000000004 	0.0667609359 	0.0000000005 	0.0000000005 	0.0000000000 	0.9997857680 	
82.5000000000 	0.7523579679 	0.0667244078 	0.1139691620 	0.0000000004 	0.0667342284 	0.0000000005 	0.0000000004 	0.0000000000 	0.9997857675 	
83.0000000000 	0.7527720037 	0.0667027210 	0.1135984297 	0.0000000005 	0.0667126114 	0.0000000004 	0.0000000004 	0.0000000000 	0.9997857671 	
83.5000000000 	0.7531967357 	0.0666860848 	0.1132070067 	0.0000000005 	0.0666959384 	0.0000000004 	0.0000000003 	0.0000000000 	0.9997857667 	
84.0000000000 	0.7536318710 	0.0666743560 	0.1127954349 	0.0000000004 	0.0666841035 	0.0000000003 	0.0000000003 	0.0000000000 	0.9997857664 	
84.5000000000 	0.7540772128 	0.0666673844 	0.1123641892 	0.0000000003 	0.0666769788 	0.0000000003 	0.0000000003 	0.0000000000 	0.9997857661 	
85.0000000000 	0.7545326318 	0.0666650421 	0.1119136488 	0.0000000003 	0.0666744424 	0.0000000002 	0.0000000002 	0.0000000000 	0.9997857658 	
85.5000000000 	0.7549977862 	0.0666672268 	0.1114443407 	0.0000000002 	0.0666764112 	0.0000000002 	0.0000000002 	0.0000000000 	0.9997857656 	
86.0000000000 	0.7554722153 	0.0666738287 	0.1109569256 	0.0000000002 	0.0666827953 	0.0000000001 	0.0000000002 	0.0000000000 	0.9997857654 	
86.5000000000 	0.7559555119 	0.0666847094 	0.1104520545 	0.0000000002 	0.0666934890 	0.0000000001 	0.0000000002 	0.0000000000 	0.9997857652 	
87.0000000000 	0.7564472441 	0.0666997417 	0.1099303787 	0.0000000001 	0.0667084002 	0.0000000001 	0.0000000001 	0.0000000000 	0.9997857651 	
87.5000000000 	0.7569469453 	0.0667188414 	0.1093925576 	0.0000000001 	0.0667274203 	0.0000000001 	0.0000000001 	0.0000000000 	0.9997857649 	
88.0000000000 	0.7574542062 	0.0667418919 	0.1088392734 	0.0000000001 	0.0667503930 	0.0000000001 	0.0000000001 	0.0000000000 	0.9997857648 	
88.5000000000 	0.7579686472 	0.0667687250 	0.1082712369 	0.0000000001 	0.0667771552 	0.0000000001 	0.0000000001 	0.0000000000 	0.9997857646 	
89.0000000000 	0.7584898471 	0.0667991787 	0.1076891839 	0.0000000001 	0.0668075545 	0.0000000001 	0.0000000001 	0.0000000000 	0.9997857645 	
89.5000000000 	0.7590173518 	0.0668330959 	0.1070938761 	0.0000000001 	0.0668414403 	0.0000000001 	0.0000000001 	0.0000000000 	0.9997857643 	
90.0000000000 	0.7595506733 	0.0668703212 	0.1064861096 	0.0000000001 	0.0668786599 	0.0000000001 	0.0000000001 	0.0000000000 	0.9997857642 	
90.5000000000 	0.7600893059 	0.0669106949 	0.1058667084 	0.0000000001 	0.0669190547 	0.0000000000 	0.0000000001 	0.0000000000 	0.9997857641 	
91.0000000000 	0.7606327473 	0.0669540524 	0.1052365061 	0.0000000001 	0.0669624581 	0.0000000000 	0.0000000001 	0.0000000000 	0.9997857640 	
91.5000000000 	0.7611805007 	0.0670002253 	0.1045963423 	0.0000000000 	0.0670086954 	0.0000000000 	0.0000000000 	0.0000000000 	0.9997857639 	
92.0000000000 	0.7617320718 	0.0670490410 	0.1039470671 	0.0000000000 	0.0670575838 	0.0000000000 	0.0000000000 	0.0000000000 	0.9997857639 	
92.5000000000 	0.7622869690 	0.0671003197 	0.1032895431 	0.0000000000 	0.0671089319 	0.0000000000 	0.0000000000 	0.0000000000 	0.9997857638 	
93.0000000000 	0.7628446991 	0.0671538743 	0.1026246456 	0.0000000000 	0.0671625447 	0.0000000000 	0.0000000000 	0.0000000000 	0.9997857638 	
93.5000000000 	0.7634047590 	0.0672095159 	0.1019532604 	0.0000000000 	0.0672182283 	0.0000000000 	0.0000000000 	0.0000000000 	0.9997857637 	
94.0000000000 	0.7639666365 	0.0672670555 	0.1012762814 	0.0000000000 	0.0672757902 	0.0000000000 	0.0000000000 	0.0000000000 	0.9997857637 	
94.5000000000 	0.7645298154 	0.0673263018 	0.1005946086 	0.0000000000 	0.0673350377 	0.0000000000 	0.0000000000 	0.0000000000 	0.9997857636 	
95.0000000000 	0.7650937791 	0.0673870604 	0.0999091463 	0.0000000000 	0.0673957778 	0.0000000000 	0.0000000000 	0.0000000000 	0.9997857636 	
95.5000000000 	0.7656580126 	0.0674491340 	0.0992208005 	0.0000000000 	0.0674578164 	0.0000000000 	0.0000000000 	0.0000000000 	0.9997857636 	
96.0000000000 	0.7662220022 	0.0675123235 	0.0985304786 	0.0000000000 	0.0675209592 	0.0000000000 	0.0000000000 	0.0000000000 	0.9997857635 	
96.5000000000 	0.7667852349 	0.0675764286 	0.0978390886 	0.0000000000 	0.0675850114 	0.0000000000 	0.0000000000 	0.0000000000 	0.9997857635 	
97.0000000000 	0.7673471985 	0.0676412481 	0.0971475392 	0.0000000000 	0.0676497777 	0.0000000000 	0.0000000000 	0.0000000000 	0.9997857635 	
97.5000000000 	0.7679073822 	0.0677065810 	0.0964567376 	0.0000000000 	0.0677150627 	0.0000000000 	0.0000000000 	0.0000000000 	0.9997857635 	
98.0000000000 	0.7684652782 	0.0677722265 	0.0957675887 	0.0000000000 	0.0677806700 	0.0000000000 	0.0000000000 	0.0000000000 	0.9997857635 	
98.5000000000 	0.7690203825 	0.0678379851 	0.0950809936 	0.0000000000 	0.0678464022 	0.0000000000 	0.0000000000 	0.0000000000 	0.9997857634 	
99.0000000000 	0.7695721967 	0.0679036580 	0.0943978478 	0.0000000000 	0.0679120608 	0.0000000000 	0.0000000000 	0.0000000000 	0.9997857634 	
99.5000000000 	0.7701202287 	0.0679690472 	0.0937190406 	0.0000000000 	0.0679774469 	0.0000000000 	0.0000000000 	0.0000000000 	0.9997857634 	
100.0000000000 	0.7706639926 	0.0680339560 	0.0930454533 	0.0000000000 	0.0680423615 	0.0000000000 	0.0000000000 	0.0000000000 	0.9997857634 	
100.5000000000 	0.7712030100 	0.0680981885 	0.0923779583 	0.0000000000 	0.0681066065 	0.0000000000 	0.0000000000 	0.0000000000 	0.9997857634 	
101.0000000000 	0.7717368099 	0.0681615508 	0.0917174178 	0.0000000000 	0.0681699849 	0.0000000000 	0.0000000000 	0.0000000000 	0.9997857634 	
101.5000000000 	0.7722649295 	0.0682238501 	0.0910646821 	0.0000000000 	0.0682323016 	0.0000000000 	0.0000000000 	0.0000000000 	0.9997857634 	
102.0000000000 	0.7727869154 	0.0682848959 	0.0904205885 	0.0000000000 	0.0682933634 	0.0000000000 	0.0000000000 	0.0000000000 	0.9997857633 	
102.5000000000 	0.7733023241 	0.0683444996 	0.0897859596 	0.0000000000 	0.0683529799 	0.0000000000 	0.0000000000 	0.0000000000 	0.9997857633 	
103.0000000000 	0.7738107228 	0.0684024751 	0.0891616021 	0.0000000000 	0.0684109633 	0.0000000000 	0.0000000000 	0.0000000000 	0.9997857633 	
103.5000000000 	0.7743116903 	0.0684586387 	0.0885483054 	0.0000000000 	0.0684671289 	0.0000000000 	0.0000000000 	0.0000000000 	0.9997857633 	
104.0000000000 	0.7748048171 	0.0685128099 	0.0879468405 	0.0000000000 	0.0685212958 	0.0000000000 	0.0000000000 	0.0000000000 	0.9997857633 	
104.5000000000 	0.7752897067 	0.0685648110 	0.0873579590 	0.0000000000 	0.0685732866 	0.0000000000 	0.0000000000 	0.0000000000 	0.9997857633 	
105.0000000000 	0.7757659751 	0.0686144683 	0.0867823917 	0.0000000000 	0.0686229281 	0.0000000000 	0.0000000000 	0.0000000000 	0.9997857633 	
105.5000000000 	0.7762332519 	0.0686616119 	0.0862208479 	0.0000000000 	0.0686700516 	0.0000000000 	0.0000000000 	0.0000000000 	0.9997857633 	
106.0000000000 	0.7766911809 	0.0687060760 	0.0856740140 	0.0000000000 	0.0687144924 	0.0000000000 	0.0000000000 	0.0000000000 	0.9997857633 	
106.5000000000 	0.7771394198 	0.0687476994 	0.0851425531 	0.0000000000 	0.0687560910 	0.0000000000 	0.0000000000 	0.0000000000 	0.9997857633 	
107.0000000000 	0.7775776417 	0.0687863259 	0.0846271034 	0.0000000000 	0.0687946923 	0.0000000000 	0.0000000000 	0.0000000000 	0.9997857633 	
107.5000000000 	0.7780055347 	0.0688218041 	0.0841282780 	0.0000000000 	0.0688301465 	0.0000000000 	0.0000000000 	0.0000000000 	0.9997857633 	
108.0000000000 	0.7784228031 	0.0688539879 	0.0836466636 	0.0000000000 	0.0688623087 	0.0000000000 	0.0000000000 	0.0000000000 	0.9997857633 	
108.5000000000 	0.7788291671 	0.0688827368 	0.0831828200 	0.0000000000 	0.0688910394 	0.0000000000 	0.0000000000 	0.0000000000 	0.9997857633 	
109.0000000000 	0.7792243639 	0.0689079160 	0.0827372791 	0.0000000000 	0.0689162043 	0.0000000000 	0.0000000000 	0.0000000000 	0.9997857633 	
109.5000000000 	0.7796081475 	0.0689293968 	0.0823105440 	0.0000000000 	0.0689376750 	0.0000000000 	0.0000000000 	0.0000000000 	0.9997857633 	
110.0000000000 	0.7799802897 	0.0689470562 	0.0819030889 	0.0000000000 	0.0689553284 	0.0000000000 	0.0000000000 	0.0000000000 	0.9997857633 	
110.5000000000 	0.7803405802 	0.0689607777 	0.0815153577 	0.0000000000 	0.0689690477 	0.0000000000 	0.0000000000 	0.0000000000 	0.9997857633 	
111.0000000000 	0.7806888265 	0.0689704511 	0.0811477638 	0.0000000000 	0.0689787218 	0.0000000000 	0.0000000000 	0.0000000000 	0.9997857633 	
111.5000000000 	0.7810248550 	0.0689759727 	0.0808006893 	0.0000000000 	0.0689842462 	0.0000000000 	0.0000000000 	0.0000000000 	0.9997857633 	
112.0000000000 	0.7813485105 	0.0689772455 	0.0804744844 	0.0000000000 	0.0689855229 	0.0000000000 	0.0000000000 	0.0000000000 	0.9997857633 	
112.5000000000 	0.7816596566 	0.0689741791 	0.0801694672 	0.0000000000 	0.0689824603 	0.0000000000 	0.0000000000 	0.0000000000 	0.9997857633 	
113.0000000000 	0.7819581763 	0.0689666898 	0.0798859230 	0.0000000000 	0.0689749741 	0.0000000000 	0.0000000000 	0.0000000000 	0.9997857633 	
113.5000000000 	0.7822439715 	0.0689547011 	0.0796241039 	0.0000000000 	0.0689629868 	0.0000000000 	0.0000000000 	0.0000000000 	0.9997857633 	
114.0000000000 	0.7825169633 	0.0689381433 	0.0793842286 	0.0000000000 	0.0689464280 	0.0000000000 	0.0000000000 	0.0000000000 	0.9997857633 	
114.5000000000 	0.7827770923 	0.0689169539 	0.0791664820 	0.0000000000 	0.0689252350 	0.0000000000 	0.0000000000 	0.0000000000 	0.9997857633 	
115.0000000000 	0.7830243184 	0.0688910775 	0.0789710151 	0.0000000000 	0.0688993522 	0.0000000000 	0.0000000000 	0.0000000000 	0.9997857633 	
115.5000000000 	0.7832586209 	0.0688604659 	0.0787979449 	0.0000000000 	0.0688687316 	0.0000000000 	0.0000000000 	0.0000000000 	0.9997857633 	
116.0000000000 	0.7834799984 	0.0688250783 	0.0786473538 	0.0000000000 	0.0688333327 	0.0000000000 	0.0000000000 	0.0000000000 	0.9997857633 	
116.5000000000 	0.7836884689 	0.0687848814 	0.0785192906 	0.0000000000 	0.0687931224 	0.0000000000 	0.0000000000 	0.0000000000 	0.9997857633 	
117.0000000000 	0.7838840694 	0.0687398491 	0.0784137693 	0.0000000000 	0.0687480755 	0.0000000000 	0.0000000000 	0.0000000000 	0.9997857633 	
117.5000000000 	0.7840668563 	0.0686899629 	0.0783307702 	0.0000000000 	0.0686981739 	0.0000000000 	0.0000000000 	0.0000000000 	0.9997857633 	
118.0000000000 	0.7842369048 	0.0686352118 	0.0782702392 	0.0000000000 	0.0686434075 	0.0000000000 	0.0000000000 	0.0000000000 	0.9997857633 	
118.5000000000 	0.7843943089 	0.0685755925 	0.0782320887 	0.0000000000 	0.0685837732 	0.0000000000 	0.0000000000 	0.0000000000 	0.9997857633 	
119.0000000000 	0.7845391816 	0.0685111090 	0.0782161971 	0.0000000000 	0.0685192757 	0.0000000000 	0.0000000000 	0.0000000000 	0.9997857633 	
119.5000000000 	0.7846716539 	0.0684417728 	0.0782224096 	0.0000000000 	0.0684499269 	0.0000000000 	0.0000000000 	0.0000000000 	0.9997857633 	
120.0000000000 	0.7847918754 	0.0683676032 	0.0782505385 	0.0000000000 	0.0683757462 	0.0000000000 	0.0000000000 	0.0000000000 	0.9997857633 	
120.5000000000 	0.7849000135 	0.0682886267 	0.0783003629 	0.0000000000 	0.0682967603 	0.0000000000 	0.0000000000 	0.0000000000 	0.9997857633 	
121.0000000000 	0.7849962534 	0.0682048771 	0.0783716298 	0.0000000000 	0.0682130029 	0.0000000000 	0.0000000000 	0.0000000000 	0.9997857633 	
121.5000000000 	0.7850807978 	0.0681163958 	0.0784640544 	0.0000000000 	0.0681245153 	0.0000000000 	0.0000000000 	0.0000000000 	0.9997857633 	
122.0000000000 	0.7851538663 	0.0680232312 	0.0785773202 	0.0000000000 	0.0680313456 	0.0000000000 	0.0000000000 	0.0000000000 	0.9997857633 	
122.5000000000 	0.7852156953 	0.0679254388 	0.0787110799 	0.0000000000 	0.0679335491 	0.0000000000 	0.0000000000 	0.0000000000 	0.9997857633 	
123.0000000000 	0.7852665378 	0.0678230815 	0.0788649559 	0.0000000000 	0.0678311882 	0.0000000000 	0.0000000000 	0.0000000000 	0.9997857633 	
123.5000000000 	0.7853066623 	0.0677162285 	0.0790385406 	0.0000000000 	0.0677243318 	0.0000000000 	0.0000000000 	0.0000000000 	0.9997857633 	
124.0000000000 	0.7853363531 	0.0676049564 	0.0792313977 	0.0000000000 	0.0676130561 	0.0000000000 	0.0000000000 	0.0000000000 	0.9997857633 	
124.5000000000 	0.7853559094 	0.0674893479 	0.0794430623 	0.0000000000 	0.0674974437 	0.0000000000 	0.0000000000 	0.0000000000 	0.9997857633 	
125.0000000000 	0.7853656450 	0.0673694927 	0.0796730419 	0.0000000000 	0.0673775838 	0.0000000000 	0.0000000000 	0.0000000000 	0.9997857633 	
125.5000000000 	0.7853658877 	0.0672454864 	0.0799208172 	0.0000000000 	0.0672535720 	0.0000000000 	0.0000000000 	0.0000000000 	0.9997857633 	
126.0000000000 	0.7853569788 	0.0671174311 	0.0801858431 	0.0000000000 	0.0671255102 	0.0000000000 	0.0000000000 	0.0000000000 	0.9997857633 	
126.5000000000 	0.7853392727 	0.0669854348 	0.0804675493 	0.0000000000 	0.0669935065 	0.0000000000 	0.0000000000 	0.0000000000 	0.9997857633 	
127.0000000000 	0.7853131358 	0.0668496114 	0.0807653412 	0.0000000000 	0.0668576749 	0.0000000000 	0.0000000000 	0.0000000000 	0.9997857633 	
127.5000000000 	0.7852789467 	0.0667100804 	0.0810786013 	0.0000000000 	0.0667181349 	0.0000000000 	0.0000000000 	0.0000000000 	0.9997857633 	
128.0000000000 	0.7852370949 	0.0665669670 	0.0814066896 	0.0000000000 	0.0665750118 	0.0000000000 	0.0000000000 	0.0000000000 	0.9997857633 	
128.5000000000 	0.7851879806 	0.0664204013 	0.0817489452 	0.0000000000 	0.0664284362 	0.0000000000 	0.0000000000 	0.0000000000 	0.9997857633 	
129.0000000000 	0.7851320139 	0.0662705189 	0.0821046869 	0.0000000000 	0.0662785436 	0.0000000000 	0.0000000000 	0.0000000000 	0.9997857633 	
129.5000000000 	0.7850696142 	0.0661174600 	0.0824732146 	0.0000000000 	0.0661254745 	0.0000000000 	0.0000000000 	0.0000000000 	0.9997857633 	
130.0000000000 	0.7850012096 	0.0659613696 	0.0828538100 	0.0000000000 	0.0659693742 	0.0000000000 	0.0000000000 	0.0000000000 	0.9997857633 	
130.5000000000 	0.7849272360 	0.0658023971 	0.0832457383 	0.0000000000 	0.0658103920 	0.0000000000 	0.0000000000 	0.0000000000 	0.9997857633 	
131.0000000000 	0.7848481368 	0.0656406960 	0.0836482489 	0.0000000000 	0.0656486817 	0.0000000000 	0.0000000000 	0.0000000000 	0.9997857633 	
131.5000000000 	0.7847643619 	0.0654764238 	0.0840605768 	0.0000000000 	0.0654844009 	0.0000000000 	0.0000000000 	0.0000000000 	0.9997857633 	
132.0000000000 	0.7846763671 	0.0653097419 	0.0844819435 	0.0000000000 	0.0653177108 	0.0000000000 	0.0000000000 	0.0000000000 	0.9997857633 	
132.5000000000 	0.7845846137 	0.0651408148 	0.0849115588 	0.0000000000 	0.0651487760 	0.0000000000 	0.0000000000 	0.0000000000 	0.9997857633 	
133.0000000000 	0.7844895671 	0.0649698105 	0.0853486212 	0.0000000000 	0.0649777645 	0.0000000000 	0.0000000000 	0.0000000000 	0.9997857633 	
133.5000000000 	0.7843916968 	0.0647968997 	0.0857923199 	0.0000000000 	0.0648048469 	0.0000000000 	0.0000000000 	0.0000000000 	0.9997857633 	
134.0000000000 	0.7842914752 	0.0646222560 	0.0862418355 	0.0000000000 	0.0646301966 	0.0000000000 	0.0000000000 	0.0000000000 	0.9997857633 	
134.5000000000 	0.7841893773 	0.0644460551 	0.0866963416 	0.0000000000 	0.0644539893 	0.0000000000 	0.0000000000 	0.0000000000 	0.9997857633 	
135.0000000000 	0.7840858796 	0.0642684751 	0.0871550058 	0.0000000000 	0.0642764029 	0.0000000000 	0.0000000000 	0.0000000000 	0.9997857633 	
135.5000000000 	0.7839814594 	0.0640896957 	0.0876169911 	0.0000000000 	0.0640976171 	0.0000000000 	0.0000000000 	0.0000000000 	0.9997857633 	
136.0000000000 	0.7838765944 	0.0639098983 	0.0880814574 	0.0000000000 	0.0639178132 	0.0000000000 	0.0000000000 	0.0000000000 	0.9997857633 	
136.5000000000 	0.7837717616 	0.0637292656 	0.0885475623 	0.0000000000 	0.0637371737 	0.0000000000 	0.0000000000 	0.0000000000 	0.9997857633 	
137.0000000000 	0.7836674369 	0.0635479812 	0.0890144628 	0.0000000000 	0.0635558824 	0.0000000000 	0.0000000000 	0.0000000000 	0.9997857633 	
137.5000000000 	0.7835640941 	0.0633662295 	0.0894813163 	0.0000000000 	0.0633741235 	0.0000000000 	0.0000000000 	0.0000000000 	0.9997857633 	
138.0000000000 	0.7834622041 	0.0631841953 	0.0899472821 	0.0000000000 	0.0631920818 	0.0000000000 	0.0000000000 	0.0000000000 	0.9997857633 	
138.5000000000 	0.7833622348 	0.0630020636 	0.0904115225 	0.0000000000 	0.0630099423 	0.0000000000 	0.0000000000 	0.0000000000 	0.9997857633 	
139.0000000000 	0.7832646497 	0.0628200192 	0.0908732044 	0.0000000000 	0.0628278900 	0.0000000000 	0.0000000000 	0.0000000000 	0.9997857633 	
139.5000000000 	0.7831699075 	0.0626382466 	0.0913315000 	0.0000000000 	0.0626461093 	0.0000000000 	0.0000000000 	0.0000000000 	0.9997857633 	
140.0000000000 	0.7830784614 	0.0624569294 	0.0917855885 	0.0000000000 	0.0624647840 	0.0000000000 	0.0000000000 	0.0000000000 	0.9997857634 	
140.5000000000 	0.7829907584 	0.0622762507 	0.0922346572 	0.0000000000 	0.0622840970 	0.0000000000 	0.0000000000 	0.0000000000 	0.9997857634 	
141.0000000000 	0.7829072388 	0.0620963918 	0.0926779028 	0.0000000000 	0.0621042300 	0.0000000000 	0.0000000000 	0.0000000000 	0.9997857634 	
141.5000000000 	0.7828283350 	0.0619175329 	0.0931145324 	0.0000000000 	0.0619253630 	0.0000000000 	0.0000000000 	0.0000000000 	0.9997857634 	
142.0000000000 	0.7827544718 	0.0617398524 	0.0935437649 	0.0000000000 	0.0617476743 	0.0000000000 	0.0000000000 	0.0000000000 	0.9997857634 	
142.5000000000 	0.7826860646 	0.0615635263 	0.0939648321 	0.0000000000 	0.0615713403 	0.0000000000 	0.0000000000 	0.0000000000 	0.9997857634 	
143.0000000000 	0.7826235199 	0.0613887287 	0.0943769798 	0.0000000000 	0.0613965350 	0.0000000000 	0.0000000000 	0.0000000000 	0.9997857634 	
143.5000000000 	0.7825672340 	0.0612156310 	0.0947794688 	0.0000000000 	0.0612234296 	0.0000000000 	0.0000000000 	0.0000000000 	0.9997857634 	
144.0000000000 	0.7825175925 	0.0610444017 	0.0951715764 	0.0000000000 	0.0610521927 	0.0000000000 	0.0000000000 	0.0000000000 	0.9997857634 	
144.5000000000 	0.7824749702 	0.0608752063 	0.0955525970 	0.0000000000 	0.0608829899 	0.0000000000 	0.0000000000 	0.0000000000 	0.9997857634 	
145.0000000000 	0.7824397298 	0.0607082069 	0.0959218434 	0.0000000000 	0.0607159832 	0.0000000000 	0.0000000000 	0.0000000000 	0.9997857634 	
145.5000000000 	0.7824122222 	0.0605435622 	0.0962786478 	0.0000000000 	0.0605513313 	0.0000000000 	0.0000000000 	0.0000000000 	0.9997857634 	
146.0000000000 	0.7823927851 	0.0603814269 	0.0966223626 	0.0000000000 	0.0603891888 	0.0000000000 	0.0000000000 	0.0000000000 	0.9997857634 	
146.5000000000 	0.7823817435 	0.0602219518 	0.0969523617 	0.0000000000 	0.0602297065 	0.0000000000 	0.0000000000 	0.0000000000 	0.9997857634 	
147.0000000000 	0.7823794082 	0.0600652834 	0.0972680408 	0.0000000000 	0.0600730309 	0.0000000000 	0.0000000000 	0.0000000000 	0.9997857634 	
147.5000000000 	0.7823860764 	0.0599115638 	0.0975688190 	0.0000000000 	0.0599193041 	0.0000000000 	0.0000000000 	0.0000000000 	0.9997857634 	
148.0000000000 	0.7824020303 	0.0597609304 	0.0978541392 	0.0000000000 	0.0597686635 	0.0000000000 	0.0000000000 	0.0000000000 	0.9997857634 	
148.5000000000 	0.7824275374 	0.0596135157 	0.0981234687 	0.0000000000 	0.0596212415 	0.0000000000 	0.0000000000 	0.0000000000 	0.9997857634 	
149.0000000000 	0.7824628498 	0.0594694472 	0.0983763007 	0.0000000000 	0.0594771656 	0.0000000000 	0.0000000000 	0.0000000000 	0.9997857634 	
149.5000000000 	0.7825082039 	0.0593288471 	0.0986121543 	0.0000000000 	0.0593365581 	0.0000000000 	0.0000000000 	0.0000000000 	0.9997857634 	
150.0000000000 	0.7825638200 	0.0591918321 	0.0988305755 	0.0000000000 	0.0591995357 	0.0000000000 	0.0000000000 	0.0000000000 	0.9997857634 	
150.5000000000 	0.7826299023 	0.0590585136 	0.0990311378 	0.0000000000 	0.0590662097 	0.0000000000 	0.0000000000 	0.0000000000 	0.9997857634 	
151.0000000000 	0.7827066383 	0.0589289969 	0.0992134428 	0.0000000000 	0.0589366855 	0.0000000000 	0.0000000000 	0.0000000000 	0.9997857634 	
151.5000000000 	0.7827941984 	0.0588033816 	0.0993771207 	0.0000000000 	0.0588110627 	0.0000000000 	0.0000000000 	0.0000000000 	0.9997857634 	
152.0000000000 	0.7828927364 	0.0586817613 	0.0995218308 	0.0000000000 	0.0586894348 	0.0000000000 	0.0000000000 	0.0000000000 	0.9997857634 	
152.5000000000 	0.7830023884 	0.0585642234 	0.0996472623 	0.0000000000 	0.0585718893 	0.0000000000 	0.0000000000 	0.0000000000 	0.9997857634 	
153.0000000000 	0.7831232733 	0.0584508488 	0.0997531340 	0.0000000000 	0.0584585073 	0.0000000000 	0.0000000000 	0.0000000000 	0.9997857634 	
153.5000000000 	0.7832554923 	0.0583417124 	0.0998391954 	0.0000000000 	0.0583493633 	0.0000000000 	0.0000000000 	0.0000000000 	0.9997857634 	
154.0000000000 	0.7833991289 	0.0582368823 	0.0999052265 	0.0000000000 	0.0582445257 	0.0000000000 	0.0000000000 	0.0000000000 	0.9997857634 	
154.5000000000 	0.7835542488 	0.0581364200 	0.0999510386 	0.0000000000 	0.0581440561 	0.0000000000 	0.0000000000 	0.0000000000 	0.9997857634 	
155.0000000000 	0.7837208997 	0.0580403806 	0.0999764739 	0.0000000000 	0.0580480092 	0.0000000000 	0.0000000000 	0.0000000000 	0.9997857634 	
155.5000000000 	0.7838991116 	0.0579488122 	0.0999814061 	0.0000000000 	0.0579564335 	0.0000000000 	0.0000000000 	0.0000000000 	0.9997857634 	
156.0000000000 	0.7840888966 	0.0578617562 	0.0999657406 	0.0000000000 	0.0578693701 	0.0000000000 	0.0000000000 	0.0000000000 	0.9997857634 	
156.5000000000 	0.7842902485 	0.0577792471 	0.0999294141 	0.0000000000 	0.0577868537 	0.0000000000 	0.0000000000 	0.0000000000 	0.9997857634 	
157.0000000000 	0.7845031437 	0.0577013126 	0.0998723952 	0.0000000000 	0.0577089119 	0.0000000000 	0.0000000000 	0.0000000000 	0.9997857634 	
157.5000000000 	0.7847275406 	0.0576279733 	0.0997946840 	0.0000000000 	0.0576355655 	0.0000000000 	0.0000000000 	0.0000000000 	0.9997857634 	
158.0000000000 	0.7849633799 	0.0575592432 	0.0996963123 	0.0000000000 	0.0575668280 	0.0000000000 	0.0000000000 	0.0000000000 	0.9997857634 	
158.5000000000 	0.7852105847 	0.0574951289 	0.0995773432 	0.0000000000 	0.0575027065 	0.0000000000 	0.0000000000 	0.0000000000 	0.9997857634 	
159.0000000000 	0.7854690609 	0.0574356305 	0.0994378712 	0.0000000000 	0.0574432009 	0.0000000000 	0.0000000000 	0.0000000000 	0.9997857634 	
159.5000000000 	0.7857386968 	0.0573807408 	0.0992780219 	0.0000000000 	0.0573883039 	0.0000000000 	0.0000000000 	0.0000000000 	0.9997857634 	
160.0000000000 	0.7860193640 	0.0573304460 	0.0990979516 	0.0000000000 	0.0573380018 	0.0000000000 	0.0000000000 	0.0000000000 	0.9997857635 	
160.5000000000 	0.7863109171 	0.0572847252 	0.0988978475 	0.0000000000 	0.0572922737 	0.0000000000 	0.0000000000 	0.0000000000 	0.9997857635 	
161.0000000000 	0.7866131941 	0.0572435507 	0.0986779266 	0.0000000000 	0.0572510920 	0.0000000000 	0.0000000000 	0.0000000000 	0.9997857635 	
161.5000000000 	0.7869260170 	0.0572068882 	0.0984384360 	0.0000000000 	0.0572144222 	0.0000000000 	0.0000000000 	0.0000000000 	0.9997857635 	
162.0000000000 	0.7872491915 	0.0571746965 	0.0981796521 	0.0000000000 	0.0571822233 	0.0000000000 	0.0000000000 	0.0000000000 	0.9997857635 	
162.5000000000 	0.7875825079 	0.0571469279 	0.0979018802 	0.0000000000 	0.0571544474 	0.0000000000 	0.0000000000 	0.0000000000 	0.9997857635 	
163.0000000000 	0.7879257410 	0.0571235282 	0.0976054540 	0.0000000000 	0.0571310403 	0.0000000000 	0.0000000000 	0.0000000000 	0.9997857635 	
163.5000000000 	0.7882786507 	0.0571044364 	0.0972907350 	0.0000000000 	0.0571119413 	0.0000000000 	0.0000000000 	0.0000000000 	0.9997857635 	
164.0000000000 	0.7886409826 	0.0570895856 	0.0969581119 	0.0000000000 	0.0570970833 	0.0000000000 	0.0000000000 	0.0000000000 	0.9997857635 	
164.5000000000 	0.7890124679 	0.0570789025 	0.0966080002 	0.0000000000 	0.0570863929 	0.0000000000 	0.0000000000 	0.0000000000 	0.9997857635 	
165.0000000000 	0.7893928242 	0.0570723076 	0.0962408410 	0.0000000000 	0.0570797907 	0.0000000000 	0.0000000000 	0.0000000000 	0.9997857635 	
165.5000000000 	0.7897817559 	0.0570697154 	0.0958571008 	0.0000000000 	0.0570771914 	0.0000000000 	0.0000000000 	0.0000000000 	0.9997857635 	
166.0000000000 	0.7901789547 	0.0570710349 	0.0954572704 	0.0000000000 	0.0570785036 	0.0000000000 	0.0000000000 	0.0000000000 	0.9997857635 	
166.5000000000 	0.7905840999 	0.0570761689 	0.0950418642 	0.0000000000 	0.0570836304 	0.0000000000 	0.0000000000 	0.0000000000 	0.9997857635 	
167.0000000000 	0.7909968593 	0.0570850151 	0.0946114196 	0.0000000000 	0.0570924695 	0.0000000000 	0.0000000000 	0.0000000000 	0.9997857635 	
167.5000000000 	0.7914168891 	0.0570974657 	0.0941664958 	0.0000000000 	0.0571049129 	0.0000000000 	0.0000000000 	0.0000000000 	0.9997857635 	
168.0000000000 	0.7918438351 	0.0571134077 	0.0937076729 	0.0000000000 	0.0571208477 	0.0000000000 	0.0000000000 	0.0000000000 	0.9997857635 	
168.5000000000 	0.7922773331 	0.0571327230 	0.0932355515 	0.0000000000 	0.0571401559 	0.0000000000 	0.0000000000 	0.0000000000 	0.9997857635 	
169.0000000000 	0.7927170089 	0.0571552889 	0.0927507511 	0.0000000000 	0.0571627146 	0.0000000000 	0.0000000000 	0.0000000000 	0.9997857635 	
169.5000000000 	0.7931624799 	0.0571809779 	0.0922539093 	0.0000000000 	0.0571883964 	0.0000000000 	0.0000000000 	0.0000000000 	0.9997857635 	
170.0000000000 	0.7936133546 	0.0572096581 	0.0917456813 	0.0000000000 	0.0572170695 	0.0000000000 	0.0000000000 	0.0000000000 	0.9997857635 	
170.5000000000 	0.7940692342 	0.0572411935 	0.0912267380 	0.0000000000 	0.0572485978 	0.0000000000 	0.0000000000 	0.0000000000 	0.9997857635 	
171.0000000000 	0.7945297126 	0.0572754440 	0.0906977657 	0.0000000000 	0.0572828412 	0.0000000000 	0.0000000000 	0.0000000000 	0.9997857635 	
171.5000000000 	0.7949943771 	0.0573122659 	0.0901594647 	0.0000000000 	0.0573196558 	0.0000000000 	0.0000000000 	0.0000000000 	0.9997857635 	
172.0000000000 	0.7954628094 	0.0573515116 	0.0896125481 	0.0000000000 	0.0573588944 	0.0000000000 	0.0000000000 	0.0000000000 	0.9997857635 	
172.5000000000 	0.7959345856 	0.0573930305 	0.0890577411 	0.0000000000 	0.0574004063 	0.0000000000 	0.0000000000 	0.0000000000 	0.9997857635 	
173.0000000000 	0.7964092778 	0.0574366689 	0.0884957793 	0.0000000000 	0.0574440375 	0.0000000000 	0.0000000000 	0.0000000000 	0.9997857635 	
173.5000000000 	0.7968864537 	0.0574822701 	0.0879274081 	0.0000000000 	0.0574896316 	0.0000000000 	0.0000000000 	0.0000000000 	0.9997857635 	
174.0000000000 	0.7973656781 	0.0575296749 	0.0873533813 	0.0000000000 	0.0575370293 	0.0000000000 	0.0000000000 	0.0000000000 	0.9997857635 	
174.5000000000 	0.7978465130 	0.0575787217 	0.0867744598 	0.0000000000 	0.0575860690 	0.0000000000 	0.0000000000 	0.0000000000 	0.9997857635 	
175.0000000000 	0.7983285187 	0.0576292469 	0.0861914108 	0.0000000000 	0.0576365871 	0.0000000000 	0.0000000000 	0.0000000000 	0.9997857635 	
175.5000000000 	0.7988112543 	0.0576810849 	0.0856050063 	0.0000000000 	0.0576884180 	0.0000000000 	0.0000000000 	0.0000000000 	0.9997857635 	
176.0000000000 	0.7992942781 	0.0577340686 	0.0850160221 	0.0000000000 	0.0577413947 	0.0000000000 	0.0000000000 	0.0000000000 	0.9997857635 	
176.5000000000 	0.7997771488 	0.0577880296 	0.0844252364 	0.0000000000 	0.0577953487 	0.0000000000 	0.0000000000 	0.0000000000 	0.9997857635 	
177.0000000000 	0.8002594259 	0.0578427984 	0.0838334289 	0.0000000000 	0.0578501104 	0.0000000000 	0.0000000000 	0.0000000000 	0.9997857635 	
177.5000000000 	0.8007406701 	0.0578982046 	0.0832413794 	0.0000000000 	0.0579055095 	0.0000000000 	0.0000000000 	0.0000000000 	0.9997857635 	
178.0000000000 	0.8012204444 	0.0579540773 	0.0826498667 	0.0000000000 	0.0579613751 	0.0000000000 	0.0000000000 	0.0000000000 	0.9997857635 	
178.5000000000 	0.8016983148 	0.0580102452 	0.0820596674 	0.0000000000 	0.0580175361 	0.0000000000 	0.0000000000 	0.0000000000 	0.9997857635 	
179.0000000000 	0.8021738504 	0.0580665373 	0.0814715548 	0.0000000000 	0.0580738211 	0.0000000000 	0.0000000000 	0.0000000000 	0.9997857635 	
179.5000000000 	0.8026466246 	0.0581227824 	0.0808862975 	0.0000000000 	0.0581300592 	0.0000000000 	0.0000000000 	0.0000000000 	0.9997857635 	
180.0000000000 	0.8031162154 	0.0581788100 	0.0803046584 	0.0000000000 	0.0581860798 	0.0000000000 	0.0000000000 	0.0000000000 	0.9997857635 	
180.5000000000 	0.8035822064 	0.0582344503 	0.0797273938 	0.0000000000 	0.0582417131 	0.0000000000 	0.0000000000 	0.0000000000 	0.9997857635 	
181.0000000000 	0.8040441869 	0.0582895346 	0.0791552517 	0.0000000000 	0.0582967904 	0.0000000000 	0.0000000000 	0.0000000000 	0.9997857636 	
181.5000000000 	0.8045017531 	0.0583438953 	0.0785889712 	0.0000000000 	0.0583511440 	0.0000000000 	0.0000000000 	0.0000000000 	0.9997857636 	
182.0000000000 	0.8049545081 	0.0583973663 	0.0780292810 	0.0000000000 	0.0584046081 	0.0000000000 	0.0000000000 	0.0000000000 	0.9997857636 	
182.5000000000 	0.8054020632 	0.0584497834 	0.0774768987 	0.0000000000 	0.0584570182 	0.0000000000 	0.0000000000 	0.0000000000 	0.9997857636 	
183.0000000000 	0.8058440376 	0.0585009843 	0.0769325294 	0.0000000000 	0.0585082122 	0.0000000000 	0.0000000000 	0.0000000000 	0.9997857636 	
183.5000000000 	0.8062800598 	0.0585508090 	0.0763968649 	0.0000000000 	0.0585580299 	0.0000000000 	0.0000000000 	0.0000000000 	0.9997857636 	
184.0000000000 	0.8067097675 	0.0585990999 	0.0758705823 	0.0000000000 	0.0586063138 	0.0000000000 	0.0000000000 	0.0000000000 	0.9997857636 	
184.5000000000 	0.8071328088 	0.0586457022 	0.0753543434 	0.0000000000 	0.0586529091 	0.0000000000 	0.0000000000 	0.0000000000 	0.9997857636 	
185.0000000000 	0.8075488420 	0.0586904639 	0.0748487938 	0.0000000000 	0.0586976639 	0.0000000000 	0.0000000000 	0.0000000000 	0.9997857636 	
185.5000000000 	0.8079575364 	0.0587332364 	0.0743545613 	0.0000000000 	0.0587404295 	0.0000000000 	0.0000000000 	0.0000000000 	0.9997857636 	
186.0000000000 	0.8083585732 	0.0587738743 	0.0738722557 	0.0000000000 	0.0587810604 	0.0000000000 	0.0000000000 	0.0000000000 	0.9997857636 	
186.5000000000 	0.8087516451 	0.0588122359 	0.0734024675 	0.0000000000 	0.0588194151 	0.0000000000 	0.0000000000 	0.0000000000 	0.9997857636 	
187.0000000000 	0.8091364576 	0.0588481833 	0.0729457672 	0.0000000000 	0.0588553555 	0.0000000000 	0.0000000000 	0.0000000000 	0.9997857636 	
187.5000000000 	0.8095127288 	0.0588815825 	0.0725027044 	0.0000000000 	0.0588887479 	0.0000000000 	0.0000000000 	0.0000000000 	0.9997857636 	
188.0000000000 	0.8098801901 	0.0589123040 	0.0720738071 	0.0000000000 	0.0589194624 	0.0000000000 	0.0000000000 	0.0000000000 	0.9997857636 	
188.5000000000 	0.8102385867 	0.0589402223 	0.0716595807 	0.0000000000 	0.0589473739 	0.0000000000 	0.0000000000 	0.0000000000 	0.9997857636 	
189.0000000000 	0.8105876775 	0.0589652169 	0.0712605076 	0.0000000000 	0.0589723616 	0.0000000000 	0.0000000000 	0.0000000000 	0.9997857636 	
189.5000000000 	0.8109272360 	0.0589871718 	0.0708770463 	0.0000000000 	0.0589943095 	0.0000000000 	0.0000000000 	0.0000000000 	0.9997857636 	
190.0000000000 	0.8112570502 	0.0590059759 	0.0705096308 	0.0000000000 	0.0590131068 	0.0000000000 	0.0000000000 	0.0000000000 	0.9997857636 	
190.5000000000 	0.8115769231 	0.0590215233 	0.0701586700 	0.0000000000 	0.0590286473 	0.0000000000 	0.0000000000 	0.0000000000 	0.9997857636 	
191.0000000000 	0.8118866728 	0.0590337133 	0.0698245471 	0.0000000000 	0.0590408304 	0.0000000000 	0.0000000000 	0.0000000000 	0.9997857636 	
191.5000000000 	0.8121861331 	0.0590424506 	0.0695076190 	0.0000000000 	0.0590495609 	0.0000000000 	0.0000000000 	0.0000000000 	0.9997857636 	
192.0000000000 	0.8124751533 	0.0590476453 	0.0692082162 	0.0000000000 	0.0590547488 	0.0000000000 	0.0000000000 	0.0000000000 	0.9997857636 	
192.5000000000 	0.8127535985 	0.0590492134 	0.0689266417 	0.0000000000 	0.0590563100 	0.0000000000 	0.0000000000 	0.0000000000 	0.9997857636 	
193.0000000000 	0.8130213502 	0.0590470763 	0.0686631710 	0.0000000000 	0.0590541661 	0.0000000000 	0.0000000000 	0.0000000000 	0.9997857636 	
193.5000000000 	0.8132783057 	0.0590411615 	0.0684180519 	0.0000000000 	0.0590482445 	0.0000000000 	0.0000000000 	0.0000000000 	0.9997857636 	
194.0000000000 	0.8135243789 	0.0590314025 	0.0681915037 	0.0000000000 	0.0590384786 	0.0000000000 	0.0000000000 	0.0000000000 	0.9997857636 	
194.5000000000 	0.8137595000 	0.0590177386 	0.0679837171 	0.0000000000 	0.0590248078 	0.0000000000 	0.0000000000 	0.0000000000 	0.9997857636 	
195.0000000000 	0.8139836159 	0.0590001154 	0.0677948544 	0.0000000000 	0.0590071779 	0.0000000000 	0.0000000000 	0.0000000000 	0.9997857636 	
195.5000000000 	0.8141966898 	0.0589784848 	0.0676250486 	0.0000000000 	0.0589855404 	0.0000000000 	0.0000000000 	0.0000000000 	0.9997857636 	
196.0000000000 	0.8143987015 	0.0589528048 	0.0674744037 	0.0000000000 	0.0589598536 	0.0000000000 	0.0000000000 	0.0000000000 	0.9997857636 	
196.5000000000 	0.8145896477 	0.0589230397 	0.0673429945 	0.0000000000 	0.0589300817 	0.0000000000 	0.0000000000 	0.0000000000 	0.9997857636 	
197.0000000000 	0.8147695413 	0.0588891602 	0.0672308666 	0.0000000000 	0.0588961955 	0.0000000000 	0.0000000000 	0.0000000000 	0.9997857636 	
197.5000000000 	0.8149384119 	0.0588511436 	0.0671380361 	0.0000000000 	0.0588581720 	0.0000000000 	0.0000000000 	0.0000000000 	0.9997857636 	
198.0000000000 	0.8150963054 	0.0588089732 	0.0670644902 	0.0000000000 	0.0588159949 	0.0000000000 	0.0000000000 	0.0000000000 	0.9997857636 	
198.5000000000 	0.8152432840 	0.0587626391 	0.0670101865 	0.0000000000 	0.0587696540 	0.0000000000 	0.0000000000 	0.0000000000 	0.9997857636 	
199.0000000000 	0.8153794264 	0.0587121376 	0.0669750540 	0.0000000000 	0.0587191457 	0.0000000000 	0.0000000000 	0.0000000000 	0.9997857636 	
199.5000000000 	0.8155048269 	0.0586574715 	0.0669589924 	0.0000000000 	0.0586644729 	0.0000000000 	0.0000000000 	0.0000000000 	0.9997857636 	
200.0000000000 	0.8156195960 	0.0585986500 	0.0669618730 	0.0000000000 	0.0586056446 	0.0000000000 	0.0000000000 	0.0000000000 	0.9997857636 	
200.5000000000 	0.8157238598 	0.0585356886 	0.0669835386 	0.0000000000 	0.0585426765 	0.0000000000 	0.0000000000 	0.0000000000 	0.9997857636 	
201.0000000000 	0.8158177598 	0.0584686094 	0.0670238038 	0.0000000000 	0.0584755906 	0.0000000000 	0.0000000000 	0.0000000000 	0.9997857636 	
201.5000000000 	0.8159014528 	0.0583974404 	0.0670824555 	0.0000000000 	0.0584044149 	0.0000000000 	0.0000000000 	0.0000000000 	0.9997857636 	
202.0000000000 	0.8159751103 	0.0583222163 	0.0671592531 	0.0000000000 	0.0583291840 	0.0000000000 	0.0000000000 	0.0000000000 	0.9997857636 	
202.5000000000 	0.8160389188 	0.0582429774 	0.0672539290 	0.0000000000 	0.0582499384 	0.0000000000 	0.0000000000 	0.0000000000 	0.9997857636 	
203.0000000000 	0.8160930789 	0.0581597707 	0.0673661891 	0.0000000000 	0.0581667250 	0.0000000000 	0.0000000000 	0.0000000000 	0.9997857636 	
203.5000000000 	0.8161378053 	0.0580726488 	0.0674957132 	0.0000000000 	0.0580795964 	0.0000000000 	0.0000000000 	0.0000000000 	0.9997857636 	
204.0000000000 	0.8161733263 	0.0579816704 	0.0676421556 	0.0000000000 	0.0579886113 	0.0000000000 	0.0000000000 	0.0000000000 	0.9997857637 	
204.5000000000 	0.8161998836 	0.0578869000 	0.0678051458 	0.0000000000 	0.0578938343 	0.0000000000 	0.0000000000 	0.0000000000 	0.9997857637 	
205.0000000000 	0.8162177316 	0.0577884079 	0.0679842887 	0.0000000000 	0.0577953354 	0.0000000000 	0.0000000000 	0.0000000000 	0.9997857637 	
205.5000000000 	0.8162271374 	0.0576862698 	0.0681791658 	0.0000000000 	0.0576931907 	0.0000000000 	0.0000000000 	0.0000000000 	0.9997857637 	
206.0000000000 	0.8162283800 	0.0575805670 	0.0683893354 	0.0000000000 	0.0575874812 	0.0000000000 	0.0000000000 	0.0000000000 	0.9997857637 	
206.5000000000 	0.8162217500 	0.0574713862 	0.0686143337 	0.0000000000 	0.0574782938 	0.0000000000 	0.0000000000 	0.0000000000 	0.9997857637 	
207.0000000000 	0.8162075492 	0.0573588192 	0.0688536752 	0.0000000000 	0.0573657201 	0.0000000000 	0.0000000000 	0.0000000000 	0.9997857637 	
207.5000000000 	0.8161860900 	0.0572429629 	0.0691068537 	0.0000000000 	0.0572498571 	0.0000000000 	0.0000000000 	0.0000000000 	0.9997857637 	
208.0000000000 	0.8161576951 	0.0571239190 	0.0693733431 	0.0000000000 	0.0571308065 	0.0000000000 	0.0000000000 	0.0000000000 	0.9997857637 	
208.5000000000 	0.8161226967 	0.0570017940 	0.0696525981 	0.0000000000 	0.0570086749 	0.0000000000 	0.0000000000 	0.0000000000 	0.9997857637 	
209.0000000000 	0.8160814362 	0.0568766989 	0.0699440554 	0.0000000000 	0.0568835732 	0.0000000000 	0.0000000000 	0.0000000000 	0.9997857637 	
209.5000000000 	0.8160342635 	0.0567487492 	0.0702471340 	0.0000000000 	0.0567556169 	0.0000000000 	0.0000000000 	0.0000000000 	0.9997857637 	
210.0000000000 	0.8159815367 	0.0566180646 	0.0705612368 	0.0000000000 	0.0566249256 	0.0000000000 	0.0000000000 	0.0000000000 	0.9997857637 	
210.5000000000 	0.8159236213 	0.0564847685 	0.0708857509 	0.0000000000 	0.0564916230 	0.0000000000 	0.0000000000 	0.0000000000 	0.9997857637 	
211.0000000000 	0.8158608897 	0.0563489885 	0.0712200491 	0.0000000000 	0.0563558363 	0.0000000000 	0.0000000000 	0.0000000000 	0.9997857637 	
211.5000000000 	0.8157937207 	0.0562108556 	0.0715634906 	0.0000000000 	0.0562176968 	0.0000000000 	0.0000000000 	0.0000000000 	0.9997857637 	
212.0000000000 	0.8157224987 	0.0560705042 	0.0719154219 	0.0000000000 	0.0560773388 	0.0000000000 	0.0000000000 	0.0000000000 	0.9997857637 	
212.5000000000 	0.8156476136 	0.0559280720 	0.0722751781 	0.0000000000 	0.0559349000 	0.0000000000 	0.0000000000 	0.0000000000 	0.9997857637 	
213.0000000000 	0.8155694594 	0.0557836995 	0.0726420839 	0.0000000000 	0.0557905209 	0.0000000000 	0.0000000000 	0.0000000000 	0.9997857637 	
213.5000000000 	0.8154884344 	0.0556375301 	0.0730154543 	0.0000000000 	0.0556443450 	0.0000000000 	0.0000000000 	0.0000000000 	0.9997857637 	
214.0000000000 	0.8154049400 	0.0554897097 	0.0733945960 	0.0000000000 	0.0554965180 	0.0000000000 	0.0000000000 	0.0000000000 	0.9997857637 	
214.5000000000 	0.8153193805 	0.0553403865 	0.0737788086 	0.0000000000 	0.0553471882 	0.0000000000 	0.0000000000 	0.0000000000 	0.9997857637 	
215.0000000000 	0.8152321622 	0.0551897107 	0.0741673850 	0.0000000000 	0.0551965059 	0.0000000000 	0.0000000000 	0.0000000000 	0.9997857637 	
215.5000000000 	0.8151436928 	0.0550378345 	0.0745596133 	0.0000000000 	0.0550446231 	0.0000000000 	0.0000000000 	0.0000000000 	0.9997857637 	
216.0000000000 	0.8150543811 	0.0548849115 	0.0749547775 	0.0000000000 	0.0548916936 	0.0000000000 	0.0000000000 	0.0000000000 	0.9997857637 	
216.5000000000 	0.8149646358 	0.0547310970 	0.0753521584 	0.0000000000 	0.0547378725 	0.0000000000 	0.0000000000 	0.0000000000 	0.9997857637 	
217.0000000000 	0.8148748655 	0.0545765470 	0.0757510352 	0.0000000000 	0.0545833160 	0.0000000000 	0.0000000000 	0.0000000000 	0.9997857637 	
217.5000000000 	0.8147854777 	0.0544214187 	0.0761506861 	0.0000000000 	0.0544281812 	0.0000000000 	0.0000000000 	0.0000000000 	0.9997857637 	
218.0000000000 	0.8146968781 	0.0542658699 	0.0765503898 	0.0000000000 	0.0542726259 	0.0000000000 	0.0000000000 	0.0000000000 	0.9997857637 	
218.5000000000 	0.8146094704 	0.0541100588 	0.0769494263 	0.0000000000 	0.0541168082 	0.0000000000 	0.0000000000 	0.0000000000 	0.9997857637 	
219.0000000000 	0.8145236554 	0.0539541436 	0.0773470782 	0.0000000000 	0.0539608866 	0.0000000000 	0.0000000000 	0.0000000000 	0.9997857637 	
219.5000000000 	0.8144398303 	0.0537982827 	0.0777426315 	0.0000000000 	0.0538050192 	0.0000000000 	0.0000000000 	0.0000000000 	0.9997857637 	
220.0000000000 	0.8143583884 	0.0536426341 	0.0781353771 	0.0000000000 	0.0536493641 	0.0000000000 	0.0000000000 	0.0000000000 	0.9997857637 	
220.5000000000 	0.8142797183 	0.0534873552 	0.0785246116 	0.0000000000 	0.0534940786 	0.0000000000 	0.0000000000 	0.0000000000 	0.9997857637 	
221.0000000000 	0.8142042033 	0.0533326025 	0.0789096384 	0.0000000000 	0.0533393195 	0.0000000000 	0.0000000000 	0.0000000000 	0.9997857637 	
221.5000000000 	0.8141322212 	0.0531785317 	0.0792897686 	0.0000000000 	0.0531852422 	0.0000000000 	0.0000000000 	0.0000000000 	0.9997857637 	
222.0000000000 	0.8140641431 	0.0530252972 	0.0796643223 	0.0000000000 	0.0530320012 	0.0000000000 	0.0000000000 	0.0000000000 	0.9997857637 	
222.5000000000 	0.8140003333 	0.0528730517 	0.0800326295 	0.0000000000 	0.0528797493 	0.0000000000 	0.0000000000 	0.0000000000 	0.9997857637 	
223.0000000000 	0.8139411487 	0.0527219464 	0.0803940310 	0.0000000000 	0.0527286376 	0.0000000000 	0.0000000000 	0.0000000000 	0.9997857637 	
223.5000000000 	0.8138869383 	0.0525721306 	0.0807478797 	0.0000000000 	0.0525788152 	0.0000000000 	0.0000000000 	0.0000000000 	0.9997857637 	
224.0000000000 	0.8138380424 	0.0524237511 	0.0810935410 	0.0000000000 	0.0524304293 	0.0000000000 	0.0000000000 	0.0000000000 	0.9997857637 	
224.5000000000 	0.8137947925 	0.0522769526 	0.0814303943 	0.0000000000 	0.0522836244 	0.0000000000 	0.0000000000 	0.0000000000 	0.9997857637 	
225.0000000000 	0.8137575105 	0.0521318771 	0.0817578337 	0.0000000000 	0.0521385424 	0.0000000000 	0.0000000000 	0.0000000000 	0.9997857637 	
225.5000000000 	0.8137265085 	0.0519886638 	0.0820752688 	0.0000000000 	0.0519953227 	0.0000000000 	0.0000000000 	0.0000000000 	0.9997857637 	
226.0000000000 	0.8137020879 	0.0518474489 	0.0823821256 	0.0000000000 	0.0518541014 	0.0000000000 	0.0000000000 	0.0000000000 	0.9997857637 	
226.5000000000 	0.8136845396 	0.0517083652 	0.0826778476 	0.0000000000 	0.0517150113 	0.0000000000 	0.0000000000 	0.0000000000 	0.9997857637 	
227.0000000000 	0.8136741431 	0.0515715425 	0.0829618961 	0.0000000000 	0.0515781821 	0.0000000000 	0.0000000000 	0.0000000000 	0.9997857637 	
227.5000000000 	0.8136711661 	0.0514371064 	0.0832337515 	0.0000000000 	0.0514437397 	0.0000000000 	0.0000000000 	0.0000000000 	0.9997857638 	
228.0000000000 	0.8136758646 	0.0513051792 	0.0834929139 	0.0000000000 	0.0513118061 	0.0000000000 	0.0000000000 	0.0000000000 	0.9997857638 	
228.5000000000 	0.8136884817 	0.0511758790 	0.0837389035 	0.0000000000 	0.0511824995 	0.0000000000 	0.0000000000 	0.0000000000 	0.9997857638 	
229.0000000000 	0.8137092482 	0.0510493198 	0.0839712618 	0.0000000000 	0.0510559340 	0.0000000000 	0.0000000000 	0.0000000000 	0.9997857638 	
229.5000000000 	0.8137383815 	0.0509256113 	0.0841895518 	0.0000000000 	0.0509322191 	0.0000000000 	0.0000000000 	0.0000000000 	0.9997857638 	
230.0000000000 	0.8137760858 	0.0508048587 	0.0843933591 	0.0000000000 	0.0508114601 	0.0000000000 	0.0000000000 	0.0000000000 	0.9997857638 	
230.5000000000 	0.8138225516 	0.0506871626 	0.0845822919 	0.0000000000 	0.0506937576 	0.0000000000 	0.0000000000 	0.0000000000 	0.9997857638 	
231.0000000000 	0.8138779553 	0.0505726188 	0.0847559822 	0.0000000000 	0.0505792075 	0.0000000000 	0.0000000000 	0.0000000000 	0.9997857638 	
231.5000000000 	0.8139424592 	0.0504613183 	0.0849140856 	0.0000000000 	0.0504679006 	0.0000000000 	0.0000000000 	0.0000000000 	0.9997857638 	
232.0000000000 	0.8140162114 	0.0503533469 	0.0850562825 	0.0000000000 	0.0503599229 	0.0000000000 	0.0000000000 	0.0000000000 	0.9997857638 	
232.5000000000 	0.8140993451 	0.0502487855 	0.0851822780 	0.0000000000 	0.0502553551 	0.0000000000 	0.0000000000 	0.0000000000 	0.9997857638 	
233.0000000000 	0.8141919790 	0.0501477094 	0.0852918027 	0.0000000000 	0.0501542727 	0.0000000000 	0.0000000000 	0.0000000000 	0.9997857638 	
233.5000000000 	0.8142942166 	0.0500501889 	0.0853846125 	0.0000000000 	0.0500567458 	0.0000000000 	0.0000000000 	0.0000000000 	0.9997857638 	
234.0000000000 	0.8144061467 	0.0499562884 	0.0854604896 	0.0000000000 	0.0499628391 	0.0000000000 	0.0000000000 	0.0000000000 	0.9997857638 	
234.5000000000 	0.8145278425 	0.0498660673 	0.0855192424 	0.0000000000 	0.0498726116 	0.0000000000 	0.0000000000 	0.0000000000 	0.9997857638 	
235.0000000000 	0.8146593624 	0.0497795789 	0.0855607056 	0.0000000000 	0.0497861169 	0.0000000000 	0.0000000000 	0.0000000000 	0.9997857638 	
235.5000000000 	0.8148007493 	0.0496968709 	0.0855847410 	0.0000000000 	0.0497034026 	0.0000000000 	0.0000000000 	0.0000000000 	0.9997857638 	
236.0000000000 	0.8149520307 	0.0496179854 	0.0855912368 	0.0000000000 	0.0496245108 	0.0000000000 	0.0000000000 	0.0000000000 	0.9997857638 	
236.5000000000 	0.8151132188 	0.0495429586 	0.0855801086 	0.0000000000 	0.0495494778 	0.0000000000 	0.0000000000 	0.0000000000 	0.9997857638 	
237.0000000000 	0.8152843107 	0.0494718208 	0.0855512986 	0.0000000000 	0.0494783337 	0.0000000000 	0.0000000000 	0.0000000000 	0.9997857638 	
237.5000000000 	0.8154652878 	0.0494045964 	0.0855047766 	0.0000000000 	0.0494111030 	0.0000000000 	0.0000000000 	0.0000000000 	0.9997857638 	
238.0000000000 	0.8156561167 	0.0493413039 	0.0854405390 	0.0000000000 	0.0493478042 	0.0000000000 	0.0000000000 	0.0000000000 	0.9997857638 	
238.5000000000 	0.8158567483 	0.0492819559 	0.0853586096 	0.0000000000 	0.0492884500 	0.0000000000 	0.0000000000 	0.0000000000 	0.9997857638 	
239.0000000000 	0.8160671191 	0.0492265590 	0.0852590389 	0.0000000000 	0.0492330468 	0.0000000000 	0.0000000000 	0.0000000000 	0.9997857638 	
239.5000000000 	0.8162871500 	0.0491751139 	0.0851419044 	0.0000000000 	0.0491815954 	0.0000000000 	0.0000000000 	0.0000000000 	0.9997857638 	
240.0000000000 	0.8165167477 	0.0491276153 	0.0850073102 	0.0000000000 	0.0491340906 	0.0000000000 	0.0000000000 	0.0000000000 	0.9997857638 	
240.5000000000 	0.8167558039 	0.0490840521 	0.0848553867 	0.0000000000 	0.0490905211 	0.0000000000 	0.0000000000 	0.0000000000 	0.9997857638 	
241.0000000000 	0.8170041960 	0.0490444072 	0.0846862907 	0.0000000000 	0.0490508699 	0.0000000000 	0.0000000000 	0.0000000000 	0.9997857638 	
241.5000000000 	0.8172617873 	0.0490086576 	0.0845002047 	0.0000000000 	0.0490151142 	0.0000000000 	0.0000000000 	0.0000000000 	0.9997857638 	
242.0000000000 	0.8175284270 	0.0489767747 	0.0842973370 	0.0000000000 	0.0489832250 	0.0000000000 	0.0000000000 	0.0000000000 	0.9997857638 	
242.5000000000 	0.8178039507 	0.0489487240 	0.0840779210 	0.0000000000 	0.0489551681 	0.0000000000 	0.0000000000 	0.0000000000 	0.9997857638 	
243.0000000000 	0.8180881804 	0.0489244654 	0.0838422148 	0.0000000000 	0.0489309033 	0.0000000000 	0.0000000000 	0.0000000000 	0.9997857638 	
243.5000000000 	0.8183809251 	0.0489039531 	0.0835905009 	0.0000000000 	0.0489103848 	0.0000000000 	0.0000000000 	0.0000000000 	0.9997857638 	
244.0000000000 	0.8186819809 	0.0488871358 	0.0833230859 	0.0000000000 	0.0488935612 	0.0000000000 	0.0000000000 	0.0000000000 	0.9997857638 	
244.5000000000 	0.8189911316 	0.0488739567 	0.0830402995 	0.0000000000 	0.0488803760 	0.0000000000 	0.0000000000 	0.0000000000 	0.9997857638 	
245.0000000000 	0.8193081486 	0.0488643539 	0.0827424944 	0.0000000000 	0.0488707670 	0.0000000000 	0.0000000000 	0.0000000000 	0.9997857638 	
245.5000000000 	0.8196327916 	0.0488582599 	0.0824300456 	0.0000000000 	0.0488646668 	0.0000000000 	0.0000000000 	0.0000000000 	0.9997857638 	
246.0000000000 	0.8199648092 	0.0488556023 	0.0821033494 	0.0000000000 	0.0488620030 	0.0000000000 	0.0000000000 	0.0000000000 	0.9997857638 	
246.5000000000 	0.8203039386 	0.0488563036 	0.0817628235 	0.0000000000 	0.0488626982 	0.0000000000 	0.0000000000 	0.0000000000 	0.9997857638 	
247.0000000000 	0.8206499067 	0.0488602815 	0.0814089057 	0.0000000000 	0.0488666699 	0.0000000000 	0.0000000000 	0.0000000000 	0.9997857638 	
247.5000000000 	0.8210024304 	0.0488674488 	0.0810420535 	0.0000000000 	0.0488738311 	0.0000000000 	0.0000000000 	0.0000000000 	0.9997857638 	
248.0000000000 	0.8213612166 	0.0488777140 	0.0806627432 	0.0000000000 	0.0488840901 	0.0000000000 	0.0000000000 	0.0000000000 	0.9997857638 	
248.5000000000 	0.8217259632 	0.0488909807 	0.0802714693 	0.0000000000 	0.0488973507 	0.0000000000 	0.0000000000 	0.0000000000 	0.9997857638 	
249.0000000000 	0.8220963595 	0.0489071485 	0.0798687434 	0.0000000000 	0.0489135123 	0.0000000000 	0.0000000000 	0.0000000000 	0.9997857638 	
249.5000000000 	0.8224720863 	0.0489261129 	0.0794550941 	0.0000000000 	0.0489324705 	0.0000000000 	0.0000000000 	0.0000000000 	0.9997857638 	
250.0000000000 	0.8228528169 	0.0489477651 	0.0790310652 	0.0000000000 	0.0489541167 	0.0000000000 	0.0000000000 	0.0000000000 	0.9997857638 	
250.5000000000 	0.8232382172 	0.0489719928 	0.0785972156 	0.0000000000 	0.0489783383 	0.0000000000 	0.0000000000 	0.0000000000 	0.9997857638 	
251.0000000000 	0.8236279464 	0.0489986801 	0.0781541180 	0.0000000000 	0.0490050194 	0.0000000000 	0.0000000000 	0.0000000000 	0.9997857639 	
251.5000000000 	0.8240216578 	0.0490277073 	0.0777023583 	0.0000000000 	0.0490340405 	0.0000000000 	0.0000000000 	0.0000000000 	0.9997857639 	
252.0000000000 	0.8244189987 	0.0490589518 	0.0772425345 	0.0000000000 	0.0490652789 	0.0000000000 	0.0000000000 	0.0000000000 	0.9997857639 	
252.5000000000 	0.8248196116 	0.0490922878 	0.0767752557 	0.0000000000 	0.0490986088 	0.0000000000 	0.0000000000 	0.0000000000 	0.9997857639 	
253.0000000000 	0.8252231344 	0.0491275866 	0.0763011413 	0.0000000000 	0.0491339015 	0.0000000000 	0.0000000000 	0.0000000000 	0.9997857639 	
253.5000000000 	0.8256292008 	0.0491647170 	0.0758208202 	0.0000000000 	0.0491710258 	0.0000000000 	0.0000000000 	0.0000000000 	0.9997857639 	
254.0000000000 	0.8260374416 	0.0492035452 	0.0753349292 	0.0000000000 	0.0492098479 	0.0000000000 	0.0000000000 	0.0000000000 	0.9997857639 	
254.5000000000 	0.8264474842 	0.0492439350 	0.0748441129 	0.0000000000 	0.0492502317 	0.0000000000 	0.0000000000 	0.0000000000 	0.9997857639 	
255.0000000000 	0.8268589541 	0.0492857486 	0.0743490220 	0.0000000000 	0.0492920392 	0.0000000000 	0.0000000000 	0.0000000000 	0.9997857639 	
255.5000000000 	0.8272714751 	0.0493288459 	0.0738503125 	0.0000000000 	0.0493351304 	0.0000000000 	0.0000000000 	0.0000000000 	0.9997857639 	
256.0000000000 	0.8276846696 	0.0493730855 	0.0733486448 	0.0000000000 	0.0493793640 	0.0000000000 	0.0000000000 	0.0000000000 	0.9997857639 	
256.5000000000 	0.8280981598 	0.0494183245 	0.0728446827 	0.0000000000 	0.0494245969 	0.0000000000 	0.0000000000 	0.0000000000 	0.9997857639 	
257.0000000000 	0.8285115677 	0.0494644187 	0.0723390923 	0.0000000000 	0.0494706851 	0.0000000000 	0.0000000000 	0.0000000000 	0.9997857639 	
257.5000000000 	0.8289245161 	0.0495112233 	0.0718325409 	0.0000000000 	0.0495174836 	0.0000000000 	0.0000000000 	0.0000000000 	0.9997857639 	
258.0000000000 	0.8293366287 	0.0495585924 	0.0713256960 	0.0000000000 	0.0495648467 	0.0000000000 	0.0000000000 	0.0000000000 	0.9997857639 	
258.5000000000 	0.8297475314 	0.0496063798 	0.0708192246 	0.0000000000 	0.0496126281 	0.0000000000 	0.0000000000 	0.0000000000 	0.9997857639 	
259.0000000000 	0.8301568519 	0.0496544390 	0.0703137918 	0.0000000000 	0.0496606812 	0.0000000000 	0.0000000000 	0.0000000000 	0.9997857639 	
259.5000000000 	0.8305642213 	0.0497026232 	0.0698100599 	0.0000000000 	0.0497088595 	0.0000000000 	0.0000000000 	0.0000000000 	0.9997857639 	
260.0000000000 	0.8309692736 	0.0497507862 	0.0693086876 	0.0000000000 	0.0497570164 	0.0000000000 	0.0000000000 	0.0000000000 	0.9997857639 	
260.5000000000 	0.8313716472 	0.0497987819 	0.0688103287 	0.0000000000 	0.0498050061 	0.0000000000 	0.0000000000 	0.0000000000 	0.9997857639 	
261.0000000000 	0.8317709849 	0.0498464647 	0.0683156313 	0.0000000000 	0.0498526829 	0.0000000000 	0.0000000000 	0.0000000000 	0.9997857639 	
261.5000000000 	0.8321669345 	0.0498936902 	0.0678252368 	0.0000000000 	0.0498999024 	0.0000000000 	0.0000000000 	0.0000000000 	0.9997857639 	
262.0000000000 	0.8325591495 	0.0499403147 	0.0673397788 	0.0000000000 	0.0499465209 	0.0000000000 	0.0000000000 	0.0000000000 	0.9997857639 	
262.5000000000 	0.8329472894 	0.0499861958 	0.0668598826 	0.0000000000 	0.0499923961 	0.0000000000 	0.0000000000 	0.0000000000 	0.9997857639 	
263.0000000000 	0.8333310203 	0.0500311929 	0.0663861636 	0.0000000000 	0.0500373871 	0.0000000000 	0.0000000000 	0.0000000000 	0.9997857639 	
263.5000000000 	0.8337100156 	0.0500751666 	0.0659192269 	0.0000000000 	0.0500813549 	0.0000000000 	0.0000000000 	0.0000000000 	0.9997857639 	
264.0000000000 	0.8340839559 	0.0501179798 	0.0654596661 	0.0000000000 	0.0501241621 	0.0000000000 	0.0000000000 	0.0000000000 	0.9997857639 	
264.5000000000 	0.8344525304 	0.0501594972 	0.0650080628 	0.0000000000 	0.0501656736 	0.0000000000 	0.0000000000 	0.0000000000 	0.9997857639 	
265.0000000000 	0.8348154363 	0.0501995861 	0.0645649851 	0.0000000000 	0.0502057565 	0.0000000000 	0.0000000000 	0.0000000000 	0.9997857639 	
265.5000000000 	0.8351723801 	0.0502381160 	0.0641309875 	0.0000000000 	0.0502442804 	0.0000000000 	0.0000000000 	0.0000000000 	0.9997857639 	
266.0000000000 	0.8355230775 	0.0502749592 	0.0637066095 	0.0000000000 	0.0502811177 	0.0000000000 	0.0000000000 	0.0000000000 	0.9997857639 	
266.5000000000 	0.8358672540 	0.0503099910 	0.0632923752 	0.0000000000 	0.0503161436 	0.0000000000 	0.0000000000 	0.0000000000 	0.9997857639 	
267.0000000000 	0.8362046456 	0.0503430897 	0.0628887923 	0.0000000000 	0.0503492363 	0.0000000000 	0.0000000000 	0.0000000000 	0.9997857639 	
267.5000000000 	0.8365349985 	0.0503741367 	0.0624963513 	0.0000000000 	0.0503802774 	0.0000000000 	0.0000000000 	0.0000000000 	0.9997857639 	
268.0000000000 	0.8368580700 	0.0504030169 	0.0621155253 	0.0000000000 	0.0504091517 	0.0000000000 	0.0000000000 	0.0000000000 	0.9997857639 	
268.5000000000 	0.8371736288 	0.0504296189 	0.0617467684 	0.0000000000 	0.0504357478 	0.0000000000 	0.0000000000 	0.0000000000 	0.9997857639 	
269.0000000000 	0.8374814550 	0.0504538349 	0.0613905160 	0.0000000000 	0.0504599579 	0.0000000000 	0.0000000000 	0.0000000000 	0.9997857639 	
269.5000000000 	0.8377813409 	0.0504755611 	0.0610471837 	0.0000000000 	0.0504816782 	0.0000000000 	0.0000000000 	0.0000000000 	0.9997857639 	
270.0000000000 	0.8380730909 	0.0504946977 	0.0607171665 	0.0000000000 	0.0505008089 	0.0000000000 	0.0000000000 	0.0000000000 	0.9997857639 	
270.5000000000 	0.8383565218 	0.0505111490 	0.0604008388 	0.0000000000 	0.0505172543 	0.0000000000 	0.0000000000 	0.0000000000 	0.9997857639 	
271.0000000000 	0.8386314634 	0.0505248239 	0.0600985534 	0.0000000000 	0.0505309233 	0.0000000000 	0.0000000000 	0.0000000000 	0.9997857639 	
271.5000000000 	0.8388977582 	0.0505356355 	0.0598106412 	0.0000000000 	0.0505417290 	0.0000000000 	0.0000000000 	0.0000000000 	0.9997857639 	
272.0000000000 	0.8391552622 	0.0505435016 	0.0595374108 	0.0000000000 	0.0505495893 	0.0000000000 	0.0000000000 	0.0000000000 	0.9997857639 	
272.5000000000 	0.8394038447 	0.0505483448 	0.0592791478 	0.0000000000 	0.0505544266 	0.0000000000 	0.0000000000 	0.0000000000 	0.9997857639 	
273.0000000000 	0.8396433885 	0.0505500923 	0.0590361149 	0.0000000000 	0.0505561682 	0.0000000000 	0.0000000000 	0.0000000000 	0.9997857639 	
273.5000000000 	0.8398737902 	0.0505486763 	0.0588085510 	0.0000000000 	0.0505547464 	0.0000000000 	0.0000000000 	0.0000000000 	0.9997857639 	
274.0000000000 	0.8400949603 	0.0505440341 	0.0585966712 	0.0000000000 	0.0505500984 	0.0000000000 	0.0000000000 	0.0000000000 	0.9997857639 	
274.5000000000 	0.8403068231 	0.0505361081 	0.0584006664 	0.0000000000 	0.0505421664 	0.0000000000 	0.0000000000 	0.0000000000 	0.9997857639 	
275.0000000000 	0.8405093171 	0.0505248456 	0.0582207031 	0.0000000000 	0.0505308981 	0.0000000000 	0.0000000000 	0.0000000000 	0.9997857639 	
275.5000000000 	0.8407023949 	0.0505101995 	0.0580569234 	0.0000000000 	0.0505162462 	0.0000000000 	0.0000000000 	0.0000000000 	0.9997857639 	
276.0000000000 	0.8408860234 	0.0504921277 	0.0579094443 	0.0000000000 	0.0504981686 	0.0000000000 	0.0000000000 	0.0000000000 	0.9997857639 	
276.5000000000 	0.8410601834 	0.0504705937 	0.0577783581 	0.0000000000 	0.0504766287 	0.0000000000 	0.0000000000 	0.0000000000 	0.9997857639 	
277.0000000000 	0.8412248700 	0.0504455663 	0.0576637322 	0.0000000000 	0.0504515955 	0.0000000000 	0.0000000000 	0.0000000000 	0.9997857640 	
277.5000000000 	0.8413800927 	0.0504170196 	0.0575656086 	0.0000000000 	0.0504230430 	0.0000000000 	0.0000000000 	0.0000000000 	0.9997857640 	
278.0000000000 	0.8415258749 	0.0503849334 	0.0574840046 	0.0000000000 	0.0503909510 	0.0000000000 	0.0000000000 	0.0000000000 	0.9997857640 	
278.5000000000 	0.8416622540 	0.0503492929 	0.0574189123 	0.0000000000 	0.0503553047 	0.0000000000 	0.0000000000 	0.0000000000 	0.9997857640 	
279.0000000000 	0.8417892817 	0.0503100888 	0.0573702987 	0.0000000000 	0.0503160948 	0.0000000000 	0.0000000000 	0.0000000000 	0.9997857640 	
279.5000000000 	0.8419070233 	0.0502673171 	0.0573381062 	0.0000000000 	0.0502733173 	0.0000000000 	0.0000000000 	0.0000000000 	0.9997857640 	
280.0000000000 	0.8420155580 	0.0502209797 	0.0573222522 	0.0000000000 	0.0502269741 	0.0000000000 	0.0000000000 	0.0000000000 	0.9997857640 	
280.5000000000 	0.8421149785 	0.0501710836 	0.0573226296 	0.0000000000 	0.0501770723 	0.0000000000 	0.0000000000 	0.0000000000 	0.9997857640 	
281.0000000000 	0.8422053910 	0.0501176416 	0.0573391069 	0.0000000000 	0.0501236245 	0.0000000000 	0.0000000000 	0.0000000000 	0.9997857640 	
281.5000000000 	0.8422869150 	0.0500606716 	0.0573715286 	0.0000000000 	0.0500666487 	0.0000000000 	0.0000000000 	0.0000000000 	0.9997857640 	
282.0000000000 	0.8423596830 	0.0500001971 	0.0574197153 	0.0000000000 	0.0500061685 	0.0000000000 	0.0000000000 	0.0000000000 	0.9997857640 	
282.5000000000 	0.8424238404 	0.0499362470 	0.0574834640 	0.0000000000 	0.0499422126 	0.0000000000 	0.0000000000 	0.0000000000 	0.9997857640 	
283.0000000000 	0.8424795450 	0.0498688552 	0.0575625487 	0.0000000000 	0.0498748151 	0.0000000000 	0.0000000000 	0.0000000000 	0.9997857640 	
283.5000000000 	0.8425269670 	0.0497980613 	0.0576567203 	0.0000000000 	0.0498040153 	0.0000000000 	0.0000000000 	0.0000000000 	0.9997857640 	
284.0000000000 	0.8425662888 	0.0497239095 	0.0577657078 	0.0000000000 	0.0497298579 	0.0000000000 	0.0000000000 	0.0000000000 	0.9997857640 	
284.5000000000 	0.8425977042 	0.0496464496 	0.0578892180 	0.0000000000 	0.0496523922 	0.0000000000 	0.0000000000 	0.0000000000 	0.9997857640 	
285.0000000000 	0.8426214187 	0.0495657360 	0.0580269364 	0.0000000000 	0.0495716729 	0.0000000000 	0.0000000000 	0.0000000000 	0.9997857640 	
285.5000000000 	0.8426376487 	0.0494818284 	0.0581785274 	0.0000000000 	0.0494877595 	0.0000000000 	0.0000000000 	0.0000000000 	0.9997857640 	
286.0000000000 	0.8426466215 	0.0493947908 	0.0583436354 	0.0000000000 	0.0494007163 	0.0000000000 	0.0000000000 	0.0000000000 	0.9997857640 	
286.5000000000 	0.8426485746 	0.0493046925 	0.0585218847 	0.0000000000 	0.0493106122 	0.0000000000 	0.0000000000 	0.0000000000 	0.9997857640 	
287.0000000000 	0.8426437555 	0.0492116069 	0.0587128807 	0.0000000000 	0.0492175209 	0.0000000000 	0.0000000000 	0.0000000000 	0.9997857640 	
287.5000000000 	0.8426324214 	0.0491156120 	0.0589162102 	0.0000000000 	0.0491215203 	0.0000000000 	0.0000000000 	0.0000000000 	0.9997857640 	
288.0000000000 	0.8426148386 	0.0490167903 	0.0591314421 	0.0000000000 	0.0490226929 	0.0000000000 	0.0000000000 	0.0000000000 	0.9997857640 	
288.5000000000 	0.8425912822 	0.0489152283 	0.0593581282 	0.0000000000 	0.0489211253 	0.0000000000 	0.0000000000 	0.0000000000 	0.9997857640 	
289.0000000000 	0.8425620355 	0.0488110168 	0.0595958038 	0.0000000000 	0.0488169080 	0.0000000000 	0.0000000000 	0.0000000000 	0.9997857640 	
289.5000000000 	0.8425273898 	0.0487042501 	0.0598439884 	0.0000000000 	0.0487101357 	0.0000000000 	0.0000000000 	0.0000000000 	0.9997857640 	
290.0000000000 	0.8424876438 	0.0485950267 	0.0601021868 	0.0000000000 	0.0486009066 	0.0000000000 	0.0000000000 	0.0000000000 	0.9997857640 	
290.5000000000 	0.8424431031 	0.0484834486 	0.0603698894 	0.0000000000 	0.0484893228 	0.0000000000 	0.0000000000 	0.0000000000 	0.9997857640 	
291.0000000000 	0.8423940799 	0.0483696211 	0.0606465734 	0.0000000000 	0.0483754897 	0.0000000000 	0.0000000000 	0.0000000000 	0.9997857640 	
291.5000000000 	0.8423408921 	0.0482536529 	0.0609317032 	0.0000000000 	0.0482595158 	0.0000000000 	0.0000000000 	0.0000000000 	0.9997857640 	
292.0000000000 	0.8422838634 	0.0481356557 	0.0612247318 	0.0000000000 	0.0481415130 	0.0000000000 	0.0000000000 	0.0000000000 	0.9997857640 	
292.5000000000 	0.8422233224 	0.0480157444 	0.0615251012 	0.0000000000 	0.0480215960 	0.0000000000 	0.0000000000 	0.0000000000 	0.9997857640 	
293.0000000000 	0.8421596021 	0.0478940363 	0.0618322433 	0.0000000000 	0.0478998823 	0.0000000000 	0.0000000000 	0.0000000000 	0.9997857640 	
293.5000000000 	0.8420930394 	0.0477706516 	0.0621455811 	0.0000000000 	0.0477764919 	0.0000000000 	0.0000000000 	0.0000000000 	0.9997857640 	
294.0000000000 	0.8420239749 	0.0476457126 	0.0624645293 	0.0000000000 	0.0476515473 	0.0000000000 	0.0000000000 	0.0000000000 	0.9997857640 	
294.5000000000 	0.8419527519 	0.0475193440 	0.0627884951 	0.0000000000 	0.0475251730 	0.0000000000 	0.0000000000 	0.0000000000 	0.9997857640 	
295.0000000000 	0.8418797161 	0.0473916723 	0.0631168798 	0.0000000000 	0.0473974958 	0.0000000000 	0.0000000000 	0.0000000000 	0.9997857640 	
295.5000000000 	0.8418052153 	0.0472628261 	0.0634490787 	0.0000000000 	0.0472686439 	0.0000000000 	0.0000000000 	0.0000000000 	0.9997857640 	
296.0000000000 	0.8417295983 	0.0471329353 	0.0637844829 	0.0000000000 	0.0471387475 	0.0000000000 	0.0000000000 	0.0000000000 	0.9997857640 	
296.5000000000 	0.8416532150 	0.0470021314 	0.0641224797 	0.0000000000 	0.0470079380 	0.0000000000 	0.0000000000 	0.0000000000 	0.9997857640 	
297.0000000000 	0.8415764153 	0.0468705469 	0.0644624539 	0.0000000000 	0.0468763480 	0.0000000000 	0.0000000000 	0.0000000000 	0.9997857640 	
297.5000000000 	0.8414995490 	0.0467383156 	0.0648037884 	0.0000000000 	0.0467441110 	0.0000000000 	0.0000000000 	0.0000000000 	0.9997857640 	
298.0000000000 	0.8414229651 	0.0466055717 	0.0651458655 	0.0000000000 	0.0466113616 	0.0000000000 	0.0000000000 	0.0000000000 	0.9997857640 	
298.5000000000 	0.8413470113 	0.0464724504 	0.0654880676 	0.0000000000 	0.0464782347 	0.0000000000 	0.0000000000 	0.0000000000 	0.9997857640 	
299.0000000000 	0.8412720332 	0.0463390870 	0.0658297780 	0.0000000000 	0.0463448658 	0.0000000000 	0.0000000000 	0.0000000000 	0.9997857640 	
299.5000000000 	0.8411983744 	0.0462056171 	0.0661703823 	0.0000000000 	0.0462113902 	0.0000000000 	0.0000000000 	0.0000000000 	0.9997857640 	
# end of calculation 2019_08_30_16_58_22 
# time difference 00_00_00_00_02_-19 -- in Minutes 2 in Seconds 101 
