##input
##{
##time_step=0.5;
##time_end = 400;
##Gamma_l =0.50;
##Gamma_m =0.50;
##Gamma_r =0.50;
##Nbin =2;
##svdcutoff = 1E-7;
##maxnumberofSV = 5000;
##feedback_time = 10; //ATTENTION avoid feedback 2, avoid feedback times uneven
##init_000 = 0.; 
##init_001 = 0.0; 
##init_010 = 0.0; 
##init_011 = 0.; 
##init_100 = 0.0; 
##init_101 = 0.; 
##init_110 = 0.; 
##init_111 = 1.; 
##phi_l = 1.0;  // as multiple of pi
##phi_m = 0.75;  // as multiple of pi
##phi_r = 1.0;  // as multiple of pi
##}
##// =ATTENTION feedback counts between left and right, middle is half the feedback, effective first feedback effect after fb/2
##// =ATTENTION exclude feedback time of 2, i.e. no distance between left - middle - right bin
##// =ATTENTION exclude uneven feedback times of 2n+1, i.e. asymmetric swap necessary between left - middle - right bin
##// =ATTENTION exclude complex valued initial states, not yet implemented
##
##// 1./sqrt(2.) = 0.70710678118
##// 1./sqrt(3.) = 0.57735027
0.0000000000 	0.0000000000 	0.0000000000 	0.0000000000 	0.0000000000 	0.0000000000 	0.0000000000 	0.0000000000 	1.0000000000 	1.0000000000 	
0.5000000000 	0.0121429101 	0.0406874917 	0.0406874917 	0.1363312842 	0.0406874917 	0.1363312842 	0.1363312842 	0.4568018181 	1.0000010559 	
1.0000000000 	0.0673530795 	0.0981879209 	0.0981879209 	0.1431389344 	0.0981879209 	0.1431389344 	0.1431389344 	0.2086679010 	1.0000015463 	
1.5000000000 	0.1602783327 	0.1347861647 	0.1347861447 	0.1133483632 	0.1347861689 	0.1133483594 	0.1133483651 	0.0953198766 	1.0000017752 	
2.0000000000 	0.2723418570 	0.1478135367 	0.1478135104 	0.0802257150 	0.1478135429 	0.0802257106 	0.0802257171 	0.0435422929 	1.0000018826 	
2.5000000000 	0.3875099803 	0.1440132439 	0.1440132204 	0.0535206800 	0.1440132514 	0.0535206768 	0.0535206820 	0.0198901986 	1.0000019333 	
3.0000000000 	0.4455598995 	0.1386174964 	0.1597442872 	0.0342041678 	0.1386175155 	0.0421233231 	0.0342041750 	0.0069311161 	1.0000019806 	
3.5000000000 	0.4737759732 	0.1355483186 	0.1797144558 	0.0199186816 	0.1355481626 	0.0345659884 	0.0199187374 	0.0010115213 	1.0000018389 	
4.0000000000 	0.4930451096 	0.1313880453 	0.1898760061 	0.0134958320 	0.1313925986 	0.0272721166 	0.0134951973 	0.0000365339 	1.0000014393 	
4.5000000000 	0.5120608544 	0.1254363746 	0.1887434435 	0.0134212827 	0.1254358292 	0.0205735203 	0.0134211803 	0.0009091322 	1.0000016172 	
5.0000000000 	0.5327556053 	0.1186217693 	0.1802253973 	0.0164271481 	0.1186151755 	0.0150741945 	0.0164301487 	0.0018517433 	1.0000011819 	
5.5000000000 	0.5570829519 	0.1066828841 	0.1682837178 	0.0177739450 	0.1066789747 	0.0209514034 	0.0177766298 	0.0047697047 	1.0000002114 	
6.0000000000 	0.5707440753 	0.1036003489 	0.1507166480 	0.0200528517 	0.1035957539 	0.0251380257 	0.0200567002 	0.0060942209 	0.9999986247 	
6.5000000000 	0.5807823779 	0.1054371928 	0.1344499439 	0.0209143953 	0.1054284588 	0.0258888824 	0.0209173300 	0.0061784164 	0.9999969975 	
7.0000000000 	0.5903297763 	0.1090043960 	0.1225160025 	0.0198522701 	0.1089949120 	0.0238843483 	0.0198539691 	0.0055590755 	0.9999947498 	
7.5000000000 	0.6009346828 	0.1118332408 	0.1153130069 	0.0175315690 	0.1118324095 	0.0204682895 	0.0175313187 	0.0045476166 	0.9999921339 	
8.0000000000 	0.6090660823 	0.1134532925 	0.1139994209 	0.0150840903 	0.1134588518 	0.0166265587 	0.0150819957 	0.0032195556 	0.9999898479 	
8.5000000000 	0.6124150881 	0.1143504709 	0.1183480661 	0.0129267749 	0.1143499476 	0.0127436686 	0.0129270947 	0.0019276844 	0.9999887953 	
9.0000000000 	0.6144210267 	0.1139443484 	0.1254157471 	0.0110109099 	0.1139452182 	0.0092511056 	0.0110115987 	0.0009861281 	0.9999860826 	
9.5000000000 	0.6166086796 	0.1120926085 	0.1333927724 	0.0094404630 	0.1120953826 	0.0065055319 	0.0094386427 	0.0004093042 	0.9999833848 	
10.0000000000 	0.6197918545 	0.1088708803 	0.1411910483 	0.0082491166 	0.1088771012 	0.0046401113 	0.0082474884 	0.0001140654 	0.9999816660 	
10.5000000000 	0.6252077508 	0.1038508275 	0.1482907756 	0.0074073897 	0.1038553709 	0.0039547248 	0.0074067055 	0.0000058003 	0.9999793450 	
11.0000000000 	0.6331978253 	0.0970212224 	0.1548250188 	0.0067715341 	0.0970274284 	0.0043408952 	0.0067719059 	0.0000206449 	0.9999764749 	
11.5000000000 	0.6424821584 	0.0893801456 	0.1611167625 	0.0061651073 	0.0893876058 	0.0051819577 	0.0061649019 	0.0000956204 	0.9999742596 	
12.0000000000 	0.6522413553 	0.0816658171 	0.1670925956 	0.0055400286 	0.0816711746 	0.0060459357 	0.0055412967 	0.0001739837 	0.9999721873 	
12.5000000000 	0.6620409401 	0.0743640378 	0.1724876427 	0.0049201264 	0.0743663251 	0.0066487018 	0.0049216355 	0.0002204829 	0.9999698924 	
13.0000000000 	0.6715444490 	0.0677683728 	0.1770977216 	0.0043519214 	0.0677685602 	0.0068537787 	0.0043553763 	0.0002289130 	0.9999690929 	
13.5000000000 	0.6803637732 	0.0620271128 	0.1809122628 	0.0038772822 	0.0620281006 	0.0066686937 	0.0038795610 	0.0002095348 	0.9999663211 	
14.0000000000 	0.6885000002 	0.0571438271 	0.1838112410 	0.0034945515 	0.0571453704 	0.0061973899 	0.0034958658 	0.0001760519 	0.9999642977 	
14.5000000000 	0.6963417885 	0.0530383184 	0.1854593952 	0.0031826462 	0.0530395443 	0.0055772090 	0.0031845819 	0.0001379253 	0.9999614090 	
15.0000000000 	0.7043527999 	0.0496184088 	0.1854871859 	0.0029257078 	0.0496179016 	0.0049275616 	0.0029288717 	0.0001011643 	0.9999596015 	
15.5000000000 	0.7129787859 	0.0467730747 	0.1835695611 	0.0027227402 	0.0467744693 	0.0043459372 	0.0027256675 	0.0000681821 	0.9999584180 	
16.0000000000 	0.7225669035 	0.0443659836 	0.1795663373 	0.0025756227 	0.0443676004 	0.0038945225 	0.0025777215 	0.0000418323 	0.9999565237 	
16.5000000000 	0.7332186815 	0.0423174751 	0.1735609270 	0.0024758178 	0.0423190754 	0.0035624919 	0.0024792964 	0.0000232981 	0.9999570632 	
17.0000000000 	0.7447289847 	0.0406331492 	0.1658250816 	0.0024086447 	0.0406366368 	0.0032984356 	0.0024121532 	0.0000110931 	0.9999541789 	
17.5000000000 	0.7567431823 	0.0393705923 	0.1567072702 	0.0023506019 	0.0393740256 	0.0030490404 	0.0023523791 	0.0000041401 	0.9999512320 	
18.0000000000 	0.7687960511 	0.0385968625 	0.1466115754 	0.0022803962 	0.0386010227 	0.0027785993 	0.0022815072 	0.0000008486 	0.9999468630 	
18.5000000000 	0.7804621161 	0.0383535016 	0.1359268934 	0.0021828141 	0.0383578607 	0.0024810261 	0.0021832462 	0.0000000007 	0.9999474589 	
19.0000000000 	0.7913487389 	0.0386255010 	0.1250599513 	0.0020549994 	0.0386328802 	0.0021672464 	0.0020545611 	0.0000005060 	0.9999443843 	
19.5000000000 	0.8011869872 	0.0393578275 	0.1143771349 	0.0018992331 	0.0393623756 	0.0018598400 	0.0018968739 	0.0000015487 	0.9999418210 	
20.0000000000 	0.8097941424 	0.0404480219 	0.1042233021 	0.0017192824 	0.0404542743 	0.0015793023 	0.0017167068 	0.0000025835 	0.9999376157 	
20.5000000000 	0.8170513006 	0.0417796134 	0.0949157214 	0.0015292091 	0.0417856915 	0.0013443017 	0.0015264500 	0.0000032828 	0.9999355704 	
21.0000000000 	0.8229022406 	0.0432248704 	0.0867313512 	0.0013393884 	0.0432277254 	0.0011679225 	0.0013362625 	0.0000035249 	0.9999332859 	
21.5000000000 	0.8273754193 	0.0446426233 	0.0798912956 	0.0011619864 	0.0446439636 	0.0010528913 	0.0011593805 	0.0000036484 	0.9999312085 	
22.0000000000 	0.8305383274 	0.0459093603 	0.0745661897 	0.0010053773 	0.0459090418 	0.0009934514 	0.0010038244 	0.0000035578 	0.9999291302 	
22.5000000000 	0.8325091867 	0.0469207692 	0.0708554270 	0.0008739324 	0.0469168045 	0.0009747560 	0.0008720797 	0.0000032883 	0.9999262438 	
23.0000000000 	0.8334923441 	0.0475773002 	0.0687746047 	0.0007647482 	0.0475692884 	0.0009789697 	0.0007643056 	0.0000027554 	0.9999243162 	
23.5000000000 	0.8337075092 	0.0478027843 	0.0682729796 	0.0006781965 	0.0477924232 	0.0009898301 	0.0006769115 	0.0000020115 	0.9999226461 	
24.0000000000 	0.8334151406 	0.0475443295 	0.0692155001 	0.0006089027 	0.0475330039 	0.0009943980 	0.0006077712 	0.0000013441 	0.9999203900 	
24.5000000000 	0.8328953033 	0.0467747156 	0.0713956489 	0.0005546756 	0.0467614552 	0.0009818162 	0.0005539834 	0.0000007953 	0.9999183935 	
25.0000000000 	0.8323947458 	0.0454912685 	0.0745731966 	0.0005132334 	0.0454767928 	0.0009531314 	0.0005132376 	0.0000004135 	0.9999160198 	
25.5000000000 	0.8321563554 	0.0437204283 	0.0784590943 	0.0004832046 	0.0437024907 	0.0009089524 	0.0004836286 	0.0000001755 	0.9999143298 	
26.0000000000 	0.8323297161 	0.0415241558 	0.0827750176 	0.0004628471 	0.0415066512 	0.0008505688 	0.0004634134 	0.0000000006 	0.9999123706 	
26.5000000000 	0.8330488792 	0.0389895600 	0.0872158769 	0.0004498652 	0.0389727323 	0.0007827895 	0.0004500202 	0.0000000005 	0.9999097239 	
27.0000000000 	0.8343809592 	0.0362233043 	0.0915024321 	0.0004411900 	0.0362076109 	0.0007109431 	0.0004420111 	0.0000000002 	0.9999084509 	
27.5000000000 	0.8363454813 	0.0333446486 	0.0953779766 	0.0004347616 	0.0333307936 	0.0006376266 	0.0004350188 	0.0000000002 	0.9999063073 	
28.0000000000 	0.8389480886 	0.0304670769 	0.0986137002 	0.0004269141 	0.0304542993 	0.0005662574 	0.0004270094 	0.0000000003 	0.9999033462 	
28.5000000000 	0.8421486046 	0.0277046871 	0.1010234817 	0.0004156513 	0.0276955583 	0.0004980864 	0.0004158983 	0.0000000008 	0.9999019685 	
29.0000000000 	0.8459277072 	0.0251478924 	0.1024481965 	0.0003987459 	0.0251419131 	0.0004350976 	0.0003999286 	0.0000000006 	0.9998994819 	
29.5000000000 	0.8502233073 	0.0228770071 	0.1027966541 	0.0003762014 	0.0228687894 	0.0003769442 	0.0003783040 	0.0000000004 	0.9998972078 	
30.0000000000 	0.8549703842 	0.0209414316 	0.1020248992 	0.0003489020 	0.0209321428 	0.0003261903 	0.0003511505 	0.0000000006 	0.9998951012 	
30.5000000000 	0.8600909980 	0.0193766075 	0.1001346159 	0.0003176190 	0.0193690328 	0.0002836533 	0.0003197013 	0.0000000009 	0.9998922287 	
31.0000000000 	0.8654853311 	0.0181984718 	0.0971952455 	0.0002843468 	0.0181907663 	0.0002505618 	0.0002859185 	0.0000000006 	0.9998906424 	
31.5000000000 	0.8710341418 	0.0174048427 	0.0933233395 	0.0002502400 	0.0173988782 	0.0002255694 	0.0002519301 	0.0000000004 	0.9998889421 	
32.0000000000 	0.8766424940 	0.0169813637 	0.0886407760 	0.0002179132 	0.0169762425 	0.0002088929 	0.0002193411 	0.0000000003 	0.9998870238 	
32.5000000000 	0.8821724179 	0.0169010924 	0.0833406750 	0.0001883886 	0.0168946475 	0.0001985778 	0.0001897179 	0.0000000001 	0.9998855172 	
33.0000000000 	0.8875141921 	0.0171240885 	0.0776099966 	0.0001625621 	0.0171178331 	0.0001926222 	0.0001637153 	0.0000000001 	0.9998850100 	
33.5000000000 	0.8925291289 	0.0176078206 	0.0716725887 	0.0001405401 	0.0176005519 	0.0001898706 	0.0001418184 	0.0000000001 	0.9998823194 	
34.0000000000 	0.8971450017 	0.0182931340 	0.0657198065 	0.0001232567 	0.0182864165 	0.0001887068 	0.0001246351 	0.0000000001 	0.9998809573 	
34.5000000000 	0.9012594753 	0.0191247443 	0.0599660152 	0.0001101073 	0.0191196406 	0.0001867385 	0.0001116334 	0.0000000001 	0.9998783548 	
35.0000000000 	0.9048148345 	0.0200386139 	0.0546036924 	0.0001007524 	0.0200335037 	0.0001832621 	0.0001019653 	0.0000000001 	0.9998766244 	
35.5000000000 	0.9077850281 	0.0209763159 	0.0497741786 	0.0000945908 	0.0209724880 	0.0001772463 	0.0000953872 	0.0000000001 	0.9998752350 	
36.0000000000 	0.9101544272 	0.0218746525 	0.0456222244 	0.0000908676 	0.0218706395 	0.0001697434 	0.0000913132 	0.0000000001 	0.9998738679 	
36.5000000000 	0.9119479163 	0.0226780199 	0.0422344080 	0.0000888752 	0.0226742333 	0.0001597335 	0.0000889103 	0.0000000001 	0.9998720966 	
37.0000000000 	0.9131867834 	0.0233372279 	0.0396846092 	0.0000875197 	0.0233376824 	0.0001478636 	0.0000872380 	0.0000000001 	0.9998689243 	
37.5000000000 	0.9139536579 	0.0238100203 	0.0379858305 	0.0000861830 	0.0238116645 	0.0001345499 	0.0000859932 	0.0000000000 	0.9998678993 	
38.0000000000 	0.9142993378 	0.0240698773 	0.0371373293 	0.0000845522 	0.0240707393 	0.0001203237 	0.0000843735 	0.0000000000 	0.9998665332 	
38.5000000000 	0.9143252404 	0.0240899317 	0.0370818500 	0.0000825583 	0.0240964601 	0.0001064638 	0.0000822845 	0.0000000000 	0.9998647888 	
39.0000000000 	0.9141315838 	0.0238615749 	0.0377466465 	0.0000797453 	0.0238705760 	0.0000928214 	0.0000800808 	0.0000000000 	0.9998630288 	
39.5000000000 	0.9138384263 	0.0233873092 	0.0390117296 	0.0000759887 	0.0233934621 	0.0000805360 	0.0000768871 	0.0000000000 	0.9998643391 	
40.0000000000 	0.9135320034 	0.0226809527 	0.0407596832 	0.0000711004 	0.0226822230 	0.0000694557 	0.0000725979 	0.0000000000 	0.9998680163 	
40.5000000000 	0.9132926721 	0.0217635108 	0.0428444369 	0.0000660008 	0.0217724468 	0.0000601063 	0.0000671352 	0.0000000000 	0.9998663090 	
41.0000000000 	0.9132197581 	0.0206693835 	0.0451259002 	0.0000600304 	0.0206753251 	0.0000524107 	0.0000609264 	0.0000000000 	0.9998637344 	
41.5000000000 	0.9133929961 	0.0194298172 	0.0474450684 	0.0000536635 	0.0194440736 	0.0000465626 	0.0000544036 	0.0000000000 	0.9998665849 	
42.0000000000 	0.9138879914 	0.0180983155 	0.0496330105 	0.0000469965 	0.0181089592 	0.0000419158 	0.0000479764 	0.0000000000 	0.9998651653 	
42.5000000000 	0.9147171135 	0.0167169760 	0.0515793383 	0.0000409181 	0.0167286216 	0.0000391092 	0.0000419498 	0.0000000000 	0.9998640267 	
43.0000000000 	0.9158961889 	0.0153346707 	0.0531759560 	0.0000352722 	0.0153457725 	0.0000378912 	0.0000362460 	0.0000000000 	0.9998619976 	
43.5000000000 	0.9174468026 	0.0140070118 	0.0543002039 	0.0000305604 	0.0140058863 	0.0000374665 	0.0000315241 	0.0000000000 	0.9998594556 	
44.0000000000 	0.9193527291 	0.0127597926 	0.0548976854 	0.0000264056 	0.0127569758 	0.0000373753 	0.0000273790 	0.0000000000 	0.9998583428 	
44.5000000000 	0.9215802082 	0.0116333657 	0.0549266635 	0.0000232236 	0.0116310501 	0.0000374059 	0.0000241608 	0.0000000000 	0.9998560779 	
45.0000000000 	0.9240861717 	0.0106627163 	0.0543620019 	0.0000208943 	0.0106639272 	0.0000367990 	0.0000217322 	0.0000000000 	0.9998542427 	
45.5000000000 	0.9267999576 	0.0098782341 	0.0532229031 	0.0000190113 	0.0098758371 	0.0000360278 	0.0000198633 	0.0000000000 	0.9998518343 	
46.0000000000 	0.9296643436 	0.0092838606 	0.0515483706 	0.0000176590 	0.0092831061 	0.0000347485 	0.0000186267 	0.0000000000 	0.9998507152 	
46.5000000000 	0.9326042885 	0.0088900114 	0.0493960031 	0.0000169707 	0.0088894503 	0.0000332299 	0.0000179879 	0.0000000000 	0.9998479418 	
47.0000000000 	0.9355650007 	0.0086903637 	0.0468323230 	0.0000165519 	0.0086935438 	0.0000306837 	0.0000176247 	0.0000000001 	0.9998460915 	
47.5000000000 	0.9384684587 	0.0086750315 	0.0439604862 	0.0000163544 	0.0086789381 	0.0000282122 	0.0000173747 	0.0000000000 	0.9998448560 	
48.0000000000 	0.9412466876 	0.0088255418 	0.0408825074 	0.0000163355 	0.0088284506 	0.0000257391 	0.0000173280 	0.0000000000 	0.9998425900 	
48.5000000000 	0.9438370694 	0.0091158711 	0.0377115589 	0.0000162681 	0.0091211228 	0.0000223160 	0.0000172752 	0.0000000000 	0.9998414815 	
49.0000000000 	0.9461931837 	0.0095172668 	0.0345553429 	0.0000159743 	0.0095216277 	0.0000195340 	0.0000169625 	0.0000000000 	0.9998398919 	
49.5000000000 	0.9482754326 	0.0099957441 	0.0315174173 	0.0000156259 	0.0100006244 	0.0000170386 	0.0000164073 	0.0000000000 	0.9998382903 	
50.0000000000 	0.9500507891 	0.0105176386 	0.0287018032 	0.0000151390 	0.0105211742 	0.0000144552 	0.0000157306 	0.0000000000 	0.9998367300 	
50.5000000000 	0.9515146517 	0.0110461371 	0.0261826907 	0.0000143334 	0.0110500901 	0.0000124975 	0.0000148296 	0.0000000000 	0.9998352300 	
51.0000000000 	0.9526617481 	0.0115483115 	0.0240351046 	0.0000133380 	0.0115509162 	0.0000109887 	0.0000137096 	0.0000000000 	0.9998341168 	
51.5000000000 	0.9535083752 	0.0119923227 	0.0223033153 	0.0000121681 	0.0119944785 	0.0000094237 	0.0000124372 	0.0000000000 	0.9998325208 	
52.0000000000 	0.9540662594 	0.0123534899 	0.0210257283 	0.0000108429 	0.0123559323 	0.0000083657 	0.0000110700 	0.0000000000 	0.9998316885 	
52.5000000000 	0.9543780244 	0.0126078345 	0.0202058674 	0.0000095653 	0.0126092476 	0.0000078382 	0.0000097246 	0.0000000000 	0.9998281020 	
53.0000000000 	0.9544953568 	0.0127389510 	0.0198278036 	0.0000084048 	0.0127393539 	0.0000073105 	0.0000084999 	0.0000000000 	0.9998256806 	
53.5000000000 	0.9544540018 	0.0127384214 	0.0198726619 	0.0000072718 	0.0127377420 	0.0000069511 	0.0000072528 	0.0000000000 	0.9998243030 	
54.0000000000 	0.9543135618 	0.0126012096 	0.0202892215 	0.0000062430 	0.0126005218 	0.0000066160 	0.0000061600 	0.0000000000 	0.9998235337 	
54.5000000000 	0.9541219006 	0.0123317253 	0.0210218111 	0.0000054008 	0.0123304411 	0.0000064552 	0.0000052832 	0.0000000000 	0.9998230172 	
55.0000000000 	0.9539394371 	0.0119359217 	0.0219955310 	0.0000047741 	0.0119348477 	0.0000064038 	0.0000045619 	0.0000000000 	0.9998214775 	
55.5000000000 	0.9538127861 	0.0114288178 	0.0231364247 	0.0000043523 	0.0114266201 	0.0000065230 	0.0000040538 	0.0000000001 	0.9998195778 	
56.0000000000 	0.9537939907 	0.0108280810 	0.0243549983 	0.0000040428 	0.0108266297 	0.0000067003 	0.0000037509 	0.0000000000 	0.9998181937 	
56.5000000000 	0.9539019371 	0.0101576941 	0.0255858906 	0.0000038279 	0.0101567981 	0.0000066521 	0.0000035967 	0.0000000000 	0.9998163967 	
57.0000000000 	0.9541770006 	0.0094394765 	0.0267449621 	0.0000036976 	0.0094404122 	0.0000062643 	0.0000035090 	0.0000000000 	0.9998153223 	
57.5000000000 	0.9546398523 	0.0087029644 	0.0277568755 	0.0000036172 	0.0087018862 	0.0000057875 	0.0000034125 	0.0000000000 	0.9998143956 	
58.0000000000 	0.9553026483 	0.0079702259 	0.0285561021 	0.0000035673 	0.0079721689 	0.0000053012 	0.0000033582 	0.0000000000 	0.9998133720 	
58.5000000000 	0.9561572868 	0.0072671506 	0.0291075370 	0.0000035227 	0.0072683616 	0.0000048232 	0.0000033156 	0.0000000000 	0.9998119975 	
59.0000000000 	0.9571923602 	0.0066166401 	0.0293699950 	0.0000035350 	0.0066174529 	0.0000043582 	0.0000033791 	0.0000000000 	0.9998077207 	
59.5000000000 	0.9584017936 	0.0060368015 	0.0293199556 	0.0000035005 	0.0060376477 	0.0000038881 	0.0000033772 	0.0000000000 	0.9998069641 	
60.0000000000 	0.9597440251 	0.0055437433 	0.0289641591 	0.0000033876 	0.0055444706 	0.0000033783 	0.0000032914 	0.0000000000 	0.9998064555 	
60.5000000000 	0.9612037399 	0.0051492565 	0.0282946617 	0.0000032237 	0.0051485811 	0.0000029046 	0.0000031564 	0.0000000000 	0.9998055238 	
61.0000000000 	0.9627374462 	0.0048585133 	0.0273426464 	0.0000029934 	0.0048579741 	0.0000025017 	0.0000029529 	0.0000000000 	0.9998050280 	
61.5000000000 	0.9643151512 	0.0046743727 	0.0261323885 	0.0000027622 	0.0046738043 	0.0000021792 	0.0000027137 	0.0000000000 	0.9998033718 	
62.0000000000 	0.9658862354 	0.0045926196 	0.0247241276 	0.0000025056 	0.0045926808 	0.0000019349 	0.0000024718 	0.0000000000 	0.9998025757 	
62.5000000000 	0.9674173497 	0.0046084651 	0.0231606223 	0.0000022345 	0.0046081440 	0.0000017502 	0.0000022191 	0.0000000001 	0.9998007850 	
63.0000000000 	0.9688812647 	0.0047098915 	0.0214941709 	0.0000019844 	0.0047093574 	0.0000016058 	0.0000019454 	0.0000000001 	0.9998002203 	
63.5000000000 	0.9702351349 	0.0048829349 	0.0197945033 	0.0000017281 	0.0048821726 	0.0000015129 	0.0000017054 	0.0000000001 	0.9997996922 	
64.0000000000 	0.9714584757 	0.0051106149 	0.0181138979 	0.0000014886 	0.0051117860 	0.0000014469 	0.0000014743 	0.0000000000 	0.9997991844 	
64.5000000000 	0.9725308664 	0.0053753729 	0.0165111235 	0.0000012938 	0.0053773405 	0.0000014048 	0.0000012760 	0.0000000000 	0.9997986780 	
65.0000000000 	0.9734372493 	0.0056586561 	0.0150369271 	0.0000011249 	0.0056615389 	0.0000013759 	0.0000011098 	0.0000000000 	0.9997979820 	
65.5000000000 	0.9741771755 	0.0059415588 	0.0137295575 	0.0000010002 	0.0059459371 	0.0000013380 	0.0000009817 	0.0000000001 	0.9997975489 	
66.0000000000 	0.9747483232 	0.0062068146 	0.0126276500 	0.0000009013 	0.0062108747 	0.0000013002 	0.0000008840 	0.0000000000 	0.9997967480 	
66.5000000000 	0.9751591632 	0.0064372035 	0.0117539391 	0.0000008248 	0.0064426986 	0.0000012667 	0.0000008163 	0.0000000000 	0.9997959123 	
67.0000000000 	0.9754273375 	0.0066188714 	0.0111211784 	0.0000007795 	0.0066253905 	0.0000012175 	0.0000007733 	0.0000000000 	0.9997955482 	
67.5000000000 	0.9755679411 	0.0067420500 	0.0107341098 	0.0000007490 	0.0067481055 	0.0000011484 	0.0000007475 	0.0000000000 	0.9997948512 	
68.0000000000 	0.9756066475 	0.0067980159 	0.0105834203 	0.0000007283 	0.0068039469 	0.0000010738 	0.0000007304 	0.0000000000 	0.9997945631 	
68.5000000000 	0.9755696342 	0.0067823867 	0.0106516487 	0.0000007135 	0.0067881804 	0.0000009887 	0.0000007168 	0.0000000000 	0.9997942690 	
69.0000000000 	0.9754865936 	0.0066929659 	0.0109134016 	0.0000006998 	0.0066985873 	0.0000008869 	0.0000007038 	0.0000000000 	0.9997938388 	
69.5000000000 	0.9753820282 	0.0065341665 	0.0113351212 	0.0000006814 	0.0065399687 	0.0000007856 	0.0000006863 	0.0000000000 	0.9997934378 	
70.0000000000 	0.9752904939 	0.0063080263 	0.0118779182 	0.0000006551 	0.0063150914 	0.0000006869 	0.0000006600 	0.0000000000 	0.9997935319 	
70.5000000000 	0.9752327694 	0.0060262123 	0.0124994598 	0.0000006235 	0.0060326710 	0.0000005931 	0.0000006266 	0.0000000000 	0.9997929558 	
71.0000000000 	0.9752327466 	0.0056969933 	0.0131570744 	0.0000005847 	0.0057038272 	0.0000005095 	0.0000005844 	0.0000000000 	0.9997923201 	
71.5000000000 	0.9753090633 	0.0053340229 	0.0138075327 	0.0000005382 	0.0053399630 	0.0000004376 	0.0000005367 	0.0000000000 	0.9997920944 	
72.0000000000 	0.9754772185 	0.0049485709 	0.0144104772 	0.0000004888 	0.0049541684 	0.0000003784 	0.0000004865 	0.0000000000 	0.9997917888 	
72.5000000000 	0.9757452526 	0.0045554872 	0.0149289322 	0.0000004390 	0.0045603853 	0.0000003310 	0.0000004346 	0.0000000000 	0.9997912619 	
73.0000000000 	0.9761186606 	0.0041680005 	0.0153312663 	0.0000003863 	0.0041718987 	0.0000002955 	0.0000003828 	0.0000000000 	0.9997908908 	
73.5000000000 	0.9765956385 	0.0037982871 	0.0155931205 	0.0000003378 	0.0038022921 	0.0000002681 	0.0000003344 	0.0000000000 	0.9997902785 	
74.0000000000 	0.9771752949 	0.0034583796 	0.0156927164 	0.0000002942 	0.0034625814 	0.0000002491 	0.0000002883 	0.0000000000 	0.9997898040 	
74.5000000000 	0.9778347034 	0.0031587775 	0.0156324470 	0.0000002517 	0.0031625877 	0.0000002376 	0.0000002486 	0.0000000000 	0.9997892536 	
75.0000000000 	0.9785682973 	0.0029065852 	0.0154028570 	0.0000002170 	0.0029104612 	0.0000002302 	0.0000002130 	0.0000000000 	0.9997888609 	
75.5000000000 	0.9793561820 	0.0027077919 	0.0150126471 	0.0000001881 	0.0027110006 	0.0000002243 	0.0000001837 	0.0000000000 	0.9997882176 	
76.0000000000 	0.9801801478 	0.0025655767 	0.0144731223 	0.0000001630 	0.0025679357 	0.0000002201 	0.0000001610 	0.0000000000 	0.9997873265 	
76.5000000000 	0.9810223713 	0.0024783035 	0.0138053539 	0.0000001447 	0.0024814766 	0.0000002147 	0.0000001440 	0.0000000000 	0.9997880087 	
77.0000000000 	0.9818585404 	0.0024470647 	0.0130321550 	0.0000001312 	0.0024498175 	0.0000002084 	0.0000001324 	0.0000000001 	0.9997880497 	
77.5000000000 	0.9826705387 	0.0024662435 	0.0121833895 	0.0000001206 	0.0024683389 	0.0000002027 	0.0000001243 	0.0000000001 	0.9997889583 	
78.0000000000 	0.9834429758 	0.0025290360 	0.0112885912 	0.0000000921 	0.0025309839 	0.0000001405 	0.0000001030 	0.0000000000 	0.9997919227 	
78.5000000000 	0.9841511413 	0.0026282524 	0.0103802175 	0.0000001015 	0.0026301460 	0.0000001225 	0.0000001084 	0.0000000000 	0.9997900896 	
79.0000000000 	0.9847876075 	0.0027551160 	0.0094893711 	0.0000001073 	0.0027568824 	0.0000001042 	0.0000001120 	0.0000000000 	0.9997893006 	
79.5000000000 	0.9853392117 	0.0028998660 	0.0086464399 	0.0000001114 	0.0029014462 	0.0000000795 	0.0000001128 	0.0000000000 	0.9997872675 	
80.0000000000 	0.9858015700 	0.0030525094 	0.0078752518 	0.0000001081 	0.0030536737 	0.0000000538 	0.0000001085 	0.0000000000 	0.9997832753 	
80.5000000000 	0.9861772793 	0.0032029448 	0.0071973993 	0.0000001000 	0.0032038124 	0.0000000323 	0.0000000997 	0.0000000000 	0.9997816680 	
81.0000000000 	0.9864621288 	0.0033417257 	0.0066344427 	0.0000000889 	0.0033422937 	0.0000000175 	0.0000000873 	0.0000000000 	0.9997807846 	
81.5000000000 	0.9866645441 	0.0034603527 	0.0061947687 	0.0000000754 	0.0034609264 	0.0000000073 	0.0000000737 	0.0000000000 	0.9997807483 	
82.0000000000 	0.9867910974 	0.0035515057 	0.0058854011 	0.0000000628 	0.0035525938 	0.0000000019 	0.0000000596 	0.0000000000 	0.9997807223 	
82.5000000000 	0.9868525863 	0.0036104279 	0.0057061517 	0.0000000009 	0.0036114528 	0.0000000002 	0.0000000009 	0.0000000000 	0.9997806208 	
83.0000000000 	0.9868599743 	0.0036353491 	0.0056516576 	0.0000000007 	0.0036332639 	0.0000000002 	0.0000000008 	0.0000000000 	0.9997802465 	
83.5000000000 	0.9868340874 	0.0036183201 	0.0057118352 	0.0000000005 	0.0036160000 	0.0000000001 	0.0000000006 	0.0000000000 	0.9997802439 	
84.0000000000 	0.9867855511 	0.0035626597 	0.0058716346 	0.0000000003 	0.0035603956 	0.0000000000 	0.0000000004 	0.0000000000 	0.9997802417 	
84.5000000000 	0.9867305593 	0.0034695099 	0.0061125909 	0.0000000005 	0.0034675783 	0.0000000001 	0.0000000003 	0.0000000000 	0.9997802393 	
85.0000000000 	0.9866834356 	0.0033423662 	0.0064136587 	0.0000000002 	0.0033407771 	0.0000000001 	0.0000000002 	0.0000000000 	0.9997802381 	
85.5000000000 	0.9866577259 	0.0031857596 	0.0067522889 	0.0000000001 	0.0031844629 	0.0000000001 	0.0000000001 	0.0000000000 	0.9997802377 	
86.0000000000 	0.9866652695 	0.0030054564 	0.0071051665 	0.0000000001 	0.0030043447 	0.0000000001 	0.0000000001 	0.0000000000 	0.9997802375 	
86.5000000000 	0.9867158879 	0.0028080582 	0.0074492647 	0.0000000000 	0.0028070263 	0.0000000002 	0.0000000001 	0.0000000000 	0.9997802374 	
87.0000000000 	0.9868166141 	0.0026006729 	0.0077632989 	0.0000000000 	0.0025996511 	0.0000000002 	0.0000000001 	0.0000000000 	0.9997802372 	
87.5000000000 	0.9869717961 	0.0023905969 	0.0080282922 	0.0000000000 	0.0023895515 	0.0000000002 	0.0000000001 	0.0000000000 	0.9997802370 	
88.0000000000 	0.9871828843 	0.0021849832 	0.0082283412 	0.0000000000 	0.0021840280 	0.0000000002 	0.0000000001 	0.0000000000 	0.9997802369 	
88.5000000000 	0.9874488270 	0.0019905276 	0.0083511629 	0.0000000000 	0.0019897191 	0.0000000001 	0.0000000000 	0.0000000000 	0.9997802368 	
89.0000000000 	0.9877659446 	0.0018132522 	0.0083884923 	0.0000000000 	0.0018125474 	0.0000000001 	0.0000000000 	0.0000000000 	0.9997802368 	
89.5000000000 	0.9881281236 	0.0016582436 	0.0083362768 	0.0000000000 	0.0016575925 	0.0000000001 	0.0000000000 	0.0000000000 	0.9997802367 	
90.0000000000 	0.9885273599 	0.0015294266 	0.0081946790 	0.0000000000 	0.0015287709 	0.0000000001 	0.0000000001 	0.0000000000 	0.9997802366 	
90.5000000000 	0.9889541380 	0.0014294423 	0.0079679068 	0.0000000000 	0.0014287493 	0.0000000001 	0.0000000001 	0.0000000000 	0.9997802366 	
91.0000000000 	0.9893979461 	0.0013595947 	0.0076638425 	0.0000000000 	0.0013588530 	0.0000000001 	0.0000000001 	0.0000000000 	0.9997802365 	
91.5000000000 	0.9898477999 	0.0013198521 	0.0072935153 	0.0000000001 	0.0013190690 	0.0000000001 	0.0000000000 	0.0000000000 	0.9997802365 	
92.0000000000 	0.9902927171 	0.0013089078 	0.0068705136 	0.0000000001 	0.0013080978 	0.0000000000 	0.0000000000 	0.0000000000 	0.9997802364 	
92.5000000000 	0.9907221862 	0.0013242868 	0.0064103002 	0.0000000000 	0.0013234631 	0.0000000000 	0.0000000000 	0.0000000000 	0.9997802364 	
93.0000000000 	0.9911266195 	0.0013624959 	0.0059294485 	0.0000000000 	0.0013616724 	0.0000000000 	0.0000000000 	0.0000000000 	0.9997802364 	
93.5000000000 	0.9914977402 	0.0014192163 	0.0054448649 	0.0000000000 	0.0014184150 	0.0000000000 	0.0000000000 	0.0000000000 	0.9997802364 	
94.0000000000 	0.9918288887 	0.0014895354 	0.0049730290 	0.0000000000 	0.0014887831 	0.0000000000 	0.0000000000 	0.0000000000 	0.9997802364 	
94.5000000000 	0.9921152549 	0.0015681876 	0.0045292859 	0.0000000000 	0.0015675079 	0.0000000000 	0.0000000000 	0.0000000000 	0.9997802364 	
95.0000000000 	0.9923540250 	0.0016497917 	0.0041272168 	0.0000000000 	0.0016492028 	0.0000000000 	0.0000000000 	0.0000000000 	0.9997802363 	
95.5000000000 	0.9925444257 	0.0017290909 	0.0037781146 	0.0000000000 	0.0017286050 	0.0000000000 	0.0000000000 	0.0000000000 	0.9997802363 	
96.0000000000 	0.9926876780 	0.0018011780 	0.0034905804 	0.0000000000 	0.0018007999 	0.0000000000 	0.0000000000 	0.0000000000 	0.9997802363 	
96.5000000000 	0.9927868643 	0.0018616949 	0.0032702540 	0.0000000000 	0.0018614230 	0.0000000000 	0.0000000000 	0.0000000000 	0.9997802363 	
97.0000000000 	0.9928467191 	0.0019070005 	0.0031196879 	0.0000000000 	0.0019068286 	0.0000000000 	0.0000000000 	0.0000000000 	0.9997802362 	
97.5000000000 	0.9928733549 	0.0019343004 	0.0030383616 	0.0000000000 	0.0019342193 	0.0000000000 	0.0000000000 	0.0000000000 	0.9997802362 	
98.0000000000 	0.9928739397 	0.0019417340 	0.0030228300 	0.0000000000 	0.0019417325 	0.0000000000 	0.0000000000 	0.0000000000 	0.9997802362 	
98.5000000000 	0.9928563430 	0.0019284178 	0.0030669925 	0.0000000000 	0.0019284828 	0.0000000000 	0.0000000000 	0.0000000000 	0.9997802362 	
99.0000000000 	0.9928287635 	0.0018944441 	0.0031624685 	0.0000000000 	0.0018945600 	0.0000000000 	0.0000000000 	0.0000000000 	0.9997802361 	
99.5000000000 	0.9927993589 	0.0018408356 	0.0032990560 	0.0000000000 	0.0018409856 	0.0000000000 	0.0000000000 	0.0000000000 	0.9997802361 	
100.0000000000 	0.9927758942 	0.0017694607 	0.0034652522 	0.0000000000 	0.0017696290 	0.0000000000 	0.0000000000 	0.0000000000 	0.9997802361 	
100.5000000000 	0.9927654217 	0.0016829160 	0.0036488095 	0.0000000000 	0.0016830890 	0.0000000000 	0.0000000000 	0.0000000000 	0.9997802361 	
101.0000000000 	0.9927740039 	0.0015843818 	0.0038373011 	0.0000000000 	0.0015845492 	0.0000000000 	0.0000000000 	0.0000000000 	0.9997802361 	
101.5000000000 	0.9928064920 	0.0014774586 	0.0040186719 	0.0000000000 	0.0014776135 	0.0000000000 	0.0000000000 	0.0000000000 	0.9997802361 	
102.0000000000 	0.9928663643 	0.0013659913 	0.0041817501 	0.0000000000 	0.0013661303 	0.0000000000 	0.0000000000 	0.0000000000 	0.9997802361 	
102.5000000000 	0.9929556334 	0.0012538905 	0.0043166990 	0.0000000000 	0.0012540131 	0.0000000000 	0.0000000000 	0.0000000000 	0.9997802361 	
103.0000000000 	0.9930748200 	0.0011449580 	0.0044153923 	0.0000000000 	0.0011450658 	0.0000000000 	0.0000000000 	0.0000000000 	0.9997802361 	
103.5000000000 	0.9932229940 	0.0010427240 	0.0044716979 	0.0000000000 	0.0010428201 	0.0000000000 	0.0000000000 	0.0000000000 	0.9997802361 	
104.0000000000 	0.9933978778 	0.0009503031 	0.0044816633 	0.0000000000 	0.0009503919 	0.0000000000 	0.0000000000 	0.0000000000 	0.9997802360 	
104.5000000000 	0.9935960036 	0.0008702745 	0.0044435975 	0.0000000000 	0.0008703605 	0.0000000000 	0.0000000000 	0.0000000000 	0.9997802360 	
105.0000000000 	0.9938129173 	0.0008045904 	0.0043580502 	0.0000000000 	0.0008046782 	0.0000000000 	0.0000000000 	0.0000000000 	0.9997802360 	
105.5000000000 	0.9940434169 	0.0007545157 	0.0042276943 	0.0000000000 	0.0007546091 	0.0000000000 	0.0000000000 	0.0000000000 	0.9997802360 	
106.0000000000 	0.9942818132 	0.0007206005 	0.0040571201 	0.0000000000 	0.0007207023 	0.0000000000 	0.0000000000 	0.0000000000 	0.9997802360 	
106.5000000000 	0.9945222022 	0.0007026845 	0.0038525531 	0.0000000000 	0.0007027962 	0.0000000000 	0.0000000000 	0.0000000000 	0.9997802360 	
107.0000000000 	0.9947587342 	0.0006999335 	0.0036215134 	0.0000000000 	0.0007000550 	0.0000000000 	0.0000000000 	0.0000000000 	0.9997802360 	
107.5000000000 	0.9949858704 	0.0007109025 	0.0033724308 	0.0000000000 	0.0007110324 	0.0000000000 	0.0000000000 	0.0000000000 	0.9997802360 	
108.0000000000 	0.9951986148 	0.0007336241 	0.0031142370 	0.0000000000 	0.0007337601 	0.0000000000 	0.0000000000 	0.0000000000 	0.9997802360 	
108.5000000000 	0.9953927127 	0.0007657162 	0.0028559523 	0.0000000000 	0.0007658549 	0.0000000000 	0.0000000000 	0.0000000000 	0.9997802360 	
109.0000000000 	0.9955648088 	0.0008045023 	0.0026062849 	0.0000000000 	0.0008046400 	0.0000000000 	0.0000000000 	0.0000000000 	0.9997802360 	
109.5000000000 	0.9957125590 	0.0008471415 	0.0023732613 	0.0000000000 	0.0008472743 	0.0000000000 	0.0000000000 	0.0000000000 	0.9997802360 	
110.0000000000 	0.9958346940 	0.0008907585 	0.0021639009 	0.0000000000 	0.0008908827 	0.0000000000 	0.0000000000 	0.0000000000 	0.9997802360 	
110.5000000000 	0.9959310317 	0.0009325714 	0.0019839492 	0.0000000000 	0.0009326838 	0.0000000000 	0.0000000000 	0.0000000000 	0.9997802360 	
111.0000000000 	0.9960024430 	0.0009700091 	0.0018376768 	0.0000000000 	0.0009701072 	0.0000000000 	0.0000000000 	0.0000000000 	0.9997802360 	
111.5000000000 	0.9960507717 	0.0010008150 	0.0017277521 	0.0000000000 	0.0010008973 	0.0000000000 	0.0000000000 	0.0000000000 	0.9997802360 	
112.0000000000 	0.9960787155 	0.0010231327 	0.0016551893 	0.0000000000 	0.0010231985 	0.0000000000 	0.0000000000 	0.0000000000 	0.9997802360 	
112.5000000000 	0.9960896741 	0.0010355707 	0.0016193711 	0.0000000000 	0.0010356202 	0.0000000000 	0.0000000000 	0.0000000000 	0.9997802360 	
113.0000000000 	0.9960875729 	0.0010372436 	0.0016181416 	0.0000000000 	0.0010372779 	0.0000000000 	0.0000000000 	0.0000000000 	0.9997802360 	
113.5000000000 	0.9960766711 	0.0010277901 	0.0016479638 	0.0000000000 	0.0010278110 	0.0000000000 	0.0000000000 	0.0000000000 	0.9997802360 	
114.0000000000 	0.9960613627 	0.0010073668 	0.0017041302 	0.0000000000 	0.0010073763 	0.0000000000 	0.0000000000 	0.0000000000 	0.9997802360 	
114.5000000000 	0.9960459798 	0.0009766196 	0.0017810164 	0.0000000000 	0.0009766201 	0.0000000000 	0.0000000000 	0.0000000000 	0.9997802360 	
115.0000000000 	0.9960346071 	0.0009366351 	0.0018723648 	0.0000000000 	0.0009366291 	0.0000000000 	0.0000000000 	0.0000000000 	0.9997802360 	
115.5000000000 	0.9960309141 	0.0008888743 	0.0019715835 	0.0000000000 	0.0008888641 	0.0000000000 	0.0000000000 	0.0000000000 	0.9997802360 	
116.0000000000 	0.9960380134 	0.0008350931 	0.0020720490 	0.0000000000 	0.0008350806 	0.0000000000 	0.0000000000 	0.0000000000 	0.9997802360 	
116.5000000000 	0.9960583481 	0.0007772524 	0.0021673961 	0.0000000000 	0.0007772394 	0.0000000000 	0.0000000000 	0.0000000000 	0.9997802360 	
117.0000000000 	0.9960936140 	0.0007174241 	0.0022517863 	0.0000000000 	0.0007174117 	0.0000000000 	0.0000000000 	0.0000000000 	0.9997802360 	
117.5000000000 	0.9961447174 	0.0006576947 	0.0023201405 	0.0000000000 	0.0006576835 	0.0000000000 	0.0000000000 	0.0000000000 	0.9997802360 	
118.0000000000 	0.9962117691 	0.0006000734 	0.0023683299 	0.0000000000 	0.0006000638 	0.0000000000 	0.0000000000 	0.0000000000 	0.9997802360 	
118.5000000000 	0.9962941137 	0.0005464067 	0.0023933171 	0.0000000000 	0.0005463985 	0.0000000000 	0.0000000000 	0.0000000000 	0.9997802360 	
119.0000000000 	0.9963903913 	0.0004983043 	0.0023932434 	0.0000000000 	0.0004982971 	0.0000000000 	0.0000000000 	0.0000000000 	0.9997802360 	
119.5000000000 	0.9964986272 	0.0004570773 	0.0023674611 	0.0000000000 	0.0004570704 	0.0000000000 	0.0000000000 	0.0000000000 	0.9997802360 	
120.0000000000 	0.9966163452 	0.0004236935 	0.0023165110 	0.0000000000 	0.0004236863 	0.0000000000 	0.0000000000 	0.0000000000 	0.9997802360 	
120.5000000000 	0.9967406979 	0.0003987485 	0.0022420495 	0.0000000000 	0.0003987402 	0.0000000000 	0.0000000000 	0.0000000000 	0.9997802360 	
121.0000000000 	0.9968686082 	0.0003824546 	0.0021467286 	0.0000000000 	0.0003824447 	0.0000000000 	0.0000000000 	0.0000000000 	0.9997802360 	
121.5000000000 	0.9969969146 	0.0003746473 	0.0020340387 	0.0000000000 	0.0003746354 	0.0000000000 	0.0000000000 	0.0000000000 	0.9997802360 	
122.0000000000 	0.9971225145 	0.0003748079 	0.0019081199 	0.0000000000 	0.0003747937 	0.0000000000 	0.0000000000 	0.0000000000 	0.9997802360 	
122.5000000000 	0.9972424990 	0.0003821001 	0.0017735533 	0.0000000000 	0.0003820836 	0.0000000000 	0.0000000000 	0.0000000000 	0.9997802360 	
123.0000000000 	0.9973542734 	0.0003954200 	0.0016351412 	0.0000000000 	0.0003954015 	0.0000000000 	0.0000000000 	0.0000000000 	0.9997802360 	
123.5000000000 	0.9974556590 	0.0004134552 	0.0014976869 	0.0000000000 	0.0004134350 	0.0000000000 	0.0000000000 	0.0000000000 	0.9997802360 	
124.0000000000 	0.9975449728 	0.0004347505 	0.0013657835 	0.0000000000 	0.0004347292 	0.0000000000 	0.0000000000 	0.0000000000 	0.9997802360 	
124.5000000000 	0.9976210819 	0.0004577777 	0.0012436207 	0.0000000000 	0.0004577558 	0.0000000000 	0.0000000000 	0.0000000000 	0.9997802360 	
125.0000000000 	0.9976834309 	0.0004810050 	0.0011348168 	0.0000000000 	0.0004809833 	0.0000000000 	0.0000000000 	0.0000000000 	0.9997802360 	
125.5000000000 	0.9977320443 	0.0005029645 	0.0010422835 	0.0000000000 	0.0005029437 	0.0000000000 	0.0000000000 	0.0000000000 	0.9997802360 	
126.0000000000 	0.9977675020 	0.0005223135 	0.0009681264 	0.0000000000 	0.0005222941 	0.0000000000 	0.0000000000 	0.0000000000 	0.9997802360 	
126.5000000000 	0.9977908922 	0.0005378880 	0.0009135854 	0.0000000000 	0.0005378704 	0.0000000000 	0.0000000000 	0.0000000000 	0.9997802360 	
127.0000000000 	0.9978037432 	0.0005487462 	0.0008790158 	0.0000000000 	0.0005487308 	0.0000000000 	0.0000000000 	0.0000000000 	0.9997802360 	
127.5000000000 	0.9978079400 	0.0005542005 	0.0008639080 	0.0000000000 	0.0005541875 	0.0000000000 	0.0000000000 	0.0000000000 	0.9997802360 	
128.0000000000 	0.9978056271 	0.0005538370 	0.0008669455 	0.0000000000 	0.0005538265 	0.0000000000 	0.0000000000 	0.0000000000 	0.9997802360 	
128.5000000000 	0.9977991051 	0.0005475221 	0.0008860950 	0.0000000000 	0.0005475138 	0.0000000000 	0.0000000000 	0.0000000000 	0.9997802360 	
129.0000000000 	0.9977907243 	0.0005353966 	0.0009187248 	0.0000000000 	0.0005353905 	0.0000000000 	0.0000000000 	0.0000000000 	0.9997802360 	
129.5000000000 	0.9977827801 	0.0005178582 	0.0009617438 	0.0000000000 	0.0005178540 	0.0000000000 	0.0000000000 	0.0000000000 	0.9997802360 	
130.0000000000 	0.9977774158 	0.0004955334 	0.0010117561 	0.0000000000 	0.0004955307 	0.0000000000 	0.0000000000 	0.0000000000 	0.9997802360 	
130.5000000000 	0.9977765356 	0.0004692402 	0.0010652216 	0.0000000000 	0.0004692386 	0.0000000000 	0.0000000000 	0.0000000000 	0.9997802360 	
131.0000000000 	0.9977817319 	0.0004399442 	0.0011186166 	0.0000000000 	0.0004399434 	0.0000000000 	0.0000000000 	0.0000000000 	0.9997802360 	
131.5000000000 	0.9977942286 	0.0004087103 	0.0011685871 	0.0000000000 	0.0004087100 	0.0000000000 	0.0000000000 	0.0000000000 	0.9997802360 	
132.0000000000 	0.9978148441 	0.0003766516 	0.0012120889 	0.0000000000 	0.0003766515 	0.0000000000 	0.0000000000 	0.0000000000 	0.9997802360 	
132.5000000000 	0.9978439723 	0.0003448784 	0.0012465069 	0.0000000000 	0.0003448784 	0.0000000000 	0.0000000000 	0.0000000000 	0.9997802360 	
133.0000000000 	0.9978815839 	0.0003144498 	0.0012697528 	0.0000000000 	0.0003144496 	0.0000000000 	0.0000000000 	0.0000000000 	0.9997802360 	
133.5000000000 	0.9979272454 	0.0002863287 	0.0012803333 	0.0000000000 	0.0002863285 	0.0000000000 	0.0000000000 	0.0000000000 	0.9997802360 	
134.0000000000 	0.9979801561 	0.0002613442 	0.0012773918 	0.0000000000 	0.0002613439 	0.0000000000 	0.0000000000 	0.0000000000 	0.9997802360 	
134.5000000000 	0.9980391983 	0.0002401599 	0.0012607184 	0.0000000000 	0.0002401595 	0.0000000000 	0.0000000000 	0.0000000000 	0.9997802360 	
135.0000000000 	0.9981030004 	0.0002232517 	0.0012307326 	0.0000000000 	0.0002232514 	0.0000000000 	0.0000000000 	0.0000000000 	0.9997802360 	
135.5000000000 	0.9981700082 	0.0002108948 	0.0011884384 	0.0000000000 	0.0002108947 	0.0000000000 	0.0000000000 	0.0000000000 	0.9997802360 	
136.0000000000 	0.9982385608 	0.0002031597 	0.0011353558 	0.0000000000 	0.0002031598 	0.0000000000 	0.0000000000 	0.0000000000 	0.9997802360 	
136.5000000000 	0.9983069688 	0.0001999169 	0.0010734329 	0.0000000000 	0.0001999174 	0.0000000000 	0.0000000000 	0.0000000000 	0.9997802360 	
137.0000000000 	0.9983735902 	0.0002008515 	0.0010049420 	0.0000000000 	0.0002008524 	0.0000000000 	0.0000000000 	0.0000000000 	0.9997802360 	
137.5000000000 	0.9984369005 	0.0002054839 	0.0009323664 	0.0000000000 	0.0002054853 	0.0000000000 	0.0000000000 	0.0000000000 	0.9997802360 	
138.0000000000 	0.9984955559 	0.0002131977 	0.0008582828 	0.0000000000 	0.0002131996 	0.0000000000 	0.0000000000 	0.0000000000 	0.9997802360 	
138.5000000000 	0.9985484448 	0.0002232724 	0.0007852441 	0.0000000000 	0.0002232747 	0.0000000000 	0.0000000000 	0.0000000000 	0.9997802360 	
139.0000000000 	0.9985947281 	0.0002349188 	0.0007156676 	0.0000000000 	0.0002349215 	0.0000000000 	0.0000000000 	0.0000000000 	0.9997802360 	
139.5000000000 	0.9986338647 	0.0002473167 	0.0006517350 	0.0000000000 	0.0002473197 	0.0000000000 	0.0000000000 	0.0000000000 	0.9997802360 	
140.0000000000 	0.9986656238 	0.0002596517 	0.0005953057 	0.0000000000 	0.0002596549 	0.0000000000 	0.0000000000 	0.0000000000 	0.9997802360 	
140.5000000000 	0.9986900829 	0.0002711507 	0.0005478485 	0.0000000000 	0.0002711539 	0.0000000000 	0.0000000000 	0.0000000000 	0.9997802360 	
141.0000000000 	0.9987076120 	0.0002811140 	0.0005103927 	0.0000000000 	0.0002811172 	0.0000000000 	0.0000000000 	0.0000000000 	0.9997802360 	
141.5000000000 	0.9987188458 	0.0002889429 	0.0004835013 	0.0000000000 	0.0002889460 	0.0000000000 	0.0000000000 	0.0000000000 	0.9997802360 	
142.0000000000 	0.9987246457 	0.0002941616 	0.0004672644 	0.0000000000 	0.0002941644 	0.0000000000 	0.0000000000 	0.0000000000 	0.9997802360 	
142.5000000000 	0.9987260528 	0.0002964327 	0.0004613153 	0.0000000000 	0.0002964353 	0.0000000000 	0.0000000000 	0.0000000000 	0.9997802360 	
143.0000000000 	0.9987242359 	0.0002955666 	0.0004648646 	0.0000000000 	0.0002955689 	0.0000000000 	0.0000000000 	0.0000000000 	0.9997802360 	
143.5000000000 	0.9987204350 	0.0002915235 	0.0004767521 	0.0000000000 	0.0002915254 	0.0000000000 	0.0000000000 	0.0000000000 	0.9997802360 	
144.0000000000 	0.9987159045 	0.0002844086 	0.0004955127 	0.0000000000 	0.0002844102 	0.0000000000 	0.0000000000 	0.0000000000 	0.9997802360 	
144.5000000000 	0.9987118585 	0.0002744618 	0.0005194527 	0.0000000000 	0.0002744631 	0.0000000000 	0.0000000000 	0.0000000000 	0.9997802360 	
145.0000000000 	0.9987094189 	0.0002620414 	0.0005467334 	0.0000000000 	0.0002620424 	0.0000000000 	0.0000000000 	0.0000000000 	0.9997802360 	
145.5000000000 	0.9987095713 	0.0002476033 	0.0005754574 	0.0000000000 	0.0002476040 	0.0000000000 	0.0000000000 	0.0000000000 	0.9997802360 	
146.0000000000 	0.9987131273 	0.0002316771 	0.0006037540 	0.0000000000 	0.0002316777 	0.0000000000 	0.0000000000 	0.0000000000 	0.9997802360 	
146.5000000000 	0.9987206965 	0.0002148397 	0.0006298597 	0.0000000000 	0.0002148402 	0.0000000000 	0.0000000000 	0.0000000000 	0.9997802360 	
147.0000000000 	0.9987326687 	0.0001976881 	0.0006521908 	0.0000000000 	0.0001976885 	0.0000000000 	0.0000000000 	0.0000000000 	0.9997802360 	
147.5000000000 	0.9987492062 	0.0001808120 	0.0006694055 	0.0000000000 	0.0001808123 	0.0000000000 	0.0000000000 	0.0000000000 	0.9997802360 	
148.0000000000 	0.9987702465 	0.0001647685 	0.0006804522 	0.0000000000 	0.0001647688 	0.0000000000 	0.0000000000 	0.0000000000 	0.9997802360 	
148.5000000000 	0.9987955143 	0.0001500588 	0.0006846037 	0.0000000000 	0.0001500591 	0.0000000000 	0.0000000000 	0.0000000000 	0.9997802360 	
149.0000000000 	0.9988245433 	0.0001371085 	0.0006814754 	0.0000000000 	0.0001371088 	0.0000000000 	0.0000000000 	0.0000000000 	0.9997802360 	
149.5000000000 	0.9988567045 	0.0001262519 	0.0006710274 	0.0000000000 	0.0001262522 	0.0000000000 	0.0000000000 	0.0000000000 	0.9997802360 	
150.0000000000 	0.9988912407 	0.0001177212 	0.0006535528 	0.0000000000 	0.0001177215 	0.0000000000 	0.0000000000 	0.0000000000 	0.9997802360 	
150.5000000000 	0.9989273056 	0.0001116402 	0.0006296498 	0.0000000000 	0.0001116404 	0.0000000000 	0.0000000000 	0.0000000000 	0.9997802360 	
151.0000000000 	0.9989640050 	0.0001080235 	0.0006001838 	0.0000000000 	0.0001080238 	0.0000000000 	0.0000000000 	0.0000000000 	0.9997802360 	
151.5000000000 	0.9990004378 	0.0001067804 	0.0005662373 	0.0000000000 	0.0001067806 	0.0000000000 	0.0000000000 	0.0000000000 	0.9997802360 	
152.0000000000 	0.9990357368 	0.0001077226 	0.0005290540 	0.0000000000 	0.0001077227 	0.0000000000 	0.0000000000 	0.0000000000 	0.9997802360 	
152.5000000000 	0.9990691048 	0.0001105771 	0.0004899770 	0.0000000000 	0.0001105771 	0.0000000000 	0.0000000000 	0.0000000000 	0.9997802360 	
153.0000000000 	0.9990998479 	0.0001150010 	0.0004503861 	0.0000000000 	0.0001150010 	0.0000000000 	0.0000000000 	0.0000000000 	0.9997802360 	
153.5000000000 	0.9991274012 	0.0001205999 	0.0004116351 	0.0000000000 	0.0001205998 	0.0000000000 	0.0000000000 	0.0000000000 	0.9997802360 	
154.0000000000 	0.9991513489 	0.0001269468 	0.0003749938 	0.0000000000 	0.0001269466 	0.0000000000 	0.0000000000 	0.0000000000 	0.9997802360 	
154.5000000000 	0.9991714368 	0.0001336022 	0.0003415952 	0.0000000000 	0.0001336019 	0.0000000000 	0.0000000000 	0.0000000000 	0.9997802360 	
155.0000000000 	0.9991875768 	0.0001401340 	0.0003123917 	0.0000000000 	0.0001401336 	0.0000000000 	0.0000000000 	0.0000000000 	0.9997802360 	
155.5000000000 	0.9991998441 	0.0001461359 	0.0002881205 	0.0000000000 	0.0001461355 	0.0000000000 	0.0000000000 	0.0000000000 	0.9997802360 	
156.0000000000 	0.9992084681 	0.0001512443 	0.0002692798 	0.0000000000 	0.0001512439 	0.0000000000 	0.0000000000 	0.0000000000 	0.9997802360 	
156.5000000000 	0.9992138155 	0.0001551522 	0.0002561166 	0.0000000000 	0.0001551517 	0.0000000000 	0.0000000000 	0.0000000000 	0.9997802360 	
157.0000000000 	0.9992163692 	0.0001576203 	0.0002486267 	0.0000000000 	0.0001576198 	0.0000000000 	0.0000000000 	0.0000000000 	0.9997802360 	
157.5000000000 	0.9992167026 	0.0001584848 	0.0002465642 	0.0000000000 	0.0001584844 	0.0000000000 	0.0000000000 	0.0000000000 	0.9997802360 	
158.0000000000 	0.9992154509 	0.0001576614 	0.0002494627 	0.0000000000 	0.0001576610 	0.0000000000 	0.0000000000 	0.0000000000 	0.9997802360 	
158.5000000000 	0.9992132811 	0.0001551455 	0.0002566644 	0.0000000000 	0.0001551451 	0.0000000000 	0.0000000000 	0.0000000000 	0.9997802360 	
159.0000000000 	0.9992108616 	0.0001510091 	0.0002673566 	0.0000000000 	0.0001510087 	0.0000000000 	0.0000000000 	0.0000000000 	0.9997802360 	
159.5000000000 	0.9992088329 	0.0001453947 	0.0002806141 	0.0000000000 	0.0001453944 	0.0000000000 	0.0000000000 	0.0000000000 	0.9997802360 	
160.0000000000 	0.9992077812 	0.0001385058 	0.0002954435 	0.0000000000 	0.0001385055 	0.0000000000 	0.0000000000 	0.0000000000 	0.9997802360 	
160.5000000000 	0.9992082151 	0.0001305956 	0.0003108300 	0.0000000000 	0.0001305954 	0.0000000000 	0.0000000000 	0.0000000000 	0.9997802360 	
161.0000000000 	0.9992105465 	0.0001219537 	0.0003257822 	0.0000000000 	0.0001219536 	0.0000000000 	0.0000000000 	0.0000000000 	0.9997802360 	
161.5000000000 	0.9992150771 	0.0001128920 	0.0003393750 	0.0000000000 	0.0001128919 	0.0000000000 	0.0000000000 	0.0000000000 	0.9997802360 	
162.0000000000 	0.9992219896 	0.0001037299 	0.0003507867 	0.0000000000 	0.0001037298 	0.0000000000 	0.0000000000 	0.0000000000 	0.9997802360 	
162.5000000000 	0.9992313450 	0.0000947800 	0.0003593311 	0.0000000000 	0.0000947799 	0.0000000000 	0.0000000000 	0.0000000000 	0.9997802360 	
163.0000000000 	0.9992430852 	0.0000863347 	0.0003644815 	0.0000000000 	0.0000863346 	0.0000000000 	0.0000000000 	0.0000000000 	0.9997802360 	
163.5000000000 	0.9992570402 	0.0000786542 	0.0003658876 	0.0000000000 	0.0000786541 	0.0000000000 	0.0000000000 	0.0000000000 	0.9997802360 	
164.0000000000 	0.9992729410 	0.0000719562 	0.0003633828 	0.0000000000 	0.0000719561 	0.0000000000 	0.0000000000 	0.0000000000 	0.9997802360 	
164.5000000000 	0.9992904352 	0.0000664082 	0.0003569845 	0.0000000000 	0.0000664081 	0.0000000000 	0.0000000000 	0.0000000000 	0.9997802360 	
165.0000000000 	0.9993091064 	0.0000621223 	0.0003468852 	0.0000000000 	0.0000621222 	0.0000000000 	0.0000000000 	0.0000000000 	0.9997802360 	
165.5000000000 	0.9993284949 	0.0000591522 	0.0003334368 	0.0000000000 	0.0000591521 	0.0000000000 	0.0000000000 	0.0000000000 	0.9997802360 	
166.0000000000 	0.9993481200 	0.0000574936 	0.0003171288 	0.0000000000 	0.0000574935 	0.0000000000 	0.0000000000 	0.0000000000 	0.9997802360 	
166.5000000000 	0.9993675024 	0.0000570865 	0.0002985607 	0.0000000000 	0.0000570864 	0.0000000000 	0.0000000000 	0.0000000000 	0.9997802360 	
167.0000000000 	0.9993861847 	0.0000578200 	0.0002784113 	0.0000000000 	0.0000578200 	0.0000000000 	0.0000000000 	0.0000000000 	0.9997802360 	
167.5000000000 	0.9994037514 	0.0000595397 	0.0002574054 	0.0000000000 	0.0000595396 	0.0000000000 	0.0000000000 	0.0000000000 	0.9997802360 	
168.0000000000 	0.9994198449 	0.0000620555 	0.0002362802 	0.0000000000 	0.0000620555 	0.0000000000 	0.0000000000 	0.0000000000 	0.9997802360 	
168.5000000000 	0.9994341795 	0.0000651521 	0.0002157523 	0.0000000000 	0.0000651521 	0.0000000000 	0.0000000000 	0.0000000000 	0.9997802360 	
169.0000000000 	0.9994465509 	0.0000685989 	0.0001964873 	0.0000000000 	0.0000685989 	0.0000000000 	0.0000000000 	0.0000000000 	0.9997802360 	
169.5000000000 	0.9994568418 	0.0000721611 	0.0001790720 	0.0000000000 	0.0000721611 	0.0000000000 	0.0000000000 	0.0000000000 	0.9997802360 	
170.0000000000 	0.9994650240 	0.0000756098 	0.0001639925 	0.0000000000 	0.0000756098 	0.0000000000 	0.0000000000 	0.0000000000 	0.9997802360 	
170.5000000000 	0.9994711556 	0.0000787319 	0.0001516166 	0.0000000000 	0.0000787320 	0.0000000000 	0.0000000000 	0.0000000000 	0.9997802360 	
171.0000000000 	0.9994753756 	0.0000813390 	0.0001421824 	0.0000000000 	0.0000813390 	0.0000000000 	0.0000000000 	0.0000000000 	0.9997802360 	
171.5000000000 	0.9994778942 	0.0000832741 	0.0001357935 	0.0000000000 	0.0000832742 	0.0000000000 	0.0000000000 	0.0000000000 	0.9997802360 	
172.0000000000 	0.9994789809 	0.0000844177 	0.0001324196 	0.0000000000 	0.0000844178 	0.0000000000 	0.0000000000 	0.0000000000 	0.9997802360 	
172.5000000000 	0.9994789506 	0.0000846911 	0.0001319031 	0.0000000000 	0.0000846912 	0.0000000000 	0.0000000000 	0.0000000000 	0.9997802360 	
173.0000000000 	0.9994781477 	0.0000840583 	0.0001339717 	0.0000000000 	0.0000840583 	0.0000000000 	0.0000000000 	0.0000000000 	0.9997802360 	
173.5000000000 	0.9994769301 	0.0000825256 	0.0001382546 	0.0000000000 	0.0000825257 	0.0000000000 	0.0000000000 	0.0000000000 	0.9997802360 	
174.0000000000 	0.9994756534 	0.0000801400 	0.0001443026 	0.0000000000 	0.0000801400 	0.0000000000 	0.0000000000 	0.0000000000 	0.9997802360 	
174.5000000000 	0.9994746547 	0.0000769849 	0.0001516116 	0.0000000000 	0.0000769849 	0.0000000000 	0.0000000000 	0.0000000000 	0.9997802360 	
175.0000000000 	0.9994742396 	0.0000731752 	0.0001596460 	0.0000000000 	0.0000731753 	0.0000000000 	0.0000000000 	0.0000000000 	0.9997802360 	
175.5000000000 	0.9994746698 	0.0000688511 	0.0001678641 	0.0000000000 	0.0000688511 	0.0000000000 	0.0000000000 	0.0000000000 	0.9997802360 	
176.0000000000 	0.9994761534 	0.0000641704 	0.0001757417 	0.0000000000 	0.0000641705 	0.0000000000 	0.0000000000 	0.0000000000 	0.9997802360 	
176.5000000000 	0.9994788385 	0.0000593015 	0.0001827946 	0.0000000000 	0.0000593015 	0.0000000000 	0.0000000000 	0.0000000000 	0.9997802360 	
177.0000000000 	0.9994828091 	0.0000544147 	0.0001885974 	0.0000000000 	0.0000544148 	0.0000000000 	0.0000000000 	0.0000000000 	0.9997802360 	
177.5000000000 	0.9994880840 	0.0000496757 	0.0001928006 	0.0000000000 	0.0000496757 	0.0000000000 	0.0000000000 	0.0000000000 	0.9997802360 	
178.0000000000 	0.9994946191 	0.0000452374 	0.0001951421 	0.0000000000 	0.0000452374 	0.0000000000 	0.0000000000 	0.0000000000 	0.9997802360 	
178.5000000000 	0.9995023118 	0.0000412346 	0.0001954551 	0.0000000000 	0.0000412346 	0.0000000000 	0.0000000000 	0.0000000000 	0.9997802360 	
179.0000000000 	0.9995110079 	0.0000377782 	0.0001936717 	0.0000000000 	0.0000377782 	0.0000000000 	0.0000000000 	0.0000000000 	0.9997802360 	
179.5000000000 	0.9995205111 	0.0000349517 	0.0001898215 	0.0000000000 	0.0000349517 	0.0000000000 	0.0000000000 	0.0000000000 	0.9997802360 	
180.0000000000 	0.9995305929 	0.0000328085 	0.0001840261 	0.0000000000 	0.0000328085 	0.0000000000 	0.0000000000 	0.0000000000 	0.9997802360 	
180.5000000000 	0.9995410042 	0.0000313707 	0.0001764905 	0.0000000000 	0.0000313707 	0.0000000000 	0.0000000000 	0.0000000000 	0.9997802360 	
181.0000000000 	0.9995514873 	0.0000306294 	0.0001674899 	0.0000000000 	0.0000306294 	0.0000000000 	0.0000000000 	0.0000000000 	0.9997802360 	
181.5000000000 	0.9995617876 	0.0000305467 	0.0001573551 	0.0000000000 	0.0000305467 	0.0000000000 	0.0000000000 	0.0000000000 	0.9997802360 	
182.0000000000 	0.9995716644 	0.0000310580 	0.0001464557 	0.0000000000 	0.0000310580 	0.0000000000 	0.0000000000 	0.0000000000 	0.9997802360 	
182.5000000000 	0.9995809017 	0.0000320762 	0.0001351819 	0.0000000000 	0.0000320762 	0.0000000000 	0.0000000000 	0.0000000000 	0.9997802360 	
183.0000000000 	0.9995893158 	0.0000334966 	0.0001239271 	0.0000000000 	0.0000334966 	0.0000000000 	0.0000000000 	0.0000000000 	0.9997802360 	
183.5000000000 	0.9995967629 	0.0000352018 	0.0001130696 	0.0000000000 	0.0000352018 	0.0000000000 	0.0000000000 	0.0000000000 	0.9997802360 	
184.0000000000 	0.9996031434 	0.0000370676 	0.0001029574 	0.0000000000 	0.0000370676 	0.0000000000 	0.0000000000 	0.0000000000 	0.9997802360 	
184.5000000000 	0.9996084049 	0.0000389687 	0.0000938938 	0.0000000000 	0.0000389687 	0.0000000000 	0.0000000000 	0.0000000000 	0.9997802360 	
185.0000000000 	0.9996125420 	0.0000407841 	0.0000861258 	0.0000000000 	0.0000407841 	0.0000000000 	0.0000000000 	0.0000000000 	0.9997802360 	
185.5000000000 	0.9996155954 	0.0000424025 	0.0000798357 	0.0000000000 	0.0000424025 	0.0000000000 	0.0000000000 	0.0000000000 	0.9997802360 	
186.0000000000 	0.9996176478 	0.0000437263 	0.0000751357 	0.0000000000 	0.0000437263 	0.0000000000 	0.0000000000 	0.0000000000 	0.9997802360 	
186.5000000000 	0.9996188190 	0.0000446756 	0.0000720658 	0.0000000000 	0.0000446756 	0.0000000000 	0.0000000000 	0.0000000000 	0.9997802360 	
187.0000000000 	0.9996192587 	0.0000451912 	0.0000705950 	0.0000000000 	0.0000451911 	0.0000000000 	0.0000000000 	0.0000000000 	0.9997802360 	
187.5000000000 	0.9996191394 	0.0000452356 	0.0000706256 	0.0000000000 	0.0000452356 	0.0000000000 	0.0000000000 	0.0000000000 	0.9997802360 	
188.0000000000 	0.9996186473 	0.0000447944 	0.0000719999 	0.0000000000 	0.0000447944 	0.0000000000 	0.0000000000 	0.0000000000 	0.9997802360 	
188.5000000000 	0.9996179742 	0.0000438759 	0.0000745100 	0.0000000000 	0.0000438759 	0.0000000000 	0.0000000000 	0.0000000000 	0.9997802360 	
189.0000000000 	0.9996173086 	0.0000425094 	0.0000779086 	0.0000000000 	0.0000425094 	0.0000000000 	0.0000000000 	0.0000000000 	0.9997802360 	
189.5000000000 	0.9996168279 	0.0000407433 	0.0000819214 	0.0000000000 	0.0000407433 	0.0000000000 	0.0000000000 	0.0000000000 	0.9997802360 	
190.0000000000 	0.9996166910 	0.0000386423 	0.0000862605 	0.0000000000 	0.0000386423 	0.0000000000 	0.0000000000 	0.0000000000 	0.9997802360 	
190.5000000000 	0.9996170318 	0.0000362834 	0.0000906373 	0.0000000000 	0.0000362834 	0.0000000000 	0.0000000000 	0.0000000000 	0.9997802360 	
191.0000000000 	0.9996179553 	0.0000337528 	0.0000947752 	0.0000000000 	0.0000337527 	0.0000000000 	0.0000000000 	0.0000000000 	0.9997802360 	
191.5000000000 	0.9996195334 	0.0000311408 	0.0000984211 	0.0000000000 	0.0000311407 	0.0000000000 	0.0000000000 	0.0000000000 	0.9997802360 	
192.0000000000 	0.9996218036 	0.0000285384 	0.0001013558 	0.0000000000 	0.0000285383 	0.0000000000 	0.0000000000 	0.0000000000 	0.9997802360 	
192.5000000000 	0.9996247686 	0.0000260329 	0.0001034017 	0.0000000000 	0.0000260329 	0.0000000000 	0.0000000000 	0.0000000000 	0.9997802360 	
193.0000000000 	0.9996283981 	0.0000237043 	0.0001044293 	0.0000000000 	0.0000237043 	0.0000000000 	0.0000000000 	0.0000000000 	0.9997802360 	
193.5000000000 	0.9996326310 	0.0000216222 	0.0001043606 	0.0000000000 	0.0000216222 	0.0000000000 	0.0000000000 	0.0000000000 	0.9997802360 	
194.0000000000 	0.9996373798 	0.0000198429 	0.0001031705 	0.0000000000 	0.0000198429 	0.0000000000 	0.0000000000 	0.0000000000 	0.9997802360 	
194.5000000000 	0.9996425353 	0.0000184077 	0.0001008854 	0.0000000000 	0.0000184077 	0.0000000000 	0.0000000000 	0.0000000000 	0.9997802360 	
195.0000000000 	0.9996479725 	0.0000173415 	0.0000975804 	0.0000000000 	0.0000173415 	0.0000000000 	0.0000000000 	0.0000000000 	0.9997802360 	
195.5000000000 	0.9996535569 	0.0000166528 	0.0000933735 	0.0000000000 	0.0000166528 	0.0000000000 	0.0000000000 	0.0000000000 	0.9997802360 	
196.0000000000 	0.9996591505 	0.0000163333 	0.0000884188 	0.0000000000 	0.0000163333 	0.0000000000 	0.0000000000 	0.0000000000 	0.9997802360 	
196.5000000000 	0.9996646184 	0.0000163597 	0.0000828984 	0.0000000000 	0.0000163596 	0.0000000000 	0.0000000000 	0.0000000000 	0.9997802360 	
197.0000000000 	0.9996698342 	0.0000166945 	0.0000770128 	0.0000000000 	0.0000166945 	0.0000000000 	0.0000000000 	0.0000000000 	0.9997802360 	
197.5000000000 	0.9996746857 	0.0000172892 	0.0000709718 	0.0000000000 	0.0000172892 	0.0000000000 	0.0000000000 	0.0000000000 	0.9997802360 	
198.0000000000 	0.9996790792 	0.0000180860 	0.0000649847 	0.0000000000 	0.0000180860 	0.0000000000 	0.0000000000 	0.0000000000 	0.9997802360 	
198.5000000000 	0.9996829425 	0.0000190212 	0.0000592511 	0.0000000000 	0.0000190212 	0.0000000000 	0.0000000000 	0.0000000000 	0.9997802360 	
199.0000000000 	0.9996862277 	0.0000200280 	0.0000539523 	0.0000000000 	0.0000200280 	0.0000000000 	0.0000000000 	0.0000000000 	0.9997802360 	
199.5000000000 	0.9996889121 	0.0000210397 	0.0000492446 	0.0000000000 	0.0000210397 	0.0000000000 	0.0000000000 	0.0000000000 	0.9997802360 	
# end of calculation 2019_08_30_14_45_11 
# time difference 00_00_00_00_02_-22 -- in Minutes 2 in Seconds 98 
