##input
##{
##time_step=0.5;
##time_end = 400;
##Gamma_l =0.50;
##Gamma_m =0.50;
##Gamma_r =0.50;
##Nbin =2;
##svdcutoff = 1E-7;
##maxnumberofSV = 5000;
##feedback_time = 10; //ATTENTION avoid feedback 2, avoid feedback times uneven
##init_000 = 0.; 
##init_001 = 0.0; 
##init_010 = 0.0; 
##init_011 = 0.; 
##init_100 = 0.0; 
##init_101 = 0.; 
##init_110 = 0.; 
##init_111 = 1.; 
##phi_l = 2.0;  // as multiple of pi
##phi_m = 2.0;  // as multiple of pi
##phi_r = 2.0;  // as multiple of pi
##}
##// =ATTENTION feedback counts between left and right, middle is half the feedback, effective first feedback effect after fb/2
##// =ATTENTION exclude feedback time of 2, i.e. no distance between left - middle - right bin
##// =ATTENTION exclude uneven feedback times of 2n+1, i.e. asymmetric swap necessary between left - middle - right bin
##// =ATTENTION exclude complex valued initial states, not yet implemented
##
##// 1./sqrt(2.) = 0.70710678118
##// 1./sqrt(3.) = 0.57735027
0.0000000000 	0.0000000000 	0.0000000000 	0.0000000000 	0.0000000000 	0.0000000000 	0.0000000000 	0.0000000000 	1.0000000000 	1.0000000000 	
0.5000000000 	0.0121429101 	0.0406874917 	0.0406874917 	0.1363312842 	0.0406874917 	0.1363312842 	0.1363312842 	0.4568018181 	1.0000010559 	
1.0000000000 	0.0673530795 	0.0981879209 	0.0981879209 	0.1431389344 	0.0981879209 	0.1431389344 	0.1431389344 	0.2086679010 	1.0000015463 	
1.5000000000 	0.1602783327 	0.1347861647 	0.1347861447 	0.1133483632 	0.1347861689 	0.1133483594 	0.1133483651 	0.0953198766 	1.0000017752 	
2.0000000000 	0.2723418570 	0.1478135367 	0.1478135104 	0.0802257150 	0.1478135429 	0.0802257106 	0.0802257171 	0.0435422929 	1.0000018826 	
2.5000000000 	0.3875099803 	0.1440132439 	0.1440132204 	0.0535206800 	0.1440132514 	0.0535206768 	0.0535206820 	0.0198901986 	1.0000019333 	
3.0000000000 	0.4630072537 	0.1321941791 	0.1422969265 	0.0406274758 	0.1321942010 	0.0375225819 	0.0406274801 	0.0115318450 	1.0000019432 	
3.5000000000 	0.5158342958 	0.1187218815 	0.1376560546 	0.0367450855 	0.1187219820 	0.0261594927 	0.0367449472 	0.0094180602 	1.0000017996 	
4.0000000000 	0.5475062692 	0.1084844792 	0.1354129011 	0.0364040833 	0.1084860117 	0.0186249774 	0.0364031440 	0.0086797671 	1.0000016330 	
4.5000000000 	0.5659276293 	0.1020134568 	0.1348768305 	0.0368453698 	0.1020117071 	0.0135489922 	0.0368458619 	0.0079319754 	1.0000018230 	
5.0000000000 	0.5783277492 	0.0983382820 	0.1346540537 	0.0367105047 	0.0983332517 	0.0100599618 	0.0367114049 	0.0068663435 	1.0000015516 	
5.5000000000 	0.5590828750 	0.1115425549 	0.1455557916 	0.0320480842 	0.1115388718 	0.0056230677 	0.0320488861 	0.0025605826 	1.0000007140 	
6.0000000000 	0.5339140484 	0.1254818553 	0.1534102571 	0.0271381255 	0.1254802853 	0.0066053073 	0.0271361648 	0.0008329363 	0.9999989800 	
6.5000000000 	0.5197001897 	0.1341144951 	0.1564994791 	0.0230616762 	0.1341267049 	0.0091701522 	0.0230615182 	0.0002633049 	0.9999975201 	
7.0000000000 	0.5201414666 	0.1362959770 	0.1552413723 	0.0204549785 	0.1363015876 	0.0110117875 	0.0204538757 	0.0000954911 	0.9999965363 	
7.5000000000 	0.5323505330 	0.1331842598 	0.1513061590 	0.0193322745 	0.1331742564 	0.0112746250 	0.0193308749 	0.0000416720 	0.9999946546 	
8.0000000000 	0.5549145621 	0.1266705843 	0.1450018751 	0.0182216696 	0.1266686249 	0.0102695155 	0.0182186869 	0.0000272333 	0.9999927517 	
8.5000000000 	0.5840396541 	0.1184356840 	0.1380162025 	0.0161052297 	0.1184353840 	0.0088261193 	0.0161037140 	0.0000285570 	0.9999905444 	
9.0000000000 	0.6118854596 	0.1098721726 	0.1338186636 	0.0134995432 	0.1098642261 	0.0075104040 	0.0135032928 	0.0000339865 	0.9999877484 	
9.5000000000 	0.6339696112 	0.1019874778 	0.1338421246 	0.0107928611 	0.1019813598 	0.0065699922 	0.0107977446 	0.0000440086 	0.9999851800 	
10.0000000000 	0.6491076981 	0.0952796498 	0.1377700255 	0.0082479870 	0.0952746129 	0.0059856200 	0.0082528738 	0.0000645432 	0.9999830102 	
10.5000000000 	0.6566230812 	0.0907696565 	0.1434585796 	0.0063437590 	0.0907676864 	0.0055789240 	0.0063447483 	0.0000950899 	0.9999815250 	
11.0000000000 	0.6572349018 	0.0891869115 	0.1486058596 	0.0052273504 	0.0891873973 	0.0051770000 	0.0052287650 	0.0001306159 	0.9999788015 	
11.5000000000 	0.6546373746 	0.0895414694 	0.1521366376 	0.0045698754 	0.0895406381 	0.0048136684 	0.0045718569 	0.0001648931 	0.9999764135 	
12.0000000000 	0.6519556950 	0.0906603266 	0.1536528409 	0.0041422078 	0.0906617611 	0.0045740345 	0.0041432013 	0.0001839724 	0.9999740396 	
12.5000000000 	0.6512560359 	0.0915828166 	0.1533269433 	0.0037883845 	0.0915845722 	0.0044614347 	0.0037897913 	0.0001813963 	0.9999713747 	
13.0000000000 	0.6533895252 	0.0918070354 	0.1515512048 	0.0034279497 	0.0918100914 	0.0043930055 	0.0034309815 	0.0001590759 	0.9999688695 	
13.5000000000 	0.6582189776 	0.0912819719 	0.1487051611 	0.0030414503 	0.0912835317 	0.0042638924 	0.0030447407 	0.0001265446 	0.9999662702 	
14.0000000000 	0.6650266153 	0.0901425231 	0.1452272458 	0.0026491023 	0.0901471639 	0.0040250603 	0.0026520599 	0.0000938742 	0.9999636449 	
14.5000000000 	0.6728616375 	0.0885643346 	0.1416313561 	0.0022841216 	0.0885720700 	0.0036916513 	0.0022874728 	0.0000674781 	0.9999601220 	
15.0000000000 	0.6807838094 	0.0867526924 	0.1383677169 	0.0019703627 	0.0867593340 	0.0033027233 	0.0019727613 	0.0000488374 	0.9999582375 	
15.5000000000 	0.6879631897 	0.0849620977 	0.1356877333 	0.0017157385 	0.0849713281 	0.0029015073 	0.0017164905 	0.0000362757 	0.9999543609 	
16.0000000000 	0.6936631598 	0.0835188011 	0.1336509422 	0.0015192963 	0.0835265525 	0.0025267772 	0.0015197489 	0.0000277602 	0.9999530382 	
16.5000000000 	0.6975070757 	0.0826495289 	0.1321597919 	0.0013715029 	0.0826611786 	0.0022075557 	0.0013721339 	0.0000216271 	0.9999503948 	
17.0000000000 	0.6996466144 	0.0823829511 	0.1310332505 	0.0012587768 	0.0823956367 	0.0019547757 	0.0012582611 	0.0000168138 	0.9999470802 	
17.5000000000 	0.7005698622 	0.0825866976 	0.1300790977 	0.0011688629 	0.0825953313 	0.0017633063 	0.0011681708 	0.0000129071 	0.9999442359 	
18.0000000000 	0.7009141994 	0.0830270903 	0.1291484051 	0.0010944903 	0.0830316058 	0.0016222869 	0.0010937822 	0.0000098768 	0.9999417369 	
18.5000000000 	0.7012193384 	0.0834766308 	0.1281821393 	0.0010301692 	0.0834788703 	0.0015131964 	0.0010303095 	0.0000076374 	0.9999382914 	
19.0000000000 	0.7018183933 	0.0837669292 	0.1272129143 	0.0009714752 	0.0837684662 	0.0014203850 	0.0009711100 	0.0000061548 	0.9999358279 	
19.5000000000 	0.7028294270 	0.0838067979 	0.1263250000 	0.0009139785 	0.0838113440 	0.0013296997 	0.0009124191 	0.0000050412 	0.9999337074 	
20.0000000000 	0.7041447095 	0.0835915549 	0.1256580894 	0.0008526571 	0.0835926996 	0.0012350288 	0.0008522749 	0.0000042453 	0.9999312595 	
20.5000000000 	0.7056324083 	0.0831451804 	0.1252853108 	0.0007883087 	0.0831518355 	0.0011362915 	0.0007875091 	0.0000036018 	0.9999304460 	
21.0000000000 	0.7070621334 	0.0825595996 	0.1252659440 	0.0007200426 	0.0825601366 	0.0010361778 	0.0007202572 	0.0000030902 	0.9999273813 	
21.5000000000 	0.7082879629 	0.0819039846 	0.1255809235 	0.0006519950 	0.0819091928 	0.0009362731 	0.0006524818 	0.0000026629 	0.9999254766 	
22.0000000000 	0.7092292984 	0.0812678071 	0.1261355806 	0.0005870372 	0.0812704241 	0.0008441735 	0.0005865372 	0.0000022842 	0.9999231424 	
22.5000000000 	0.7099073141 	0.0806967846 	0.1268000489 	0.0005274223 	0.0807000170 	0.0007611090 	0.0005259695 	0.0000019645 	0.9999206299 	
23.0000000000 	0.7103782535 	0.0802190109 	0.1274562459 	0.0004728597 	0.0802276087 	0.0006899467 	0.0004718698 	0.0000016822 	0.9999174774 	
23.5000000000 	0.7107721666 	0.0798317589 	0.1279880687 	0.0004253466 	0.0798433612 	0.0006300260 	0.0004239078 	0.0000014187 	0.9999160543 	
24.0000000000 	0.7111948269 	0.0795189716 	0.1283186991 	0.0003837931 	0.0795348652 	0.0005804198 	0.0003822355 	0.0000011994 	0.9999150106 	
24.5000000000 	0.7116954587 	0.0792640880 	0.1284406921 	0.0003472313 	0.0792761780 	0.0005375899 	0.0003458738 	0.0000009581 	0.9999080699 	
25.0000000000 	0.7123176534 	0.0790458604 	0.1283534912 	0.0003149604 	0.0790607390 	0.0005018703 	0.0003137938 	0.0000007280 	0.9999090966 	
25.5000000000 	0.7130190004 	0.0788639828 	0.1281058779 	0.0002860856 	0.0788781980 	0.0004684314 	0.0002851006 	0.0000005519 	0.9999072286 	
26.0000000000 	0.7137791236 	0.0787135456 	0.1277351710 	0.0002602247 	0.0787226286 	0.0004370312 	0.0002591889 	0.0000004289 	0.9999073426 	
26.5000000000 	0.7145119761 	0.0786016780 	0.1273028360 	0.0002370987 	0.0786073970 	0.0004063523 	0.0002357013 	0.0000003300 	0.9999033694 	
27.0000000000 	0.7151986171 	0.0785233936 	0.1268461580 	0.0002161899 	0.0785251445 	0.0003765637 	0.0002146146 	0.0000002430 	0.9999009244 	
27.5000000000 	0.7157817309 	0.0784819281 	0.1264055674 	0.0001970897 	0.0784894096 	0.0003476472 	0.0001956252 	0.0000001857 	0.9998991839 	
28.0000000000 	0.7162485262 	0.0784813955 	0.1259957915 	0.0001798491 	0.0784959480 	0.0003200690 	0.0001785505 	0.0000001365 	0.9999002663 	
28.5000000000 	0.7165903878 	0.0785221842 	0.1256328306 	0.0001644431 	0.0785306194 	0.0002941860 	0.0001632345 	0.0000001015 	0.9998979872 	
29.0000000000 	0.7168339232 	0.0785794006 	0.1253218710 	0.0001501373 	0.0785898092 	0.0002702980 	0.0001492702 	0.0000000006 	0.9998947102 	
29.5000000000 	0.7169971542 	0.0786483090 	0.1250642219 	0.0001372139 	0.0786567678 	0.0002492074 	0.0001364139 	0.0000000003 	0.9998892883 	
30.0000000000 	0.7171272614 	0.0786978940 	0.1248711218 	0.0001252361 	0.0787111406 	0.0002297861 	0.0001247686 	0.0000000001 	0.9998872086 	
30.5000000000 	0.7172195499 	0.0787385069 	0.1247328721 	0.0001146500 	0.0787524871 	0.0002129764 	0.0001141580 	0.0000000000 	0.9998852005 	
31.0000000000 	0.7173190993 	0.0787596869 	0.1246248194 	0.0001050194 	0.0787728284 	0.0001972120 	0.0001044447 	0.0000000001 	0.9998831102 	
31.5000000000 	0.7174157537 	0.0787471480 	0.1245858263 	0.0000958965 	0.0787604402 	0.0001822917 	0.0000954279 	0.0000000001 	0.9998827844 	
32.0000000000 	0.7174929440 	0.0787042455 	0.1246062888 	0.0000877998 	0.0787340957 	0.0001687235 	0.0000871735 	0.0000000000 	0.9998812710 	
32.5000000000 	0.7175793730 	0.0786317354 	0.1246828714 	0.0000801786 	0.0786699407 	0.0001562863 	0.0000796196 	0.0000000001 	0.9998800052 	
33.0000000000 	0.7176507108 	0.0785371749 	0.1248082577 	0.0000732037 	0.0785907888 	0.0001442919 	0.0000725673 	0.0000000000 	0.9998769951 	
33.5000000000 	0.7176911379 	0.0784649212 	0.1249471521 	0.0000666023 	0.0785065811 	0.0001334713 	0.0000659775 	0.0000000001 	0.9998758435 	
34.0000000000 	0.7177324208 	0.0783859924 	0.1250954544 	0.0000606067 	0.0784163003 	0.0001232808 	0.0000601102 	0.0000000000 	0.9998741655 	
34.5000000000 	0.7177528222 	0.0783052944 	0.1252616845 	0.0000550109 	0.0783282510 	0.0001139156 	0.0000547663 	0.0000000000 	0.9998717449 	
35.0000000000 	0.7177860895 	0.0782307421 	0.1254032680 	0.0000498644 	0.0782453648 	0.0001054085 	0.0000497903 	0.0000000000 	0.9998705276 	
35.5000000000 	0.7178858821 	0.0781477785 	0.1254846536 	0.0000452112 	0.0781639689 	0.0000969094 	0.0000453083 	0.0000000001 	0.9998697120 	
36.0000000000 	0.7179641452 	0.0780866091 	0.1255520429 	0.0000409202 	0.0780942128 	0.0000890485 	0.0000412710 	0.0000000000 	0.9998682499 	
36.5000000000 	0.7180627693 	0.0780307078 	0.1255744989 	0.0000371388 	0.0780420370 	0.0000819747 	0.0000376525 	0.0000000001 	0.9998667790 	
37.0000000000 	0.7181686978 	0.0779957647 	0.1255677370 	0.0000335924 	0.0779904359 	0.0000751736 	0.0000343964 	0.0000000001 	0.9998657980 	
37.5000000000 	0.7182897509 	0.0779569622 	0.1255169323 	0.0000305631 	0.0779695546 	0.0000691629 	0.0000314532 	0.0000000001 	0.9998643793 	
38.0000000000 	0.7183849095 	0.0779370073 	0.1254639963 	0.0000279681 	0.0779560105 	0.0000637638 	0.0000288037 	0.0000000001 	0.9998624592 	
38.5000000000 	0.7184856668 	0.0779331945 	0.1253833234 	0.0000256003 	0.0779474051 	0.0000588939 	0.0000264574 	0.0000000001 	0.9998605414 	
39.0000000000 	0.7185953794 	0.0779335135 	0.1252680463 	0.0000232964 	0.0779601866 	0.0000545836 	0.0000242540 	0.0000000001 	0.9998592599 	
39.5000000000 	0.7186598082 	0.0779464609 	0.1251838046 	0.0000212553 	0.0779734804 	0.0000504641 	0.0000222723 	0.0000000002 	0.9998575459 	
40.0000000000 	0.7186882113 	0.0779590290 	0.1251187865 	0.0000193857 	0.0780041046 	0.0000468025 	0.0000204744 	0.0000000001 	0.9998567941 	
40.5000000000 	0.7187487444 	0.0779705770 	0.1250281670 	0.0000176856 	0.0780285067 	0.0000432446 	0.0000187389 	0.0000000002 	0.9998556643 	
41.0000000000 	0.7187598841 	0.0779943858 	0.1249667763 	0.0000161706 	0.0780601775 	0.0000399842 	0.0000171768 	0.0000000002 	0.9998545554 	
41.5000000000 	0.7187659245 	0.0780207091 	0.1249165384 	0.0000147924 	0.0780831180 	0.0000368080 	0.0000157249 	0.0000000001 	0.9998536154 	
42.0000000000 	0.7187875117 	0.0780232692 	0.1248859306 	0.0000135086 	0.0780941575 	0.0000338280 	0.0000144331 	0.0000000001 	0.9998526387 	
42.5000000000 	0.7188092872 	0.0780339376 	0.1248530571 	0.0000122857 	0.0780988277 	0.0000310030 	0.0000131845 	0.0000000001 	0.9998515829 	
43.0000000000 	0.7187919350 	0.0780511693 	0.1248627541 	0.0000112080 	0.0780942810 	0.0000284188 	0.0000120097 	0.0000000000 	0.9998517759 	
43.5000000000 	0.7188085681 	0.0780481350 	0.1248562142 	0.0000102129 	0.0780914143 	0.0000261081 	0.0000109747 	0.0000000000 	0.9998516275 	
44.0000000000 	0.7187916393 	0.0780457229 	0.1248902504 	0.0000093328 	0.0780803451 	0.0000239671 	0.0000100484 	0.0000000000 	0.9998513060 	
44.5000000000 	0.7187627909 	0.0780311150 	0.1249517120 	0.0000085159 	0.0780654840 	0.0000220736 	0.0000091860 	0.0000000000 	0.9998508773 	
45.0000000000 	0.7187359990 	0.0780250019 	0.1249997074 	0.0000077757 	0.0780530762 	0.0000202927 	0.0000083573 	0.0000000000 	0.9998502101 	
45.5000000000 	0.7187253925 	0.0780042771 	0.1250569467 	0.0000071244 	0.0780282878 	0.0000186254 	0.0000076737 	0.0000000001 	0.9998483276 	
46.0000000000 	0.7187134395 	0.0779977184 	0.1250918234 	0.0000065308 	0.0780138925 	0.0000170909 	0.0000070405 	0.0000000000 	0.9998475361 	
46.5000000000 	0.7187301464 	0.0779818275 	0.1251247334 	0.0000060369 	0.0779815011 	0.0000157843 	0.0000064822 	0.0000000002 	0.9998465118 	
47.0000000000 	0.7187641958 	0.0779477147 	0.1251466438 	0.0000055595 	0.0779605324 	0.0000146887 	0.0000059329 	0.0000000001 	0.9998452677 	
47.5000000000 	0.7188011349 	0.0779219845 	0.1251562150 	0.0000050605 	0.0779389354 	0.0000136980 	0.0000054029 	0.0000000002 	0.9998424313 	
48.0000000000 	0.7188270739 	0.0779069126 	0.1251661388 	0.0000046487 	0.0779185976 	0.0000127011 	0.0000049349 	0.0000000002 	0.9998410076 	
48.5000000000 	0.7188243481 	0.0779073141 	0.1251746522 	0.0000042699 	0.0779124585 	0.0000117690 	0.0000044930 	0.0000000003 	0.9998393051 	
49.0000000000 	0.7188150381 	0.0779104177 	0.1251772161 	0.0000039288 	0.0779164189 	0.0000108221 	0.0000041279 	0.0000000002 	0.9998379698 	
49.5000000000 	0.7188495866 	0.0779111554 	0.1251512337 	0.0000035785 	0.0779079144 	0.0000099594 	0.0000037802 	0.0000000001 	0.9998372083 	
50.0000000000 	0.7188692987 	0.0779192317 	0.1251219348 	0.0000032699 	0.0779096012 	0.0000091458 	0.0000034791 	0.0000000000 	0.9998359611 	
50.5000000000 	0.7188959134 	0.0779154814 	0.1250941299 	0.0000029756 	0.0779148094 	0.0000084161 	0.0000031724 	0.0000000000 	0.9998348982 	
51.0000000000 	0.7189345556 	0.0779182689 	0.1250562057 	0.0000027415 	0.0779114770 	0.0000077991 	0.0000028729 	0.0000000000 	0.9998339207 	
51.5000000000 	0.7189706751 	0.0779063033 	0.1250252083 	0.0000024846 	0.0779184704 	0.0000072495 	0.0000026053 	0.0000000001 	0.9998329965 	
52.0000000000 	0.7189559682 	0.0779212898 	0.1250160522 	0.0000022515 	0.0779279904 	0.0000066626 	0.0000023628 	0.0000000001 	0.9998325776 	
52.5000000000 	0.7189338015 	0.0779318038 	0.1250174096 	0.0000020391 	0.0779383092 	0.0000061310 	0.0000021476 	0.0000000002 	0.9998316422 	
53.0000000000 	0.7189331374 	0.0779355583 	0.1250051672 	0.0000018604 	0.0779470890 	0.0000056356 	0.0000019662 	0.0000000002 	0.9998304142 	
53.5000000000 	0.7189328449 	0.0779463845 	0.1249843062 	0.0000016811 	0.0779577501 	0.0000052021 	0.0000017969 	0.0000000002 	0.9998299660 	
54.0000000000 	0.7189511198 	0.0779481551 	0.1249552210 	0.0000015801 	0.0779666547 	0.0000047790 	0.0000016492 	0.0000000001 	0.9998291591 	
54.5000000000 	0.7189482984 	0.0779449864 	0.1249625893 	0.0000014428 	0.0779656201 	0.0000043893 	0.0000015149 	0.0000000001 	0.9998288413 	
55.0000000000 	0.7189454615 	0.0779421297 	0.1249724634 	0.0000013250 	0.0779614655 	0.0000040300 	0.0000013901 	0.0000000000 	0.9998282652 	
55.5000000000 	0.7189335483 	0.0779404305 	0.1249824691 	0.0000012127 	0.0779647897 	0.0000036879 	0.0000012777 	0.0000000000 	0.9998274159 	
56.0000000000 	0.7189208827 	0.0779425909 	0.1249923530 	0.0000011353 	0.0779649973 	0.0000033811 	0.0000011742 	0.0000000001 	0.9998265146 	
56.5000000000 	0.7189072142 	0.0779398268 	0.1250069595 	0.0000010523 	0.0779665811 	0.0000031237 	0.0000010803 	0.0000000002 	0.9998258380 	
57.0000000000 	0.7189103517 	0.0779312796 	0.1250199373 	0.0000009595 	0.0779588088 	0.0000028750 	0.0000009862 	0.0000000003 	0.9998251983 	
57.5000000000 	0.7189087180 	0.0779252839 	0.1250323240 	0.0000008712 	0.0779541696 	0.0000026481 	0.0000009003 	0.0000000002 	0.9998249152 	
58.0000000000 	0.7189110047 	0.0779189328 	0.1250379783 	0.0000007766 	0.0779525396 	0.0000024489 	0.0000008246 	0.0000000001 	0.9998245056 	
58.5000000000 	0.7189094223 	0.0779206397 	0.1250452761 	0.0000007087 	0.0779433784 	0.0000022586 	0.0000007496 	0.0000000002 	0.9998224335 	
59.0000000000 	0.7189138430 	0.0779163363 	0.1250497621 	0.0000006622 	0.0779378519 	0.0000020761 	0.0000006908 	0.0000000001 	0.9998212225 	
59.5000000000 	0.7189178869 	0.0779153548 	0.1250541218 	0.0000006029 	0.0779295746 	0.0000018925 	0.0000006359 	0.0000000002 	0.9998200695 	
60.0000000000 	0.7189223800 	0.0779124798 	0.1250560189 	0.0000005515 	0.0779256633 	0.0000017444 	0.0000005793 	0.0000000001 	0.9998194172 	
60.5000000000 	0.7189301339 	0.0779087559 	0.1250527258 	0.0000005032 	0.0779244733 	0.0000015982 	0.0000005233 	0.0000000001 	0.9998187136 	
61.0000000000 	0.7189305462 	0.0779096756 	0.1250537599 	0.0000004558 	0.0779208033 	0.0000014668 	0.0000004820 	0.0000000002 	0.9998171899 	
61.5000000000 	0.7189383438 	0.0779093116 	0.1250432074 	0.0000004183 	0.0779233209 	0.0000013427 	0.0000004391 	0.0000000001 	0.9998163840 	
62.0000000000 	0.7189364185 	0.0779096444 	0.1250406469 	0.0000003832 	0.0779268162 	0.0000012345 	0.0000003957 	0.0000000002 	0.9998155396 	
62.5000000000 	0.7189398790 	0.0779100530 	0.1250339137 	0.0000003447 	0.0779289236 	0.0000011170 	0.0000003503 	0.0000000002 	0.9998145815 	
63.0000000000 	0.7189412437 	0.0779113055 	0.1250293802 	0.0000003107 	0.0779298458 	0.0000010263 	0.0000003257 	0.0000000000 	0.9998134379 	
63.5000000000 	0.7189443281 	0.0779138433 	0.1250215128 	0.0000002824 	0.0779311246 	0.0000009387 	0.0000002997 	0.0000000001 	0.9998123296 	
64.0000000000 	0.7189549717 	0.0779119511 	0.1250104158 	0.0000002593 	0.0779330995 	0.0000008726 	0.0000002750 	0.0000000001 	0.9998118450 	
64.5000000000 	0.7189395771 	0.0779164824 	0.1250161628 	0.0000002368 	0.0779374196 	0.0000007882 	0.0000002505 	0.0000000002 	0.9998109174 	
65.0000000000 	0.7189317413 	0.0779201665 	0.1250177803 	0.0000002110 	0.0779393917 	0.0000007139 	0.0000002365 	0.0000000001 	0.9998102414 	
65.5000000000 	0.7189315780 	0.0779234010 	0.1250139722 	0.0000001931 	0.0779394682 	0.0000006484 	0.0000002092 	0.0000000002 	0.9998094702 	
66.0000000000 	0.7189343819 	0.0779209723 	0.1250095230 	0.0000001714 	0.0779430207 	0.0000005914 	0.0000001882 	0.0000000002 	0.9998088491 	
66.5000000000 	0.7189332551 	0.0779250955 	0.1250049897 	0.0000001541 	0.0779439565 	0.0000005325 	0.0000001713 	0.0000000001 	0.9998081548 	
67.0000000000 	0.7189377219 	0.0779196603 	0.1250070331 	0.0000001379 	0.0779425559 	0.0000004886 	0.0000001567 	0.0000000001 	0.9998077546 	
67.5000000000 	0.7189304207 	0.0779215570 	0.1250136334 	0.0000001267 	0.0779409616 	0.0000004553 	0.0000001473 	0.0000000002 	0.9998073023 	
68.0000000000 	0.7189298493 	0.0779201857 	0.1250153164 	0.0000001231 	0.0779405750 	0.0000004193 	0.0000001302 	0.0000000003 	0.9998065993 	
68.5000000000 	0.7189285987 	0.0779199339 	0.1250152445 	0.0000001210 	0.0779412515 	0.0000003794 	0.0000001241 	0.0000000002 	0.9998056533 	
69.0000000000 	0.7189252126 	0.0779212114 	0.1250186374 	0.0000001141 	0.0779393263 	0.0000003517 	0.0000001189 	0.0000000003 	0.9998049727 	
69.5000000000 	0.7189152634 	0.0779174221 	0.1250307912 	0.0000001112 	0.0779400992 	0.0000003301 	0.0000001088 	0.0000000002 	0.9998041262 	
70.0000000000 	0.7189262435 	0.0779139015 	0.1250228544 	0.0000000955 	0.0779398408 	0.0000003270 	0.0000001010 	0.0000000004 	0.9998033642 	
70.5000000000 	0.7189285408 	0.0779116647 	0.1250250011 	0.0000000843 	0.0779370324 	0.0000003276 	0.0000000927 	0.0000000003 	0.9998027441 	
71.0000000000 	0.7189321647 	0.0779075613 	0.1250228037 	0.0000000727 	0.0779386057 	0.0000002811 	0.0000000828 	0.0000000003 	0.9998015722 	
71.5000000000 	0.7189255524 	0.0779092468 	0.1250278035 	0.0000000784 	0.0779381401 	0.0000002442 	0.0000000684 	0.0000000003 	0.9998011342 	
72.0000000000 	0.7189406931 	0.0779029267 	0.1250252587 	0.0000000623 	0.0779312745 	0.0000002036 	0.0000000601 	0.0000000002 	0.9998004792 	
72.5000000000 	0.7189288620 	0.0779076052 	0.1250289030 	0.0000000266 	0.0779344251 	0.0000001779 	0.0000000248 	0.0000000002 	0.9998000248 	
73.0000000000 	0.7189329854 	0.0779105647 	0.1250216174 	0.0000000070 	0.0779339076 	0.0000001542 	0.0000000061 	0.0000000002 	0.9997992427 	
73.5000000000 	0.7189296623 	0.0779127637 	0.1250216003 	0.0000000042 	0.0779343068 	0.0000001406 	0.0000000058 	0.0000000001 	0.9997984837 	
74.0000000000 	0.7189252841 	0.0779122361 	0.1250254915 	0.0000000035 	0.0779351827 	0.0000001287 	0.0000000061 	0.0000000002 	0.9997983328 	
74.5000000000 	0.7189272181 	0.0779110389 	0.1250222579 	0.0000000051 	0.0779375361 	0.0000001164 	0.0000000067 	0.0000000001 	0.9997981793 	
75.0000000000 	0.7189292564 	0.0779101109 	0.1250216911 	0.0000000061 	0.0779368946 	0.0000001077 	0.0000000078 	0.0000000001 	0.9997980748 	
75.5000000000 	0.7189253596 	0.0779108843 	0.1250224865 	0.0000000065 	0.0779391410 	0.0000001002 	0.0000000077 	0.0000000003 	0.9997979859 	
76.0000000000 	0.7189234207 	0.0779098655 	0.1250222754 	0.0000000050 	0.0779422304 	0.0000000934 	0.0000000068 	0.0000000003 	0.9997978976 	
76.5000000000 	0.7189277837 	0.0779104466 	0.1250215743 	0.0000000047 	0.0779379307 	0.0000000874 	0.0000000063 	0.0000000002 	0.9997978337 	
77.0000000000 	0.7189280801 	0.0779116121 	0.1250210145 	0.0000000045 	0.0779369828 	0.0000000816 	0.0000000057 	0.0000000001 	0.9997977814 	
77.5000000000 	0.7189300473 	0.0779108430 	0.1250194298 	0.0000000028 	0.0779367802 	0.0000000008 	0.0000000013 	0.0000000001 	0.9997971052 	
78.0000000000 	0.7189316361 	0.0779108406 	0.1250189620 	0.0000000021 	0.0779356568 	0.0000000005 	0.0000000008 	0.0000000000 	0.9997970989 	
78.5000000000 	0.7189316711 	0.0779111167 	0.1250190891 	0.0000000015 	0.0779352149 	0.0000000005 	0.0000000006 	0.0000000000 	0.9997970943 	
79.0000000000 	0.7189324581 	0.0779108633 	0.1250189326 	0.0000000011 	0.0779348344 	0.0000000005 	0.0000000008 	0.0000000000 	0.9997970908 	
79.5000000000 	0.7189321110 	0.0779111143 	0.1250187693 	0.0000000009 	0.0779350906 	0.0000000006 	0.0000000009 	0.0000000000 	0.9997970876 	
80.0000000000 	0.7189306078 	0.0779111848 	0.1250189055 	0.0000000008 	0.0779363856 	0.0000000005 	0.0000000007 	0.0000000000 	0.9997970856 	
80.5000000000 	0.7189299948 	0.0779108355 	0.1250190026 	0.0000000007 	0.0779372498 	0.0000000005 	0.0000000005 	0.0000000000 	0.9997970844 	
81.0000000000 	0.7189296907 	0.0779104710 	0.1250190333 	0.0000000006 	0.0779378870 	0.0000000005 	0.0000000004 	0.0000000000 	0.9997970835 	
81.5000000000 	0.7189292513 	0.0779102052 	0.1250191052 	0.0000000004 	0.0779385197 	0.0000000005 	0.0000000003 	0.0000000000 	0.9997970827 	
82.0000000000 	0.7189290416 	0.0779097371 	0.1250192305 	0.0000000003 	0.0779390716 	0.0000000005 	0.0000000003 	0.0000000000 	0.9997970821 	
82.5000000000 	0.7189290467 	0.0779092550 	0.1250194607 	0.0000000003 	0.0779393180 	0.0000000005 	0.0000000003 	0.0000000000 	0.9997970814 	
83.0000000000 	0.7189290278 	0.0779088933 	0.1250197574 	0.0000000002 	0.0779394015 	0.0000000005 	0.0000000003 	0.0000000000 	0.9997970809 	
83.5000000000 	0.7189290501 	0.0779086238 	0.1250199953 	0.0000000002 	0.0779394104 	0.0000000004 	0.0000000002 	0.0000000000 	0.9997970804 	
84.0000000000 	0.7189291958 	0.0779084456 	0.1250201652 	0.0000000002 	0.0779392725 	0.0000000004 	0.0000000002 	0.0000000000 	0.9997970800 	
84.5000000000 	0.7189293999 	0.0779083621 	0.1250202956 	0.0000000002 	0.0779390211 	0.0000000004 	0.0000000002 	0.0000000000 	0.9997970797 	
85.0000000000 	0.7189295971 	0.0779083787 	0.1250203757 	0.0000000002 	0.0779387270 	0.0000000004 	0.0000000003 	0.0000000000 	0.9997970793 	
85.5000000000 	0.7189297617 	0.0779084968 	0.1250204018 	0.0000000002 	0.0779384180 	0.0000000003 	0.0000000003 	0.0000000000 	0.9997970791 	
86.0000000000 	0.7189298341 	0.0779087065 	0.1250203932 	0.0000000002 	0.0779381443 	0.0000000003 	0.0000000002 	0.0000000000 	0.9997970788 	
86.5000000000 	0.7189298198 	0.0779089622 	0.1250203605 	0.0000000002 	0.0779379355 	0.0000000003 	0.0000000002 	0.0000000000 	0.9997970786 	
87.0000000000 	0.7189297690 	0.0779092302 	0.1250203053 	0.0000000002 	0.0779377733 	0.0000000002 	0.0000000002 	0.0000000000 	0.9997970785 	
87.5000000000 	0.7189297166 	0.0779094879 	0.1250202266 	0.0000000002 	0.0779376465 	0.0000000002 	0.0000000002 	0.0000000000 	0.9997970783 	
88.0000000000 	0.7189296844 	0.0779097119 	0.1250201245 	0.0000000002 	0.0779375568 	0.0000000002 	0.0000000002 	0.0000000000 	0.9997970782 	
88.5000000000 	0.7189296821 	0.0779098878 	0.1250200094 	0.0000000002 	0.0779374984 	0.0000000002 	0.0000000002 	0.0000000000 	0.9997970780 	
89.0000000000 	0.7189297041 	0.0779100113 	0.1250198968 	0.0000000001 	0.0779374653 	0.0000000001 	0.0000000001 	0.0000000000 	0.9997970779 	
89.5000000000 	0.7189297435 	0.0779100823 	0.1250197967 	0.0000000001 	0.0779374549 	0.0000000001 	0.0000000001 	0.0000000000 	0.9997970778 	
90.0000000000 	0.7189297875 	0.0779101060 	0.1250197148 	0.0000000001 	0.0779374690 	0.0000000001 	0.0000000001 	0.0000000000 	0.9997970776 	
90.5000000000 	0.7189298204 	0.0779100892 	0.1250196553 	0.0000000001 	0.0779375123 	0.0000000001 	0.0000000001 	0.0000000000 	0.9997970775 	
91.0000000000 	0.7189298362 	0.0779100381 	0.1250196196 	0.0000000001 	0.0779375833 	0.0000000001 	0.0000000001 	0.0000000000 	0.9997970774 	
91.5000000000 	0.7189298358 	0.0779099603 	0.1250196059 	0.0000000001 	0.0779376750 	0.0000000001 	0.0000000001 	0.0000000000 	0.9997970773 	
92.0000000000 	0.7189298200 	0.0779098652 	0.1250196117 	0.0000000001 	0.0779377801 	0.0000000001 	0.0000000001 	0.0000000000 	0.9997970772 	
92.5000000000 	0.7189297913 	0.0779097607 	0.1250196341 	0.0000000001 	0.0779378908 	0.0000000001 	0.0000000001 	0.0000000000 	0.9997970772 	
93.0000000000 	0.7189297541 	0.0779096540 	0.1250196706 	0.0000000001 	0.0779379981 	0.0000000001 	0.0000000001 	0.0000000000 	0.9997970771 	
93.5000000000 	0.7189297130 	0.0779095520 	0.1250197180 	0.0000000001 	0.0779380938 	0.0000000001 	0.0000000000 	0.0000000000 	0.9997970770 	
94.0000000000 	0.7189296726 	0.0779094608 	0.1250197719 	0.0000000001 	0.0779381715 	0.0000000001 	0.0000000000 	0.0000000000 	0.9997970769 	
94.5000000000 	0.7189296378 	0.0779093850 	0.1250198275 	0.0000000001 	0.0779382264 	0.0000000001 	0.0000000000 	0.0000000000 	0.9997970769 	
95.0000000000 	0.7189296128 	0.0779093278 	0.1250198804 	0.0000000001 	0.0779382557 	0.0000000001 	0.0000000000 	0.0000000000 	0.9997970768 	
95.5000000000 	0.7189296000 	0.0779092910 	0.1250199269 	0.0000000000 	0.0779382588 	0.0000000001 	0.0000000000 	0.0000000000 	0.9997970768 	
96.0000000000 	0.7189295996 	0.0779092751 	0.1250199642 	0.0000000000 	0.0779382377 	0.0000000000 	0.0000000000 	0.0000000000 	0.9997970768 	
96.5000000000 	0.7189296097 	0.0779092795 	0.1250199907 	0.0000000000 	0.0779381968 	0.0000000000 	0.0000000000 	0.0000000000 	0.9997970767 	
97.0000000000 	0.7189296267 	0.0779093021 	0.1250200058 	0.0000000000 	0.0779381419 	0.0000000000 	0.0000000000 	0.0000000000 	0.9997970767 	
97.5000000000 	0.7189296472 	0.0779093399 	0.1250200100 	0.0000000000 	0.0779380794 	0.0000000000 	0.0000000000 	0.0000000000 	0.9997970767 	
98.0000000000 	0.7189296681 	0.0779093888 	0.1250200043 	0.0000000000 	0.0779380154 	0.0000000000 	0.0000000000 	0.0000000000 	0.9997970766 	
98.5000000000 	0.7189296874 	0.0779094440 	0.1250199901 	0.0000000000 	0.0779379551 	0.0000000000 	0.0000000000 	0.0000000000 	0.9997970766 	
99.0000000000 	0.7189297037 	0.0779095008 	0.1250199693 	0.0000000000 	0.0779379027 	0.0000000000 	0.0000000000 	0.0000000000 	0.9997970766 	
99.5000000000 	0.7189297165 	0.0779095548 	0.1250199440 	0.0000000000 	0.0779378612 	0.0000000000 	0.0000000000 	0.0000000000 	0.9997970766 	
100.0000000000 	0.7189297257 	0.0779096023 	0.1250199165 	0.0000000000 	0.0779378320 	0.0000000000 	0.0000000000 	0.0000000000 	0.9997970766 	
100.5000000000 	0.7189297315 	0.0779096404 	0.1250198891 	0.0000000000 	0.0779378155 	0.0000000000 	0.0000000000 	0.0000000000 	0.9997970765 	
101.0000000000 	0.7189297344 	0.0779096672 	0.1250198637 	0.0000000000 	0.0779378112 	0.0000000000 	0.0000000000 	0.0000000000 	0.9997970765 	
101.5000000000 	0.7189297347 	0.0779096822 	0.1250198419 	0.0000000000 	0.0779378177 	0.0000000000 	0.0000000000 	0.0000000000 	0.9997970765 	
102.0000000000 	0.7189297328 	0.0779096855 	0.1250198250 	0.0000000000 	0.0779378332 	0.0000000000 	0.0000000000 	0.0000000000 	0.9997970765 	
102.5000000000 	0.7189297292 	0.0779096782 	0.1250198135 	0.0000000000 	0.0779378556 	0.0000000000 	0.0000000000 	0.0000000000 	0.9997970765 	
103.0000000000 	0.7189297242 	0.0779096621 	0.1250198076 	0.0000000000 	0.0779378824 	0.0000000000 	0.0000000000 	0.0000000000 	0.9997970765 	
103.5000000000 	0.7189297184 	0.0779096395 	0.1250198072 	0.0000000000 	0.0779379114 	0.0000000000 	0.0000000000 	0.0000000000 	0.9997970765 	
104.0000000000 	0.7189297119 	0.0779096127 	0.1250198116 	0.0000000000 	0.0779379403 	0.0000000000 	0.0000000000 	0.0000000000 	0.9997970765 	
104.5000000000 	0.7189297051 	0.0779095842 	0.1250198199 	0.0000000000 	0.0779379672 	0.0000000000 	0.0000000000 	0.0000000000 	0.9997970765 	
105.0000000000 	0.7189296985 	0.0779095562 	0.1250198313 	0.0000000000 	0.0779379905 	0.0000000000 	0.0000000000 	0.0000000000 	0.9997970764 	
105.5000000000 	0.7189296922 	0.0779095307 	0.1250198444 	0.0000000000 	0.0779380091 	0.0000000000 	0.0000000000 	0.0000000000 	0.9997970764 	
106.0000000000 	0.7189296869 	0.0779095092 	0.1250198583 	0.0000000000 	0.0779380221 	0.0000000000 	0.0000000000 	0.0000000000 	0.9997970764 	
106.5000000000 	0.7189296827 	0.0779094926 	0.1250198717 	0.0000000000 	0.0779380293 	0.0000000000 	0.0000000000 	0.0000000000 	0.9997970764 	
107.0000000000 	0.7189296799 	0.0779094817 	0.1250198839 	0.0000000000 	0.0779380308 	0.0000000000 	0.0000000000 	0.0000000000 	0.9997970764 	
107.5000000000 	0.7189296788 	0.0779094765 	0.1250198940 	0.0000000000 	0.0779380271 	0.0000000000 	0.0000000000 	0.0000000000 	0.9997970764 	
108.0000000000 	0.7189296791 	0.0779094768 	0.1250199017 	0.0000000000 	0.0779380188 	0.0000000000 	0.0000000000 	0.0000000000 	0.9997970764 	
108.5000000000 	0.7189296809 	0.0779094818 	0.1250199065 	0.0000000000 	0.0779380072 	0.0000000000 	0.0000000000 	0.0000000000 	0.9997970764 	
109.0000000000 	0.7189296838 	0.0779094907 	0.1250199086 	0.0000000000 	0.0779379933 	0.0000000000 	0.0000000000 	0.0000000000 	0.9997970764 	
109.5000000000 	0.7189296875 	0.0779095025 	0.1250199080 	0.0000000000 	0.0779379784 	0.0000000000 	0.0000000000 	0.0000000000 	0.9997970764 	
110.0000000000 	0.7189296916 	0.0779095160 	0.1250199050 	0.0000000000 	0.0779379637 	0.0000000000 	0.0000000000 	0.0000000000 	0.9997970764 	
110.5000000000 	0.7189296957 	0.0779095301 	0.1250199003 	0.0000000000 	0.0779379502 	0.0000000000 	0.0000000000 	0.0000000000 	0.9997970764 	
111.0000000000 	0.7189296996 	0.0779095437 	0.1250198943 	0.0000000000 	0.0779379389 	0.0000000000 	0.0000000000 	0.0000000000 	0.9997970764 	
111.5000000000 	0.7189297028 	0.0779095559 	0.1250198875 	0.0000000000 	0.0779379301 	0.0000000000 	0.0000000000 	0.0000000000 	0.9997970764 	
112.0000000000 	0.7189297054 	0.0779095660 	0.1250198806 	0.0000000000 	0.0779379244 	0.0000000000 	0.0000000000 	0.0000000000 	0.9997970764 	
112.5000000000 	0.7189297071 	0.0779095735 	0.1250198740 	0.0000000000 	0.0779379218 	0.0000000000 	0.0000000000 	0.0000000000 	0.9997970764 	
113.0000000000 	0.7189297079 	0.0779095782 	0.1250198682 	0.0000000000 	0.0779379221 	0.0000000000 	0.0000000000 	0.0000000000 	0.9997970764 	
113.5000000000 	0.7189297079 	0.0779095800 	0.1250198635 	0.0000000000 	0.0779379250 	0.0000000000 	0.0000000000 	0.0000000000 	0.9997970764 	
114.0000000000 	0.7189297072 	0.0779095791 	0.1250198602 	0.0000000000 	0.0779379300 	0.0000000000 	0.0000000000 	0.0000000000 	0.9997970764 	
114.5000000000 	0.7189297059 	0.0779095759 	0.1250198582 	0.0000000000 	0.0779379364 	0.0000000000 	0.0000000000 	0.0000000000 	0.9997970764 	
115.0000000000 	0.7189297042 	0.0779095709 	0.1250198576 	0.0000000000 	0.0779379437 	0.0000000000 	0.0000000000 	0.0000000000 	0.9997970764 	
115.5000000000 	0.7189297023 	0.0779095646 	0.1250198583 	0.0000000000 	0.0779379512 	0.0000000000 	0.0000000000 	0.0000000000 	0.9997970764 	
116.0000000000 	0.7189297003 	0.0779095576 	0.1250198601 	0.0000000000 	0.0779379584 	0.0000000000 	0.0000000000 	0.0000000000 	0.9997970764 	
116.5000000000 	0.7189296984 	0.0779095505 	0.1250198628 	0.0000000000 	0.0779379647 	0.0000000000 	0.0000000000 	0.0000000000 	0.9997970764 	
117.0000000000 	0.7189296967 	0.0779095439 	0.1250198659 	0.0000000000 	0.0779379699 	0.0000000000 	0.0000000000 	0.0000000000 	0.9997970764 	
117.5000000000 	0.7189296953 	0.0779095380 	0.1250198694 	0.0000000000 	0.0779379737 	0.0000000000 	0.0000000000 	0.0000000000 	0.9997970764 	
118.0000000000 	0.7189296942 	0.0779095334 	0.1250198728 	0.0000000000 	0.0779379760 	0.0000000000 	0.0000000000 	0.0000000000 	0.9997970764 	
118.5000000000 	0.7189296935 	0.0779095301 	0.1250198760 	0.0000000000 	0.0779379768 	0.0000000000 	0.0000000000 	0.0000000000 	0.9997970764 	
119.0000000000 	0.7189296933 	0.0779095283 	0.1250198787 	0.0000000000 	0.0779379762 	0.0000000000 	0.0000000000 	0.0000000000 	0.9997970764 	
119.5000000000 	0.7189296933 	0.0779095278 	0.1250198809 	0.0000000000 	0.0779379744 	0.0000000000 	0.0000000000 	0.0000000000 	0.9997970764 	
120.0000000000 	0.7189296937 	0.0779095287 	0.1250198823 	0.0000000000 	0.0779379717 	0.0000000000 	0.0000000000 	0.0000000000 	0.9997970764 	
120.5000000000 	0.7189296944 	0.0779095306 	0.1250198831 	0.0000000000 	0.0779379683 	0.0000000000 	0.0000000000 	0.0000000000 	0.9997970764 	
121.0000000000 	0.7189296952 	0.0779095334 	0.1250198831 	0.0000000000 	0.0779379646 	0.0000000000 	0.0000000000 	0.0000000000 	0.9997970764 	
121.5000000000 	0.7189296962 	0.0779095367 	0.1250198826 	0.0000000000 	0.0779379609 	0.0000000000 	0.0000000000 	0.0000000000 	0.9997970764 	
122.0000000000 	0.7189296972 	0.0779095402 	0.1250198816 	0.0000000000 	0.0779379575 	0.0000000000 	0.0000000000 	0.0000000000 	0.9997970764 	
122.5000000000 	0.7189296981 	0.0779095437 	0.1250198801 	0.0000000000 	0.0779379544 	0.0000000000 	0.0000000000 	0.0000000000 	0.9997970764 	
123.0000000000 	0.7189296990 	0.0779095469 	0.1250198785 	0.0000000000 	0.0779379521 	0.0000000000 	0.0000000000 	0.0000000000 	0.9997970764 	
123.5000000000 	0.7189296996 	0.0779095497 	0.1250198768 	0.0000000000 	0.0779379504 	0.0000000000 	0.0000000000 	0.0000000000 	0.9997970765 	
124.0000000000 	0.7189297001 	0.0779095518 	0.1250198751 	0.0000000000 	0.0779379495 	0.0000000000 	0.0000000000 	0.0000000000 	0.9997970765 	
124.5000000000 	0.7189297004 	0.0779095532 	0.1250198735 	0.0000000000 	0.0779379493 	0.0000000000 	0.0000000000 	0.0000000000 	0.9997970765 	
125.0000000000 	0.7189297005 	0.0779095539 	0.1250198723 	0.0000000000 	0.0779379498 	0.0000000000 	0.0000000000 	0.0000000000 	0.9997970765 	
125.5000000000 	0.7189297004 	0.0779095539 	0.1250198713 	0.0000000000 	0.0779379509 	0.0000000000 	0.0000000000 	0.0000000000 	0.9997970765 	
126.0000000000 	0.7189297002 	0.0779095532 	0.1250198707 	0.0000000000 	0.0779379524 	0.0000000000 	0.0000000000 	0.0000000000 	0.9997970765 	
126.5000000000 	0.7189296998 	0.0779095521 	0.1250198704 	0.0000000000 	0.0779379541 	0.0000000000 	0.0000000000 	0.0000000000 	0.9997970765 	
127.0000000000 	0.7189296993 	0.0779095506 	0.1250198705 	0.0000000000 	0.0779379560 	0.0000000000 	0.0000000000 	0.0000000000 	0.9997970765 	
127.5000000000 	0.7189296988 	0.0779095489 	0.1250198709 	0.0000000000 	0.0779379578 	0.0000000000 	0.0000000000 	0.0000000000 	0.9997970765 	
128.0000000000 	0.7189296984 	0.0779095472 	0.1250198715 	0.0000000000 	0.0779379595 	0.0000000000 	0.0000000000 	0.0000000000 	0.9997970765 	
128.5000000000 	0.7189296979 	0.0779095454 	0.1250198722 	0.0000000000 	0.0779379609 	0.0000000000 	0.0000000000 	0.0000000000 	0.9997970765 	
129.0000000000 	0.7189296975 	0.0779095439 	0.1250198731 	0.0000000000 	0.0779379620 	0.0000000000 	0.0000000000 	0.0000000000 	0.9997970765 	
129.5000000000 	0.7189296972 	0.0779095426 	0.1250198739 	0.0000000000 	0.0779379627 	0.0000000000 	0.0000000000 	0.0000000000 	0.9997970765 	
130.0000000000 	0.7189296970 	0.0779095417 	0.1250198748 	0.0000000000 	0.0779379630 	0.0000000000 	0.0000000000 	0.0000000000 	0.9997970765 	
130.5000000000 	0.7189296969 	0.0779095411 	0.1250198755 	0.0000000000 	0.0779379630 	0.0000000000 	0.0000000000 	0.0000000000 	0.9997970765 	
131.0000000000 	0.7189296969 	0.0779095409 	0.1250198761 	0.0000000000 	0.0779379627 	0.0000000000 	0.0000000000 	0.0000000000 	0.9997970765 	
131.5000000000 	0.7189296970 	0.0779095410 	0.1250198765 	0.0000000000 	0.0779379620 	0.0000000000 	0.0000000000 	0.0000000000 	0.9997970765 	
132.0000000000 	0.7189296971 	0.0779095414 	0.1250198768 	0.0000000000 	0.0779379612 	0.0000000000 	0.0000000000 	0.0000000000 	0.9997970765 	
132.5000000000 	0.7189296973 	0.0779095420 	0.1250198768 	0.0000000000 	0.0779379603 	0.0000000000 	0.0000000000 	0.0000000000 	0.9997970765 	
133.0000000000 	0.7189296975 	0.0779095428 	0.1250198767 	0.0000000000 	0.0779379594 	0.0000000000 	0.0000000000 	0.0000000000 	0.9997970765 	
133.5000000000 	0.7189296978 	0.0779095437 	0.1250198765 	0.0000000000 	0.0779379585 	0.0000000000 	0.0000000000 	0.0000000000 	0.9997970765 	
134.0000000000 	0.7189296980 	0.0779095446 	0.1250198762 	0.0000000000 	0.0779379577 	0.0000000000 	0.0000000000 	0.0000000000 	0.9997970765 	
134.5000000000 	0.7189296983 	0.0779095454 	0.1250198758 	0.0000000000 	0.0779379571 	0.0000000000 	0.0000000000 	0.0000000000 	0.9997970765 	
135.0000000000 	0.7189296984 	0.0779095461 	0.1250198754 	0.0000000000 	0.0779379566 	0.0000000000 	0.0000000000 	0.0000000000 	0.9997970765 	
135.5000000000 	0.7189296986 	0.0779095467 	0.1250198749 	0.0000000000 	0.0779379563 	0.0000000000 	0.0000000000 	0.0000000000 	0.9997970765 	
136.0000000000 	0.7189296987 	0.0779095471 	0.1250198745 	0.0000000000 	0.0779379562 	0.0000000000 	0.0000000000 	0.0000000000 	0.9997970765 	
136.5000000000 	0.7189296987 	0.0779095474 	0.1250198742 	0.0000000000 	0.0779379562 	0.0000000000 	0.0000000000 	0.0000000000 	0.9997970765 	
137.0000000000 	0.7189296987 	0.0779095474 	0.1250198739 	0.0000000000 	0.0779379565 	0.0000000000 	0.0000000000 	0.0000000000 	0.9997970765 	
137.5000000000 	0.7189296987 	0.0779095473 	0.1250198738 	0.0000000000 	0.0779379568 	0.0000000000 	0.0000000000 	0.0000000000 	0.9997970765 	
138.0000000000 	0.7189296986 	0.0779095471 	0.1250198737 	0.0000000000 	0.0779379572 	0.0000000000 	0.0000000000 	0.0000000000 	0.9997970765 	
138.5000000000 	0.7189296985 	0.0779095467 	0.1250198736 	0.0000000000 	0.0779379577 	0.0000000000 	0.0000000000 	0.0000000000 	0.9997970765 	
139.0000000000 	0.7189296983 	0.0779095463 	0.1250198737 	0.0000000000 	0.0779379582 	0.0000000000 	0.0000000000 	0.0000000000 	0.9997970765 	
139.5000000000 	0.7189296982 	0.0779095459 	0.1250198738 	0.0000000000 	0.0779379586 	0.0000000000 	0.0000000000 	0.0000000000 	0.9997970766 	
140.0000000000 	0.7189296981 	0.0779095454 	0.1250198740 	0.0000000000 	0.0779379590 	0.0000000000 	0.0000000000 	0.0000000000 	0.9997970766 	
140.5000000000 	0.7189296980 	0.0779095450 	0.1250198742 	0.0000000000 	0.0779379593 	0.0000000000 	0.0000000000 	0.0000000000 	0.9997970766 	
141.0000000000 	0.7189296979 	0.0779095447 	0.1250198745 	0.0000000000 	0.0779379595 	0.0000000000 	0.0000000000 	0.0000000000 	0.9997970766 	
141.5000000000 	0.7189296979 	0.0779095444 	0.1250198747 	0.0000000000 	0.0779379596 	0.0000000000 	0.0000000000 	0.0000000000 	0.9997970766 	
142.0000000000 	0.7189296978 	0.0779095443 	0.1250198749 	0.0000000000 	0.0779379596 	0.0000000000 	0.0000000000 	0.0000000000 	0.9997970766 	
142.5000000000 	0.7189296978 	0.0779095442 	0.1250198750 	0.0000000000 	0.0779379596 	0.0000000000 	0.0000000000 	0.0000000000 	0.9997970766 	
143.0000000000 	0.7189296978 	0.0779095442 	0.1250198751 	0.0000000000 	0.0779379594 	0.0000000000 	0.0000000000 	0.0000000000 	0.9997970766 	
143.5000000000 	0.7189296979 	0.0779095442 	0.1250198752 	0.0000000000 	0.0779379593 	0.0000000000 	0.0000000000 	0.0000000000 	0.9997970766 	
144.0000000000 	0.7189296979 	0.0779095444 	0.1250198753 	0.0000000000 	0.0779379590 	0.0000000000 	0.0000000000 	0.0000000000 	0.9997970766 	
144.5000000000 	0.7189296980 	0.0779095446 	0.1250198752 	0.0000000000 	0.0779379588 	0.0000000000 	0.0000000000 	0.0000000000 	0.9997970766 	
145.0000000000 	0.7189296980 	0.0779095448 	0.1250198752 	0.0000000000 	0.0779379586 	0.0000000000 	0.0000000000 	0.0000000000 	0.9997970766 	
145.5000000000 	0.7189296981 	0.0779095450 	0.1250198751 	0.0000000000 	0.0779379584 	0.0000000000 	0.0000000000 	0.0000000000 	0.9997970766 	
146.0000000000 	0.7189296982 	0.0779095452 	0.1250198750 	0.0000000000 	0.0779379582 	0.0000000000 	0.0000000000 	0.0000000000 	0.9997970766 	
146.5000000000 	0.7189296982 	0.0779095454 	0.1250198749 	0.0000000000 	0.0779379580 	0.0000000000 	0.0000000000 	0.0000000000 	0.9997970766 	
147.0000000000 	0.7189296982 	0.0779095456 	0.1250198748 	0.0000000000 	0.0779379580 	0.0000000000 	0.0000000000 	0.0000000000 	0.9997970766 	
147.5000000000 	0.7189296983 	0.0779095457 	0.1250198747 	0.0000000000 	0.0779379579 	0.0000000000 	0.0000000000 	0.0000000000 	0.9997970766 	
148.0000000000 	0.7189296983 	0.0779095458 	0.1250198746 	0.0000000000 	0.0779379579 	0.0000000000 	0.0000000000 	0.0000000000 	0.9997970766 	
148.5000000000 	0.7189296983 	0.0779095458 	0.1250198746 	0.0000000000 	0.0779379580 	0.0000000000 	0.0000000000 	0.0000000000 	0.9997970766 	
149.0000000000 	0.7189296983 	0.0779095458 	0.1250198745 	0.0000000000 	0.0779379580 	0.0000000000 	0.0000000000 	0.0000000000 	0.9997970766 	
149.5000000000 	0.7189296983 	0.0779095457 	0.1250198745 	0.0000000000 	0.0779379581 	0.0000000000 	0.0000000000 	0.0000000000 	0.9997970766 	
150.0000000000 	0.7189296982 	0.0779095457 	0.1250198745 	0.0000000000 	0.0779379583 	0.0000000000 	0.0000000000 	0.0000000000 	0.9997970766 	
150.5000000000 	0.7189296982 	0.0779095456 	0.1250198745 	0.0000000000 	0.0779379584 	0.0000000000 	0.0000000000 	0.0000000000 	0.9997970766 	
151.0000000000 	0.7189296982 	0.0779095455 	0.1250198745 	0.0000000000 	0.0779379585 	0.0000000000 	0.0000000000 	0.0000000000 	0.9997970766 	
151.5000000000 	0.7189296982 	0.0779095453 	0.1250198745 	0.0000000000 	0.0779379586 	0.0000000000 	0.0000000000 	0.0000000000 	0.9997970766 	
152.0000000000 	0.7189296981 	0.0779095452 	0.1250198746 	0.0000000000 	0.0779379587 	0.0000000000 	0.0000000000 	0.0000000000 	0.9997970766 	
152.5000000000 	0.7189296981 	0.0779095451 	0.1250198747 	0.0000000000 	0.0779379587 	0.0000000000 	0.0000000000 	0.0000000000 	0.9997970766 	
153.0000000000 	0.7189296981 	0.0779095451 	0.1250198747 	0.0000000000 	0.0779379588 	0.0000000000 	0.0000000000 	0.0000000000 	0.9997970766 	
153.5000000000 	0.7189296981 	0.0779095450 	0.1250198748 	0.0000000000 	0.0779379588 	0.0000000000 	0.0000000000 	0.0000000000 	0.9997970766 	
154.0000000000 	0.7189296981 	0.0779095450 	0.1250198748 	0.0000000000 	0.0779379588 	0.0000000000 	0.0000000000 	0.0000000000 	0.9997970766 	
154.5000000000 	0.7189296981 	0.0779095450 	0.1250198748 	0.0000000000 	0.0779379587 	0.0000000000 	0.0000000000 	0.0000000000 	0.9997970767 	
155.0000000000 	0.7189296981 	0.0779095450 	0.1250198749 	0.0000000000 	0.0779379587 	0.0000000000 	0.0000000000 	0.0000000000 	0.9997970767 	
155.5000000000 	0.7189296981 	0.0779095450 	0.1250198749 	0.0000000000 	0.0779379587 	0.0000000000 	0.0000000000 	0.0000000000 	0.9997970767 	
156.0000000000 	0.7189296981 	0.0779095451 	0.1250198749 	0.0000000000 	0.0779379586 	0.0000000000 	0.0000000000 	0.0000000000 	0.9997970767 	
156.5000000000 	0.7189296981 	0.0779095451 	0.1250198749 	0.0000000000 	0.0779379585 	0.0000000000 	0.0000000000 	0.0000000000 	0.9997970767 	
157.0000000000 	0.7189296981 	0.0779095452 	0.1250198749 	0.0000000000 	0.0779379585 	0.0000000000 	0.0000000000 	0.0000000000 	0.9997970767 	
157.5000000000 	0.7189296982 	0.0779095452 	0.1250198748 	0.0000000000 	0.0779379584 	0.0000000000 	0.0000000000 	0.0000000000 	0.9997970767 	
158.0000000000 	0.7189296982 	0.0779095453 	0.1250198748 	0.0000000000 	0.0779379584 	0.0000000000 	0.0000000000 	0.0000000000 	0.9997970767 	
158.5000000000 	0.7189296982 	0.0779095453 	0.1250198748 	0.0000000000 	0.0779379584 	0.0000000000 	0.0000000000 	0.0000000000 	0.9997970767 	
159.0000000000 	0.7189296982 	0.0779095454 	0.1250198748 	0.0000000000 	0.0779379584 	0.0000000000 	0.0000000000 	0.0000000000 	0.9997970767 	
159.5000000000 	0.7189296982 	0.0779095454 	0.1250198747 	0.0000000000 	0.0779379584 	0.0000000000 	0.0000000000 	0.0000000000 	0.9997970767 	
160.0000000000 	0.7189296982 	0.0779095454 	0.1250198747 	0.0000000000 	0.0779379584 	0.0000000000 	0.0000000000 	0.0000000000 	0.9997970767 	
160.5000000000 	0.7189296982 	0.0779095454 	0.1250198747 	0.0000000000 	0.0779379584 	0.0000000000 	0.0000000000 	0.0000000000 	0.9997970767 	
161.0000000000 	0.7189296982 	0.0779095454 	0.1250198747 	0.0000000000 	0.0779379584 	0.0000000000 	0.0000000000 	0.0000000000 	0.9997970767 	
161.5000000000 	0.7189296982 	0.0779095454 	0.1250198747 	0.0000000000 	0.0779379584 	0.0000000000 	0.0000000000 	0.0000000000 	0.9997970767 	
162.0000000000 	0.7189296982 	0.0779095454 	0.1250198747 	0.0000000000 	0.0779379585 	0.0000000000 	0.0000000000 	0.0000000000 	0.9997970767 	
162.5000000000 	0.7189296982 	0.0779095453 	0.1250198747 	0.0000000000 	0.0779379585 	0.0000000000 	0.0000000000 	0.0000000000 	0.9997970767 	
163.0000000000 	0.7189296982 	0.0779095453 	0.1250198747 	0.0000000000 	0.0779379585 	0.0000000000 	0.0000000000 	0.0000000000 	0.9997970767 	
163.5000000000 	0.7189296982 	0.0779095453 	0.1250198747 	0.0000000000 	0.0779379585 	0.0000000000 	0.0000000000 	0.0000000000 	0.9997970767 	
164.0000000000 	0.7189296982 	0.0779095453 	0.1250198747 	0.0000000000 	0.0779379586 	0.0000000000 	0.0000000000 	0.0000000000 	0.9997970767 	
164.5000000000 	0.7189296982 	0.0779095452 	0.1250198748 	0.0000000000 	0.0779379586 	0.0000000000 	0.0000000000 	0.0000000000 	0.9997970767 	
165.0000000000 	0.7189296982 	0.0779095452 	0.1250198748 	0.0000000000 	0.0779379586 	0.0000000000 	0.0000000000 	0.0000000000 	0.9997970767 	
165.5000000000 	0.7189296982 	0.0779095452 	0.1250198748 	0.0000000000 	0.0779379586 	0.0000000000 	0.0000000000 	0.0000000000 	0.9997970767 	
166.0000000000 	0.7189296982 	0.0779095452 	0.1250198748 	0.0000000000 	0.0779379586 	0.0000000000 	0.0000000000 	0.0000000000 	0.9997970767 	
166.5000000000 	0.7189296982 	0.0779095452 	0.1250198748 	0.0000000000 	0.0779379586 	0.0000000000 	0.0000000000 	0.0000000000 	0.9997970767 	
167.0000000000 	0.7189296982 	0.0779095452 	0.1250198748 	0.0000000000 	0.0779379585 	0.0000000000 	0.0000000000 	0.0000000000 	0.9997970767 	
167.5000000000 	0.7189296982 	0.0779095452 	0.1250198748 	0.0000000000 	0.0779379585 	0.0000000000 	0.0000000000 	0.0000000000 	0.9997970767 	
168.0000000000 	0.7189296982 	0.0779095452 	0.1250198748 	0.0000000000 	0.0779379585 	0.0000000000 	0.0000000000 	0.0000000000 	0.9997970767 	
168.5000000000 	0.7189296982 	0.0779095453 	0.1250198748 	0.0000000000 	0.0779379585 	0.0000000000 	0.0000000000 	0.0000000000 	0.9997970767 	
169.0000000000 	0.7189296982 	0.0779095453 	0.1250198748 	0.0000000000 	0.0779379585 	0.0000000000 	0.0000000000 	0.0000000000 	0.9997970767 	
169.5000000000 	0.7189296982 	0.0779095453 	0.1250198748 	0.0000000000 	0.0779379585 	0.0000000000 	0.0000000000 	0.0000000000 	0.9997970767 	
170.0000000000 	0.7189296982 	0.0779095453 	0.1250198748 	0.0000000000 	0.0779379585 	0.0000000000 	0.0000000000 	0.0000000000 	0.9997970768 	
170.5000000000 	0.7189296982 	0.0779095453 	0.1250198748 	0.0000000000 	0.0779379585 	0.0000000000 	0.0000000000 	0.0000000000 	0.9997970768 	
171.0000000000 	0.7189296982 	0.0779095453 	0.1250198748 	0.0000000000 	0.0779379585 	0.0000000000 	0.0000000000 	0.0000000000 	0.9997970768 	
171.5000000000 	0.7189296982 	0.0779095453 	0.1250198748 	0.0000000000 	0.0779379585 	0.0000000000 	0.0000000000 	0.0000000000 	0.9997970768 	
172.0000000000 	0.7189296982 	0.0779095453 	0.1250198748 	0.0000000000 	0.0779379585 	0.0000000000 	0.0000000000 	0.0000000000 	0.9997970768 	
172.5000000000 	0.7189296982 	0.0779095453 	0.1250198748 	0.0000000000 	0.0779379585 	0.0000000000 	0.0000000000 	0.0000000000 	0.9997970768 	
173.0000000000 	0.7189296982 	0.0779095453 	0.1250198748 	0.0000000000 	0.0779379585 	0.0000000000 	0.0000000000 	0.0000000000 	0.9997970768 	
173.5000000000 	0.7189296982 	0.0779095453 	0.1250198748 	0.0000000000 	0.0779379585 	0.0000000000 	0.0000000000 	0.0000000000 	0.9997970768 	
174.0000000000 	0.7189296982 	0.0779095453 	0.1250198748 	0.0000000000 	0.0779379585 	0.0000000000 	0.0000000000 	0.0000000000 	0.9997970768 	
174.5000000000 	0.7189296982 	0.0779095453 	0.1250198748 	0.0000000000 	0.0779379585 	0.0000000000 	0.0000000000 	0.0000000000 	0.9997970768 	
175.0000000000 	0.7189296982 	0.0779095453 	0.1250198748 	0.0000000000 	0.0779379585 	0.0000000000 	0.0000000000 	0.0000000000 	0.9997970768 	
175.5000000000 	0.7189296982 	0.0779095453 	0.1250198748 	0.0000000000 	0.0779379585 	0.0000000000 	0.0000000000 	0.0000000000 	0.9997970768 	
176.0000000000 	0.7189296982 	0.0779095453 	0.1250198748 	0.0000000000 	0.0779379585 	0.0000000000 	0.0000000000 	0.0000000000 	0.9997970768 	
176.5000000000 	0.7189296982 	0.0779095453 	0.1250198748 	0.0000000000 	0.0779379585 	0.0000000000 	0.0000000000 	0.0000000000 	0.9997970768 	
177.0000000000 	0.7189296982 	0.0779095453 	0.1250198748 	0.0000000000 	0.0779379585 	0.0000000000 	0.0000000000 	0.0000000000 	0.9997970768 	
177.5000000000 	0.7189296982 	0.0779095453 	0.1250198748 	0.0000000000 	0.0779379585 	0.0000000000 	0.0000000000 	0.0000000000 	0.9997970768 	
178.0000000000 	0.7189296982 	0.0779095453 	0.1250198748 	0.0000000000 	0.0779379585 	0.0000000000 	0.0000000000 	0.0000000000 	0.9997970768 	
178.5000000000 	0.7189296982 	0.0779095453 	0.1250198748 	0.0000000000 	0.0779379585 	0.0000000000 	0.0000000000 	0.0000000000 	0.9997970768 	
179.0000000000 	0.7189296982 	0.0779095453 	0.1250198748 	0.0000000000 	0.0779379585 	0.0000000000 	0.0000000000 	0.0000000000 	0.9997970768 	
179.5000000000 	0.7189296982 	0.0779095453 	0.1250198748 	0.0000000000 	0.0779379585 	0.0000000000 	0.0000000000 	0.0000000000 	0.9997970768 	
180.0000000000 	0.7189296982 	0.0779095453 	0.1250198748 	0.0000000000 	0.0779379585 	0.0000000000 	0.0000000000 	0.0000000000 	0.9997970768 	
180.5000000000 	0.7189296982 	0.0779095453 	0.1250198748 	0.0000000000 	0.0779379585 	0.0000000000 	0.0000000000 	0.0000000000 	0.9997970768 	
181.0000000000 	0.7189296982 	0.0779095453 	0.1250198748 	0.0000000000 	0.0779379585 	0.0000000000 	0.0000000000 	0.0000000000 	0.9997970768 	
181.5000000000 	0.7189296982 	0.0779095453 	0.1250198748 	0.0000000000 	0.0779379585 	0.0000000000 	0.0000000000 	0.0000000000 	0.9997970768 	
182.0000000000 	0.7189296982 	0.0779095453 	0.1250198748 	0.0000000000 	0.0779379585 	0.0000000000 	0.0000000000 	0.0000000000 	0.9997970768 	
182.5000000000 	0.7189296982 	0.0779095453 	0.1250198748 	0.0000000000 	0.0779379585 	0.0000000000 	0.0000000000 	0.0000000000 	0.9997970768 	
183.0000000000 	0.7189296982 	0.0779095453 	0.1250198748 	0.0000000000 	0.0779379585 	0.0000000000 	0.0000000000 	0.0000000000 	0.9997970768 	
183.5000000000 	0.7189296982 	0.0779095453 	0.1250198748 	0.0000000000 	0.0779379585 	0.0000000000 	0.0000000000 	0.0000000000 	0.9997970768 	
184.0000000000 	0.7189296982 	0.0779095453 	0.1250198748 	0.0000000000 	0.0779379585 	0.0000000000 	0.0000000000 	0.0000000000 	0.9997970768 	
184.5000000000 	0.7189296982 	0.0779095453 	0.1250198748 	0.0000000000 	0.0779379585 	0.0000000000 	0.0000000000 	0.0000000000 	0.9997970768 	
185.0000000000 	0.7189296982 	0.0779095453 	0.1250198748 	0.0000000000 	0.0779379585 	0.0000000000 	0.0000000000 	0.0000000000 	0.9997970768 	
185.5000000000 	0.7189296982 	0.0779095453 	0.1250198748 	0.0000000000 	0.0779379585 	0.0000000000 	0.0000000000 	0.0000000000 	0.9997970769 	
186.0000000000 	0.7189296982 	0.0779095453 	0.1250198748 	0.0000000000 	0.0779379585 	0.0000000000 	0.0000000000 	0.0000000000 	0.9997970769 	
186.5000000000 	0.7189296982 	0.0779095453 	0.1250198748 	0.0000000000 	0.0779379585 	0.0000000000 	0.0000000000 	0.0000000000 	0.9997970769 	
187.0000000000 	0.7189296982 	0.0779095453 	0.1250198748 	0.0000000000 	0.0779379585 	0.0000000000 	0.0000000000 	0.0000000000 	0.9997970769 	
187.5000000000 	0.7189296982 	0.0779095453 	0.1250198748 	0.0000000000 	0.0779379585 	0.0000000000 	0.0000000000 	0.0000000000 	0.9997970769 	
188.0000000000 	0.7189296982 	0.0779095453 	0.1250198748 	0.0000000000 	0.0779379585 	0.0000000000 	0.0000000000 	0.0000000000 	0.9997970769 	
188.5000000000 	0.7189296982 	0.0779095453 	0.1250198748 	0.0000000000 	0.0779379585 	0.0000000000 	0.0000000000 	0.0000000000 	0.9997970769 	
189.0000000000 	0.7189296982 	0.0779095453 	0.1250198748 	0.0000000000 	0.0779379585 	0.0000000000 	0.0000000000 	0.0000000000 	0.9997970769 	
189.5000000000 	0.7189296982 	0.0779095453 	0.1250198748 	0.0000000000 	0.0779379585 	0.0000000000 	0.0000000000 	0.0000000000 	0.9997970769 	
190.0000000000 	0.7189296982 	0.0779095453 	0.1250198748 	0.0000000000 	0.0779379585 	0.0000000000 	0.0000000000 	0.0000000000 	0.9997970769 	
190.5000000000 	0.7189296982 	0.0779095453 	0.1250198748 	0.0000000000 	0.0779379585 	0.0000000000 	0.0000000000 	0.0000000000 	0.9997970769 	
191.0000000000 	0.7189296982 	0.0779095453 	0.1250198748 	0.0000000000 	0.0779379585 	0.0000000000 	0.0000000000 	0.0000000000 	0.9997970769 	
191.5000000000 	0.7189296982 	0.0779095453 	0.1250198748 	0.0000000000 	0.0779379585 	0.0000000000 	0.0000000000 	0.0000000000 	0.9997970769 	
192.0000000000 	0.7189296982 	0.0779095453 	0.1250198748 	0.0000000000 	0.0779379585 	0.0000000000 	0.0000000000 	0.0000000000 	0.9997970769 	
192.5000000000 	0.7189296982 	0.0779095453 	0.1250198748 	0.0000000000 	0.0779379585 	0.0000000000 	0.0000000000 	0.0000000000 	0.9997970769 	
193.0000000000 	0.7189296982 	0.0779095453 	0.1250198748 	0.0000000000 	0.0779379585 	0.0000000000 	0.0000000000 	0.0000000000 	0.9997970769 	
193.5000000000 	0.7189296982 	0.0779095453 	0.1250198748 	0.0000000000 	0.0779379585 	0.0000000000 	0.0000000000 	0.0000000000 	0.9997970769 	
194.0000000000 	0.7189296983 	0.0779095453 	0.1250198748 	0.0000000000 	0.0779379585 	0.0000000000 	0.0000000000 	0.0000000000 	0.9997970769 	
194.5000000000 	0.7189296983 	0.0779095453 	0.1250198748 	0.0000000000 	0.0779379585 	0.0000000000 	0.0000000000 	0.0000000000 	0.9997970769 	
195.0000000000 	0.7189296983 	0.0779095453 	0.1250198748 	0.0000000000 	0.0779379585 	0.0000000000 	0.0000000000 	0.0000000000 	0.9997970769 	
195.5000000000 	0.7189296983 	0.0779095453 	0.1250198748 	0.0000000000 	0.0779379585 	0.0000000000 	0.0000000000 	0.0000000000 	0.9997970769 	
196.0000000000 	0.7189296983 	0.0779095453 	0.1250198748 	0.0000000000 	0.0779379585 	0.0000000000 	0.0000000000 	0.0000000000 	0.9997970769 	
196.5000000000 	0.7189296983 	0.0779095453 	0.1250198748 	0.0000000000 	0.0779379585 	0.0000000000 	0.0000000000 	0.0000000000 	0.9997970769 	
197.0000000000 	0.7189296983 	0.0779095453 	0.1250198748 	0.0000000000 	0.0779379585 	0.0000000000 	0.0000000000 	0.0000000000 	0.9997970769 	
197.5000000000 	0.7189296983 	0.0779095453 	0.1250198748 	0.0000000000 	0.0779379585 	0.0000000000 	0.0000000000 	0.0000000000 	0.9997970769 	
198.0000000000 	0.7189296983 	0.0779095453 	0.1250198748 	0.0000000000 	0.0779379585 	0.0000000000 	0.0000000000 	0.0000000000 	0.9997970769 	
198.5000000000 	0.7189296983 	0.0779095453 	0.1250198748 	0.0000000000 	0.0779379585 	0.0000000000 	0.0000000000 	0.0000000000 	0.9997970769 	
199.0000000000 	0.7189296983 	0.0779095453 	0.1250198748 	0.0000000000 	0.0779379585 	0.0000000000 	0.0000000000 	0.0000000000 	0.9997970769 	
199.5000000000 	0.7189296983 	0.0779095453 	0.1250198748 	0.0000000000 	0.0779379585 	0.0000000000 	0.0000000000 	0.0000000000 	0.9997970769 	
# end of calculation 2019_08_30_14_33_10 
# time difference 00_00_00_00_02_-26 -- in Minutes 2 in Seconds 94 
