## Date: 23.8.2019 -- Time: 15:10:30  
## Gamma_l=0.5000000000 - Gamma_m=0.5000000000 - Gamma_r=0.5000000000 
## phi_l=0.0000000000 - phi_m=0.0000000000 - phi_r=0.0000000000 
## init_000=0.00 - init_001=0.58 - init_010=0.58 - init_011=0.00 
## init_100=0.58 - init_101=0.00 - init_110=0.00 - init_111=0.00 
## dt=0.500000 - t_end=160 - fb=10 - cutoff=0.000001000000 -- Nbin=2 
0.0000000000 	0.0000000000 	0.3333333333 	0.3333333333 	0.0000000000 	0.3333333333 	0.0000000000 	0.0000000000 	0.0000000000 	1.0000000000 	
0.5000000000 	0.2298488477 	0.2567170517 	0.2567170517 	0.0000000000 	0.2567170517 	0.0000000000 	0.0000000000 	0.0000000000 	1.0000000028 	
1.0000000000 	0.4068672028 	0.1977109333 	0.1977109333 	0.0000000000 	0.1977109333 	0.0000000000 	0.0000000000 	0.0000000000 	1.0000000028 	
1.5000000000 	0.5431980930 	0.1522673033 	0.1522673033 	0.0000000000 	0.1522673033 	0.0000000000 	0.0000000000 	0.0000000000 	1.0000000028 	
2.0000000000 	0.6481934854 	0.1172688392 	0.1172688392 	0.0000000000 	0.1172688392 	0.0000000000 	0.0000000000 	0.0000000000 	1.0000000028 	
2.5000000000 	0.7290558078 	0.0903147317 	0.0903147317 	0.0000000000 	0.0903147317 	0.0000000000 	0.0000000000 	0.0000000000 	1.0000000028 	
3.0000000000 	0.9049106287 	0.0389600717 	0.0171692307 	0.0000000000 	0.0389600717 	0.0000000000 	0.0000000000 	0.0000000000 	1.0000000028 	
3.5000000000 	0.9735520444 	0.0132229029 	0.0000021527 	0.0000000000 	0.0132229029 	0.0000000000 	0.0000000000 	0.0000000000 	1.0000000028 	
4.0000000000 	0.9843272801 	0.0024813544 	0.0107100139 	0.0000000000 	0.0024813544 	0.0000000000 	0.0000000000 	0.0000000000 	1.0000000028 	
4.5000000000 	0.9674133536 	0.0000012768 	0.0325840955 	0.0000000000 	0.0000012768 	0.0000000000 	0.0000000000 	0.0000000000 	1.0000000028 	
5.0000000000 	0.9405166062 	0.0016278793 	0.0562276380 	0.0000000000 	0.0016278793 	0.0000000000 	0.0000000000 	0.0000000000 	1.0000000029 	
5.5000000000 	0.8947557479 	0.0164286815 	0.0723868918 	0.0000000000 	0.0164286815 	0.0000000000 	0.0000000000 	0.0000000000 	1.0000000029 	
6.0000000000 	0.8609042624 	0.0319133719 	0.0752689965 	0.0000000000 	0.0319133719 	0.0000000000 	0.0000000000 	0.0000000000 	1.0000000029 	
6.5000000000 	0.8507448625 	0.0405823666 	0.0680904072 	0.0000000000 	0.0405823666 	0.0000000000 	0.0000000000 	0.0000000000 	1.0000000029 	
7.0000000000 	0.8613577395 	0.0417186687 	0.0552049259 	0.0000000000 	0.0417186687 	0.0000000000 	0.0000000000 	0.0000000000 	1.0000000029 	
7.5000000000 	0.8850230944 	0.0372644479 	0.0404480126 	0.0000000000 	0.0372644479 	0.0000000000 	0.0000000000 	0.0000000000 	1.0000000029 	
8.0000000000 	0.9186493300 	0.0285281166 	0.0242944396 	0.0000000000 	0.0285281166 	0.0000000000 	0.0000000000 	0.0000000000 	1.0000000029 	
8.5000000000 	0.9541964809 	0.0179788505 	0.0098458210 	0.0000000000 	0.0179788505 	0.0000000000 	0.0000000000 	0.0000000000 	1.0000000029 	
9.0000000000 	0.9803081790 	0.0090238014 	0.0016442210 	0.0000000000 	0.0090238014 	0.0000000000 	0.0000000000 	0.0000000000 	1.0000000029 	
9.5000000000 	0.9935317023 	0.0031350281 	0.0001982443 	0.0000000000 	0.0031350281 	0.0000000000 	0.0000000000 	0.0000000000 	1.0000000029 	
10.0000000000 	0.9954874604 	0.0003962772 	0.0037199880 	0.0000000000 	0.0003962772 	0.0000000000 	0.0000000000 	0.0000000000 	1.0000000029 	
10.5000000000 	0.9899967100 	0.0002159638 	0.0095713652 	0.0000000000 	0.0002159638 	0.0000000000 	0.0000000000 	0.0000000000 	1.0000000029 	
11.0000000000 	0.9804110437 	0.0022363926 	0.0151161740 	0.0000000000 	0.0022363926 	0.0000000000 	0.0000000000 	0.0000000000 	1.0000000029 	
11.5000000000 	0.9707680957 	0.0053760920 	0.0184797231 	0.0000000000 	0.0053760920 	0.0000000000 	0.0000000000 	0.0000000000 	1.0000000029 	
12.0000000000 	0.9645273747 	0.0082443882 	0.0189838518 	0.0000000000 	0.0082443882 	0.0000000000 	0.0000000000 	0.0000000000 	1.0000000029 	
12.5000000000 	0.9632832553 	0.0098815419 	0.0169536637 	0.0000000000 	0.0098815419 	0.0000000000 	0.0000000000 	0.0000000000 	1.0000000029 	
13.0000000000 	0.9669289103 	0.0099340082 	0.0132030762 	0.0000000000 	0.0099340082 	0.0000000000 	0.0000000000 	0.0000000000 	1.0000000029 	
13.5000000000 	0.9741919272 	0.0085562460 	0.0086955837 	0.0000000000 	0.0085562460 	0.0000000000 	0.0000000000 	0.0000000000 	1.0000000029 	
14.0000000000 	0.9829082550 	0.0062967070 	0.0044983337 	0.0000000000 	0.0062967070 	0.0000000000 	0.0000000000 	0.0000000000 	1.0000000029 	
14.5000000000 	0.9907779767 	0.0038595372 	0.0015029518 	0.0000000000 	0.0038595372 	0.0000000000 	0.0000000000 	0.0000000000 	1.0000000029 	
15.0000000000 	0.9962274625 	0.0018286211 	0.0001152982 	0.0000000000 	0.0018286211 	0.0000000000 	0.0000000000 	0.0000000000 	1.0000000029 	
15.5000000000 	0.9987329314 	0.0005218280 	0.0002234155 	0.0000000000 	0.0005218280 	0.0000000000 	0.0000000000 	0.0000000000 	1.0000000029 	
16.0000000000 	0.9986326821 	0.0000123350 	0.0013426508 	0.0000000000 	0.0000123350 	0.0000000000 	0.0000000000 	0.0000000000 	1.0000000029 	
16.5000000000 	0.9967720077 	0.0001991857 	0.0028296238 	0.0000000000 	0.0001991857 	0.0000000000 	0.0000000000 	0.0000000000 	1.0000000029 	
17.0000000000 	0.9942322987 	0.0008357524 	0.0040961994 	0.0000000000 	0.0008357524 	0.0000000000 	0.0000000000 	0.0000000000 	1.0000000029 	
17.5000000000 	0.9920312366 	0.0016034197 	0.0047619269 	0.0000000000 	0.0016034197 	0.0000000000 	0.0000000000 	0.0000000000 	1.0000000029 	
18.0000000000 	0.9908645106 	0.0022154245 	0.0047046432 	0.0000000000 	0.0022154245 	0.0000000000 	0.0000000000 	0.0000000000 	1.0000000029 	
18.5000000000 	0.9909956637 	0.0024911128 	0.0040221135 	0.0000000000 	0.0024911128 	0.0000000000 	0.0000000000 	0.0000000000 	1.0000000029 	
19.0000000000 	0.9922781379 	0.0023835019 	0.0029548610 	0.0000000000 	0.0023835019 	0.0000000000 	0.0000000000 	0.0000000000 	1.0000000029 	
19.5000000000 	0.9942686276 	0.0019652186 	0.0018009380 	0.0000000000 	0.0019652186 	0.0000000000 	0.0000000000 	0.0000000000 	1.0000000029 	
20.0000000000 	0.9964053751 	0.0013825526 	0.0008295227 	0.0000000000 	0.0013825526 	0.0000000000 	0.0000000000 	0.0000000000 	1.0000000029 	
20.5000000000 	0.9981932674 	0.0007966164 	0.0002135026 	0.0000000000 	0.0007966164 	0.0000000000 	0.0000000000 	0.0000000000 	1.0000000029 	
21.0000000000 	0.9993291546 	0.0003349719 	0.0000009045 	0.0000000000 	0.0003349719 	0.0000000000 	0.0000000000 	0.0000000000 	1.0000000029 	
21.5000000000 	0.9997387939 	0.0000673015 	0.0001266059 	0.0000000000 	0.0000673015 	0.0000000000 	0.0000000000 	0.0000000000 	1.0000000029 	
22.0000000000 	0.9995435614 	0.0000018460 	0.0004527496 	0.0000000000 	0.0000018460 	0.0000000000 	0.0000000000 	0.0000000000 	1.0000000029 	
22.5000000000 	0.9989880447 	0.0000955164 	0.0008209254 	0.0000000000 	0.0000955164 	0.0000000000 	0.0000000000 	0.0000000000 	1.0000000029 	
23.0000000000 	0.9983521272 	0.0002744340 	0.0010990077 	0.0000000000 	0.0002744340 	0.0000000000 	0.0000000000 	0.0000000000 	1.0000000029 	
23.5000000000 	0.9978715506 	0.0004591007 	0.0012102509 	0.0000000000 	0.0004591007 	0.0000000000 	0.0000000000 	0.0000000000 	1.0000000029 	
24.0000000000 	0.9976864027 	0.0005864344 	0.0011407315 	0.0000000000 	0.0005864344 	0.0000000000 	0.0000000000 	0.0000000000 	1.0000000029 	
24.5000000000 	0.9978248383 	0.0006231262 	0.0009289122 	0.0000000000 	0.0006231262 	0.0000000000 	0.0000000000 	0.0000000000 	1.0000000029 	
25.0000000000 	0.9982189643 	0.0005683386 	0.0006443614 	0.0000000000 	0.0005683386 	0.0000000000 	0.0000000000 	0.0000000000 	1.0000000029 	
25.5000000000 	0.9987430373 	0.0004469857 	0.0003629942 	0.0000000000 	0.0004469857 	0.0000000000 	0.0000000000 	0.0000000000 	1.0000000029 	
26.0000000000 	0.9992596839 	0.0002973280 	0.0001456630 	0.0000000000 	0.0002973280 	0.0000000000 	0.0000000000 	0.0000000000 	1.0000000029 	
26.5000000000 	0.9996595522 	0.0001577047 	0.0000250412 	0.0000000000 	0.0001577047 	0.0000000000 	0.0000000000 	0.0000000000 	1.0000000029 	
27.0000000000 	0.9998846434 	0.0000563532 	0.0000026531 	0.0000000000 	0.0000563532 	0.0000000000 	0.0000000000 	0.0000000000 	1.0000000029 	
27.5000000000 	0.9999328152 	0.0000061865 	0.0000548146 	0.0000000000 	0.0000061865 	0.0000000000 	0.0000000000 	0.0000000000 	1.0000000029 	
28.0000000000 	0.9998466698 	0.0000046196 	0.0001440940 	0.0000000000 	0.0000046196 	0.0000000000 	0.0000000000 	0.0000000000 	1.0000000029 	
28.5000000000 	0.9996931194 	0.0000374128 	0.0002320579 	0.0000000000 	0.0000374128 	0.0000000000 	0.0000000000 	0.0000000000 	1.0000000029 	
29.0000000000 	0.9995409084 	0.0000847615 	0.0002895715 	0.0000000000 	0.0000847615 	0.0000000000 	0.0000000000 	0.0000000000 	1.0000000029 	
29.5000000000 	0.9994423787 	0.0001276070 	0.0003024102 	0.0000000000 	0.0001276070 	0.0000000000 	0.0000000000 	0.0000000000 	1.0000000029 	
30.0000000000 	0.9994233294 	0.0001524662 	0.0002717411 	0.0000000000 	0.0001524662 	0.0000000000 	0.0000000000 	0.0000000000 	1.0000000029 	
30.5000000000 	0.9994819274 	0.0001537975 	0.0002104804 	0.0000000000 	0.0001537975 	0.0000000000 	0.0000000000 	0.0000000000 	1.0000000029 	
31.0000000000 	0.9995951131 	0.0001337654 	0.0001373590 	0.0000000000 	0.0001337654 	0.0000000000 	0.0000000000 	0.0000000000 	1.0000000029 	
31.5000000000 	0.9997292855 	0.0000999991 	0.0000707191 	0.0000000000 	0.0000999991 	0.0000000000 	0.0000000000 	0.0000000000 	1.0000000029 	
32.0000000000 	0.9998515302 	0.0000623775 	0.0000237177 	0.0000000000 	0.0000623775 	0.0000000000 	0.0000000000 	0.0000000000 	1.0000000029 	
32.5000000000 	0.9999382711 	0.0000299144 	0.0000019029 	0.0000000000 	0.0000299144 	0.0000000000 	0.0000000000 	0.0000000000 	1.0000000029 	
33.0000000000 	0.9999795995 	0.0000085470 	0.0000033093 	0.0000000000 	0.0000085470 	0.0000000000 	0.0000000000 	0.0000000000 	1.0000000029 	
33.5000000000 	0.9999790650 	0.0000002064 	0.0000205251 	0.0000000000 	0.0000002064 	0.0000000000 	0.0000000000 	0.0000000000 	1.0000000029 	
34.0000000000 	0.9999499581 	0.0000031376 	0.0000437697 	0.0000000000 	0.0000031376 	0.0000000000 	0.0000000000 	0.0000000000 	1.0000000029 	
34.5000000000 	0.9999098096 	0.0000131207 	0.0000639517 	0.0000000000 	0.0000131207 	0.0000000000 	0.0000000000 	0.0000000000 	1.0000000029 	
35.0000000000 	0.9998749324 	0.0000250859 	0.0000748988 	0.0000000000 	0.0000250859 	0.0000000000 	0.0000000000 	0.0000000000 	1.0000000029 	
35.5000000000 	0.9998564284 	0.0000346144 	0.0000743458 	0.0000000000 	0.0000346144 	0.0000000000 	0.0000000000 	0.0000000000 	1.0000000029 	
36.0000000000 	0.9998584034 	0.0000389565 	0.0000636864 	0.0000000000 	0.0000389565 	0.0000000000 	0.0000000000 	0.0000000000 	1.0000000029 	
36.5000000000 	0.9998783956 	0.0000373957 	0.0000468159 	0.0000000000 	0.0000373957 	0.0000000000 	0.0000000000 	0.0000000000 	1.0000000029 	
37.0000000000 	0.9999094431 	0.0000309989 	0.0000285620 	0.0000000000 	0.0000309989 	0.0000000000 	0.0000000000 	0.0000000000 	1.0000000029 	
37.5000000000 	0.9999429004 	0.0000219499 	0.0000132026 	0.0000000000 	0.0000219499 	0.0000000000 	0.0000000000 	0.0000000000 	1.0000000029 	
38.0000000000 	0.9999711025 	0.0000127290 	0.0000034424 	0.0000000000 	0.0000127290 	0.0000000000 	0.0000000000 	0.0000000000 	1.0000000029 	
38.5000000000 	0.9999892031 	0.0000053895 	0.0000000207 	0.0000000000 	0.0000053895 	0.0000000000 	0.0000000000 	0.0000000000 	1.0000000029 	
39.0000000000 	0.9999958782 	0.0000011013 	0.0000019220 	0.0000000000 	0.0000011013 	0.0000000000 	0.0000000000 	0.0000000000 	1.0000000029 	
39.5000000000 	0.9999929490 	0.0000000240 	0.0000070057 	0.0000000000 	0.0000000240 	0.0000000000 	0.0000000000 	0.0000000000 	1.0000000029 	
40.0000000000 	0.9999842542 	0.0000014736 	0.0000128016 	0.0000000000 	0.0000014736 	0.0000000000 	0.0000000000 	0.0000000000 	1.0000000029 	
40.5000000000 	0.9999742257 	0.0000042764 	0.0000172244 	0.0000000000 	0.0000042764 	0.0000000000 	0.0000000000 	0.0000000000 	1.0000000029 	
41.0000000000 	0.9999666086 	0.0000071788 	0.0000190368 	0.0000000000 	0.0000071788 	0.0000000000 	0.0000000000 	0.0000000000 	1.0000000029 	
41.5000000000 	0.9999636298 	0.0000091907 	0.0000179917 	0.0000000000 	0.0000091907 	0.0000000000 	0.0000000000 	0.0000000000 	1.0000000029 	
42.0000000000 	0.9999657417 	0.0000097889 	0.0000146834 	0.0000000000 	0.0000097889 	0.0000000000 	0.0000000000 	0.0000000000 	1.0000000029 	
42.5000000000 	0.9999718862 	0.0000089536 	0.0000102094 	0.0000000000 	0.0000089536 	0.0000000000 	0.0000000000 	0.0000000000 	1.0000000029 	
43.0000000000 	0.9999801011 	0.0000070653 	0.0000057711 	0.0000000000 	0.0000070653 	0.0000000000 	0.0000000000 	0.0000000000 	1.0000000029 	
43.5000000000 	0.9999882352 	0.0000047178 	0.0000023320 	0.0000000000 	0.0000047178 	0.0000000000 	0.0000000000 	0.0000000000 	1.0000000029 	
44.0000000000 	0.9999945624 	0.0000025148 	0.0000004109 	0.0000000000 	0.0000025148 	0.0000000000 	0.0000000000 	0.0000000000 	1.0000000029 	
44.5000000000 	0.9999981526 	0.0000009068 	0.0000000367 	0.0000000000 	0.0000009068 	0.0000000000 	0.0000000000 	0.0000000000 	1.0000000029 	
45.0000000000 	0.9999989541 	0.0000001035 	0.0000008417 	0.0000000000 	0.0000001035 	0.0000000000 	0.0000000000 	0.0000000000 	1.0000000029 	
45.5000000000 	0.9999976260 	0.0000000682 	0.0000022405 	0.0000000000 	0.0000000682 	0.0000000000 	0.0000000000 	0.0000000000 	1.0000000029 	
46.0000000000 	0.9999952183 	0.0000005780 	0.0000036286 	0.0000000000 	0.0000005780 	0.0000000000 	0.0000000000 	0.0000000000 	1.0000000029 	
46.5000000000 	0.9999928162 	0.0000013212 	0.0000045442 	0.0000000000 	0.0000013212 	0.0000000000 	0.0000000000 	0.0000000000 	1.0000000029 	
47.0000000000 	0.9999912492 	0.0000019974 	0.0000047588 	0.0000000000 	0.0000019974 	0.0000000000 	0.0000000000 	0.0000000000 	1.0000000029 	
47.5000000000 	0.9999909296 	0.0000023934 	0.0000042865 	0.0000000000 	0.0000023934 	0.0000000000 	0.0000000000 	0.0000000000 	1.0000000029 	
48.0000000000 	0.9999918339 	0.0000024204 	0.0000033283 	0.0000000000 	0.0000024204 	0.0000000000 	0.0000000000 	0.0000000000 	1.0000000029 	
48.5000000000 	0.9999936035 	0.0000021104 	0.0000021785 	0.0000000000 	0.0000021104 	0.0000000000 	0.0000000000 	0.0000000000 	1.0000000029 	
49.0000000000 	0.9999957118 	0.0000015821 	0.0000011268 	0.0000000000 	0.0000015821 	0.0000000000 	0.0000000000 	0.0000000000 	1.0000000029 	
49.5000000000 	0.9999976403 	0.0000009904 	0.0000003817 	0.0000000000 	0.0000009904 	0.0000000000 	0.0000000000 	0.0000000000 	1.0000000029 	
50.0000000000 	0.9999990153 	0.0000000000 	0.0000000000 	0.0000000000 	0.0000000000 	0.0000000000 	0.0000000000 	0.0000000000 	0.9999990153 	
50.5000000000 	0.9999898240 	0.0000000000 	0.0000000000 	0.0000000000 	0.0000000000 	0.0000000000 	0.0000000000 	0.0000000000 	0.9999898240 	
51.0000000000 	0.9999898240 	0.0000000000 	0.0000000000 	0.0000000000 	0.0000000000 	0.0000000000 	0.0000000000 	0.0000000000 	0.9999898240 	
51.5000000000 	0.9999898240 	0.0000000000 	0.0000000000 	0.0000000000 	0.0000000000 	0.0000000000 	0.0000000000 	0.0000000000 	0.9999898240 	
52.0000000000 	0.9999898240 	0.0000000000 	0.0000000000 	0.0000000000 	0.0000000000 	0.0000000000 	0.0000000000 	0.0000000000 	0.9999898240 	
52.5000000000 	0.9999898240 	0.0000000000 	0.0000000000 	0.0000000000 	0.0000000000 	0.0000000000 	0.0000000000 	0.0000000000 	0.9999898240 	
53.0000000000 	0.9999898240 	0.0000000000 	0.0000000000 	0.0000000000 	0.0000000000 	0.0000000000 	0.0000000000 	0.0000000000 	0.9999898240 	
53.5000000000 	0.9999898240 	0.0000000000 	0.0000000000 	0.0000000000 	0.0000000000 	0.0000000000 	0.0000000000 	0.0000000000 	0.9999898240 	
54.0000000000 	0.9999898240 	0.0000000000 	0.0000000000 	0.0000000000 	0.0000000000 	0.0000000000 	0.0000000000 	0.0000000000 	0.9999898240 	
54.5000000000 	0.9999898240 	0.0000000000 	0.0000000000 	0.0000000000 	0.0000000000 	0.0000000000 	0.0000000000 	0.0000000000 	0.9999898240 	
55.0000000000 	0.9999898240 	0.0000000000 	0.0000000000 	0.0000000000 	0.0000000000 	0.0000000000 	0.0000000000 	0.0000000000 	0.9999898240 	
55.5000000000 	0.9999898240 	0.0000000000 	0.0000000000 	0.0000000000 	0.0000000000 	0.0000000000 	0.0000000000 	0.0000000000 	0.9999898240 	
56.0000000000 	0.9999898240 	0.0000000000 	0.0000000000 	0.0000000000 	0.0000000000 	0.0000000000 	0.0000000000 	0.0000000000 	0.9999898240 	
56.5000000000 	0.9999898240 	0.0000000000 	0.0000000000 	0.0000000000 	0.0000000000 	0.0000000000 	0.0000000000 	0.0000000000 	0.9999898240 	
57.0000000000 	0.9999898240 	0.0000000000 	0.0000000000 	0.0000000000 	0.0000000000 	0.0000000000 	0.0000000000 	0.0000000000 	0.9999898240 	
57.5000000000 	0.9999898240 	0.0000000000 	0.0000000000 	0.0000000000 	0.0000000000 	0.0000000000 	0.0000000000 	0.0000000000 	0.9999898240 	
58.0000000000 	0.9999898240 	0.0000000000 	0.0000000000 	0.0000000000 	0.0000000000 	0.0000000000 	0.0000000000 	0.0000000000 	0.9999898240 	
58.5000000000 	0.9999898240 	0.0000000000 	0.0000000000 	0.0000000000 	0.0000000000 	0.0000000000 	0.0000000000 	0.0000000000 	0.9999898240 	
59.0000000000 	0.9999898240 	0.0000000000 	0.0000000000 	0.0000000000 	0.0000000000 	0.0000000000 	0.0000000000 	0.0000000000 	0.9999898240 	
59.5000000000 	0.9999898240 	0.0000000000 	0.0000000000 	0.0000000000 	0.0000000000 	0.0000000000 	0.0000000000 	0.0000000000 	0.9999898240 	
60.0000000000 	0.9999898240 	0.0000000000 	0.0000000000 	0.0000000000 	0.0000000000 	0.0000000000 	0.0000000000 	0.0000000000 	0.9999898240 	
60.5000000000 	0.9999898240 	0.0000000000 	0.0000000000 	0.0000000000 	0.0000000000 	0.0000000000 	0.0000000000 	0.0000000000 	0.9999898240 	
61.0000000000 	0.9999898240 	0.0000000000 	0.0000000000 	0.0000000000 	0.0000000000 	0.0000000000 	0.0000000000 	0.0000000000 	0.9999898240 	
61.5000000000 	0.9999898240 	0.0000000000 	0.0000000000 	0.0000000000 	0.0000000000 	0.0000000000 	0.0000000000 	0.0000000000 	0.9999898240 	
62.0000000000 	0.9999898240 	0.0000000000 	0.0000000000 	0.0000000000 	0.0000000000 	0.0000000000 	0.0000000000 	0.0000000000 	0.9999898240 	
62.5000000000 	0.9999898240 	0.0000000000 	0.0000000000 	0.0000000000 	0.0000000000 	0.0000000000 	0.0000000000 	0.0000000000 	0.9999898240 	
63.0000000000 	0.9999898240 	0.0000000000 	0.0000000000 	0.0000000000 	0.0000000000 	0.0000000000 	0.0000000000 	0.0000000000 	0.9999898240 	
63.5000000000 	0.9999898240 	0.0000000000 	0.0000000000 	0.0000000000 	0.0000000000 	0.0000000000 	0.0000000000 	0.0000000000 	0.9999898240 	
64.0000000000 	0.9999898240 	0.0000000000 	0.0000000000 	0.0000000000 	0.0000000000 	0.0000000000 	0.0000000000 	0.0000000000 	0.9999898240 	
64.5000000000 	0.9999898240 	0.0000000000 	0.0000000000 	0.0000000000 	0.0000000000 	0.0000000000 	0.0000000000 	0.0000000000 	0.9999898240 	
65.0000000000 	0.9999898240 	0.0000000000 	0.0000000000 	0.0000000000 	0.0000000000 	0.0000000000 	0.0000000000 	0.0000000000 	0.9999898240 	
65.5000000000 	0.9999898240 	0.0000000000 	0.0000000000 	0.0000000000 	0.0000000000 	0.0000000000 	0.0000000000 	0.0000000000 	0.9999898240 	
66.0000000000 	0.9999898240 	0.0000000000 	0.0000000000 	0.0000000000 	0.0000000000 	0.0000000000 	0.0000000000 	0.0000000000 	0.9999898240 	
66.5000000000 	0.9999898240 	0.0000000000 	0.0000000000 	0.0000000000 	0.0000000000 	0.0000000000 	0.0000000000 	0.0000000000 	0.9999898240 	
67.0000000000 	0.9999898240 	0.0000000000 	0.0000000000 	0.0000000000 	0.0000000000 	0.0000000000 	0.0000000000 	0.0000000000 	0.9999898240 	
67.5000000000 	0.9999898240 	0.0000000000 	0.0000000000 	0.0000000000 	0.0000000000 	0.0000000000 	0.0000000000 	0.0000000000 	0.9999898240 	
68.0000000000 	0.9999898240 	0.0000000000 	0.0000000000 	0.0000000000 	0.0000000000 	0.0000000000 	0.0000000000 	0.0000000000 	0.9999898240 	
68.5000000000 	0.9999898240 	0.0000000000 	0.0000000000 	0.0000000000 	0.0000000000 	0.0000000000 	0.0000000000 	0.0000000000 	0.9999898240 	
69.0000000000 	0.9999898240 	0.0000000000 	0.0000000000 	0.0000000000 	0.0000000000 	0.0000000000 	0.0000000000 	0.0000000000 	0.9999898240 	
69.5000000000 	0.9999898240 	0.0000000000 	0.0000000000 	0.0000000000 	0.0000000000 	0.0000000000 	0.0000000000 	0.0000000000 	0.9999898240 	
70.0000000000 	0.9999898240 	0.0000000000 	0.0000000000 	0.0000000000 	0.0000000000 	0.0000000000 	0.0000000000 	0.0000000000 	0.9999898240 	
70.5000000000 	0.9999898240 	0.0000000000 	0.0000000000 	0.0000000000 	0.0000000000 	0.0000000000 	0.0000000000 	0.0000000000 	0.9999898240 	
71.0000000000 	0.9999898240 	0.0000000000 	0.0000000000 	0.0000000000 	0.0000000000 	0.0000000000 	0.0000000000 	0.0000000000 	0.9999898240 	
71.5000000000 	0.9999898240 	0.0000000000 	0.0000000000 	0.0000000000 	0.0000000000 	0.0000000000 	0.0000000000 	0.0000000000 	0.9999898240 	
72.0000000000 	0.9999898240 	0.0000000000 	0.0000000000 	0.0000000000 	0.0000000000 	0.0000000000 	0.0000000000 	0.0000000000 	0.9999898240 	
72.5000000000 	0.9999898240 	0.0000000000 	0.0000000000 	0.0000000000 	0.0000000000 	0.0000000000 	0.0000000000 	0.0000000000 	0.9999898240 	
73.0000000000 	0.9999898240 	0.0000000000 	0.0000000000 	0.0000000000 	0.0000000000 	0.0000000000 	0.0000000000 	0.0000000000 	0.9999898240 	
73.5000000000 	0.9999898240 	0.0000000000 	0.0000000000 	0.0000000000 	0.0000000000 	0.0000000000 	0.0000000000 	0.0000000000 	0.9999898240 	
74.0000000000 	0.9999898240 	0.0000000000 	0.0000000000 	0.0000000000 	0.0000000000 	0.0000000000 	0.0000000000 	0.0000000000 	0.9999898240 	
74.5000000000 	0.9999898240 	0.0000000000 	0.0000000000 	0.0000000000 	0.0000000000 	0.0000000000 	0.0000000000 	0.0000000000 	0.9999898240 	
75.0000000000 	0.9999898240 	0.0000000000 	0.0000000000 	0.0000000000 	0.0000000000 	0.0000000000 	0.0000000000 	0.0000000000 	0.9999898240 	
75.5000000000 	0.9999898240 	0.0000000000 	0.0000000000 	0.0000000000 	0.0000000000 	0.0000000000 	0.0000000000 	0.0000000000 	0.9999898240 	
76.0000000000 	0.9999898240 	0.0000000000 	0.0000000000 	0.0000000000 	0.0000000000 	0.0000000000 	0.0000000000 	0.0000000000 	0.9999898240 	
76.5000000000 	0.9999898240 	0.0000000000 	0.0000000000 	0.0000000000 	0.0000000000 	0.0000000000 	0.0000000000 	0.0000000000 	0.9999898240 	
77.0000000000 	0.9999898240 	0.0000000000 	0.0000000000 	0.0000000000 	0.0000000000 	0.0000000000 	0.0000000000 	0.0000000000 	0.9999898240 	
77.5000000000 	0.9999898240 	0.0000000000 	0.0000000000 	0.0000000000 	0.0000000000 	0.0000000000 	0.0000000000 	0.0000000000 	0.9999898240 	
78.0000000000 	0.9999898240 	0.0000000000 	0.0000000000 	0.0000000000 	0.0000000000 	0.0000000000 	0.0000000000 	0.0000000000 	0.9999898240 	
78.5000000000 	0.9999898240 	0.0000000000 	0.0000000000 	0.0000000000 	0.0000000000 	0.0000000000 	0.0000000000 	0.0000000000 	0.9999898240 	
79.0000000000 	0.9999898240 	0.0000000000 	0.0000000000 	0.0000000000 	0.0000000000 	0.0000000000 	0.0000000000 	0.0000000000 	0.9999898240 	
79.5000000000 	0.9999898240 	0.0000000000 	0.0000000000 	0.0000000000 	0.0000000000 	0.0000000000 	0.0000000000 	0.0000000000 	0.9999898240 	
# end of calculation 2019_08_23_15_10_37 
# time difference 00_00_00_00_00_07 -- in Minutes 0 in Seconds 7 
