##input
##{
##time_step=0.5;
##time_end = 600;
##Gamma_l =0.50;
##Gamma_m =0.50;
##Gamma_r =0.50;
##Nbin =2;
##svdcutoff = 1E-7;
##maxnumberofSV = 5000;
##feedback_time = 10; //ATTENTION avoid feedback 2, avoid feedback times uneven
##init_000 = 0.; 
##init_001 = 0.0; 
##init_010 = 0.0; 
##init_011 = 0.; 
##init_100 = 0.0; 
##init_101 = 0.; 
##init_110 = 0.; 
##init_111 = 1.; 
##phi_l = 0.050;  // as multiple of pi
##phi_m = 0.00;  // as multiple of pi
##phi_r = 1.95;  // as multiple of pi
##}
##// =ATTENTION feedback counts between left and right, middle is half the feedback, effective first feedback effect after fb/2
##// =ATTENTION exclude feedback time of 2, i.e. no distance between left - middle - right bin
##// =ATTENTION exclude uneven feedback times of 2n+1, i.e. asymmetric swap necessary between left - middle - right bin
##// =ATTENTION exclude complex valued initial states, not yet implemented
##
##// 1./sqrt(2.) = 0.70710678118
##// 1./sqrt(3.) = 0.57735027
0.0000000000 	0.0000000000 	0.0000000000 	0.0000000000 	0.0000000000 	0.0000000000 	0.0000000000 	0.0000000000 	1.0000000000 	1.0000000000 	
0.5000000000 	0.0121429101 	0.0406874917 	0.0406874917 	0.1363312842 	0.0406874917 	0.1363312842 	0.1363312842 	0.4568018181 	1.0000010559 	
1.0000000000 	0.0673530795 	0.0981879209 	0.0981879209 	0.1431389344 	0.0981879209 	0.1431389344 	0.1431389344 	0.2086679010 	1.0000015463 	
1.5000000000 	0.1602783327 	0.1347861647 	0.1347861447 	0.1133483632 	0.1347861689 	0.1133483594 	0.1133483651 	0.0953198766 	1.0000017752 	
2.0000000000 	0.2723418570 	0.1478135367 	0.1478135104 	0.0802257150 	0.1478135429 	0.0802257106 	0.0802257171 	0.0435422929 	1.0000018826 	
2.5000000000 	0.3875099803 	0.1440132439 	0.1440132204 	0.0535206800 	0.1440132514 	0.0535206768 	0.0535206820 	0.0198901986 	1.0000019333 	
3.0000000000 	0.4629034139 	0.1322301568 	0.1424007664 	0.0405914981 	0.1322301787 	0.0375544664 	0.0405915025 	0.0114999606 	1.0000019433 	
3.5000000000 	0.5156014265 	0.1187994214 	0.1378889251 	0.0366675455 	0.1187995207 	0.0262372878 	0.0366674083 	0.0093402646 	1.0000017998 	
4.0000000000 	0.5472311254 	0.1085652084 	0.1356881732 	0.0363232786 	0.1085667631 	0.0187383948 	0.0363223498 	0.0085663397 	1.0000016330 	
4.5000000000 	0.5656829003 	0.1020712297 	0.1351212131 	0.0367881424 	0.1020683808 	0.0136787640 	0.0367888882 	0.0078018371 	1.0000013556 	
5.0000000000 	0.5781426684 	0.0983673501 	0.1348383485 	0.0366837866 	0.0983603786 	0.0101861546 	0.0366837103 	0.0067385842 	1.0000009814 	
5.5000000000 	0.5591484878 	0.1114314414 	0.1456197870 	0.0320433695 	0.1114230172 	0.0058030763 	0.0320438417 	0.0024865193 	0.9999995402 	
6.0000000000 	0.5341623335 	0.1253066380 	0.1533745713 	0.0271370417 	0.1252986919 	0.0067857339 	0.0271384573 	0.0007945460 	0.9999980136 	
6.5000000000 	0.5200426527 	0.1339497335 	0.1563934699 	0.0230456475 	0.1339539965 	0.0093172307 	0.0230506217 	0.0002430585 	0.9999964110 	
7.0000000000 	0.5205019026 	0.1361944967 	0.1550957007 	0.0204045228 	0.1361925487 	0.0111154815 	0.0204065331 	0.0000836384 	0.9999948246 	
7.5000000000 	0.5327069697 	0.1331758368 	0.1511282974 	0.0192241817 	0.1331617564 	0.0113368029 	0.0192251541 	0.0000339210 	0.9999929201 	
8.0000000000 	0.5552419942 	0.1267547745 	0.1447906677 	0.0180638775 	0.1267535925 	0.0103042614 	0.0180602359 	0.0000211069 	0.9999905105 	
8.5000000000 	0.5843247741 	0.1185867870 	0.1377692535 	0.0159273896 	0.1185866184 	0.0088443416 	0.0159273264 	0.0000225414 	0.9999890318 	
9.0000000000 	0.6121686911 	0.1100545794 	0.1334971437 	0.0133344793 	0.1100479329 	0.0075185542 	0.0133381248 	0.0000276024 	0.9999871078 	
9.5000000000 	0.6342962515 	0.1021732444 	0.1334119432 	0.0106602777 	0.1021690162 	0.0065740334 	0.0106637901 	0.0000366442 	0.9999852007 	
10.0000000000 	0.6494976231 	0.0954530190 	0.1372196884 	0.0081587154 	0.0954479962 	0.0059898739 	0.0081617168 	0.0000549869 	0.9999836197 	
10.5000000000 	0.6570924749 	0.0909241448 	0.1427919458 	0.0062928073 	0.0909180810 	0.0055870634 	0.0062935910 	0.0000824672 	0.9999825753 	
11.0000000000 	0.6578091292 	0.0893066964 	0.1478470032 	0.0052019399 	0.0893034591 	0.0051922743 	0.0052032914 	0.0001150701 	0.9999788636 	
11.5000000000 	0.6553134369 	0.0896255339 	0.1513077521 	0.0045623985 	0.0896239926 	0.0048339013 	0.0045633166 	0.0001464499 	0.9999767818 	
12.0000000000 	0.6527173543 	0.0907187716 	0.1527716448 	0.0041446644 	0.0907162418 	0.0045951166 	0.0041457432 	0.0001645162 	0.9999740530 	
12.5000000000 	0.6521021073 	0.0916228396 	0.1523899789 	0.0037981111 	0.0916178956 	0.0044776867 	0.0038003234 	0.0001619809 	0.9999709235 	
13.0000000000 	0.6542996757 	0.0918403474 	0.1505538375 	0.0034463085 	0.0918383415 	0.0043996146 	0.0034489885 	0.0001406755 	0.9999677891 	
13.5000000000 	0.6591789066 	0.0913169088 	0.1476491397 	0.0030662403 	0.0913123778 	0.0042621446 	0.0030690835 	0.0001103675 	0.9999651688 	
14.0000000000 	0.6660245282 	0.0901823853 	0.1441156837 	0.0026802642 	0.0901803010 	0.0040169968 	0.0026826528 	0.0000804163 	0.9999632282 	
14.5000000000 	0.6738745704 	0.0886179973 	0.1404745463 	0.0023209308 	0.0886180100 	0.0036764551 	0.0023217570 	0.0000564851 	0.9999607521 	
15.0000000000 	0.6817939069 	0.0868245395 	0.1371675106 	0.0020108632 	0.0868276497 	0.0032829804 	0.0020108305 	0.0000398177 	0.9999580985 	
15.5000000000 	0.6889593518 	0.0850569052 	0.1344527672 	0.0017585340 	0.0850610114 	0.0028807575 	0.0017580335 	0.0000289738 	0.9999563345 	
16.0000000000 	0.6946451320 	0.0836343965 	0.1323817259 	0.0015637293 	0.0836378053 	0.0025064742 	0.0015632322 	0.0000217544 	0.9999542498 	
16.5000000000 	0.6984936124 	0.0827837739 	0.1308560983 	0.0014158723 	0.0827856940 	0.0021878549 	0.0014156037 	0.0000168214 	0.9999553308 	
17.0000000000 	0.7006596125 	0.0825273915 	0.1296855194 	0.0013009310 	0.0825299645 	0.0019353266 	0.0013002988 	0.0000129772 	0.9999520216 	
17.5000000000 	0.7016445969 	0.0827305108 	0.1286718037 	0.0012081111 	0.0827341407 	0.0017422196 	0.0012086343 	0.0000097500 	0.9999497671 	
18.0000000000 	0.7020678508 	0.0831704351 	0.1276670390 	0.0011315420 	0.0831753977 	0.0015964450 	0.0011308068 	0.0000071887 	0.9999467051 	
18.5000000000 	0.7024681682 	0.0836208562 	0.1266154663 	0.0010644924 	0.0836250799 	0.0014829116 	0.0010634068 	0.0000053576 	0.9999457391 	
19.0000000000 	0.7031899196 	0.0839095434 	0.1255335545 	0.0010024384 	0.0839148472 	0.0013867414 	0.0010010830 	0.0000041447 	0.9999422722 	
19.5000000000 	0.7043379081 	0.0839507809 	0.1245111533 	0.0009434998 	0.0839572369 	0.0012944293 	0.0009407444 	0.0000033611 	0.9999391138 	
20.0000000000 	0.7058134540 	0.0837352432 	0.1236859964 	0.0008809634 	0.0837389225 	0.0012008467 	0.0008793144 	0.0000028337 	0.9999375743 	
20.5000000000 	0.7074391495 	0.0833034097 	0.1231466975 	0.0008149882 	0.0833123280 	0.0011027282 	0.0008139636 	0.0000024241 	0.9999356889 	
21.0000000000 	0.7090116453 	0.0827260498 	0.1229603581 	0.0007484169 	0.0827338354 	0.0010037863 	0.0007466113 	0.0000020870 	0.9999327902 	
21.5000000000 	0.7103746059 	0.0820911197 	0.1230956815 	0.0006811896 	0.0821024308 	0.0009055591 	0.0006785773 	0.0000018093 	0.9999309732 	
22.0000000000 	0.7114396863 	0.0814844493 	0.1234595790 	0.0006164604 	0.0814975391 	0.0008151314 	0.0006136916 	0.0000015545 	0.9999280915 	
22.5000000000 	0.7122256916 	0.0809500807 	0.1239482435 	0.0005565008 	0.0809550951 	0.0007348734 	0.0005534494 	0.0000013209 	0.9999252554 	
23.0000000000 	0.7128010501 	0.0805121894 	0.1244207783 	0.0005028452 	0.0805184899 	0.0006659946 	0.0004996855 	0.0000011055 	0.9999221384 	
23.5000000000 	0.7132922837 	0.0801599659 	0.1247864412 	0.0004553826 	0.0801660354 	0.0006065601 	0.0004522690 	0.0000009075 	0.9999198455 	
24.0000000000 	0.7137880478 	0.0798861356 	0.1249730885 	0.0004142248 	0.0798886513 	0.0005559876 	0.0004115496 	0.0000007156 	0.9999184007 	
24.5000000000 	0.7143761197 	0.0796629245 	0.1249370977 	0.0003775987 	0.0796687513 	0.0005140460 	0.0003751079 	0.0000005405 	0.9999121863 	
25.0000000000 	0.7150617230 	0.0794791076 	0.1247283112 	0.0003449084 	0.0794756168 	0.0004775346 	0.0003427430 	0.0000004018 	0.9999103463 	
25.5000000000 	0.7158419304 	0.0793208954 	0.1243500833 	0.0003158016 	0.0793232971 	0.0004433192 	0.0003132426 	0.0000002969 	0.9999088666 	
26.0000000000 	0.7166585020 	0.0791917469 	0.1238725566 	0.0002891038 	0.0791966854 	0.0004115800 	0.0002864654 	0.0000002257 	0.9999068658 	
26.5000000000 	0.7174736385 	0.0790945921 	0.1233327858 	0.0002645128 	0.0790949184 	0.0003812863 	0.0002621707 	0.0000001758 	0.9999040804 	
27.0000000000 	0.7182307022 	0.0790271309 	0.1227750382 	0.0002425363 	0.0790341198 	0.0003522773 	0.0002403146 	0.0000001388 	0.9999022580 	
27.5000000000 	0.7189032051 	0.0790005616 	0.1222266249 	0.0002220615 	0.0790053140 	0.0003234177 	0.0002201560 	0.0000001079 	0.9999014487 	
28.0000000000 	0.7194427279 	0.0790120384 	0.1217179719 	0.0002035631 	0.0790243422 	0.0002965335 	0.0002021944 	0.0000000008 	0.9998993722 	
28.5000000000 	0.7199008703 	0.0790553511 	0.1212344644 	0.0001867036 	0.0790629725 	0.0002713879 	0.0001857437 	0.0000000006 	0.9998974941 	
29.0000000000 	0.7202346689 	0.0791202273 	0.1208056617 	0.0001714796 	0.0791385011 	0.0002483208 	0.0001707161 	0.0000000006 	0.9998895760 	
29.5000000000 	0.7205157033 	0.0791985910 	0.1204251387 	0.0001571658 	0.0792069645 	0.0002274290 	0.0001571022 	0.0000000004 	0.9998880948 	
30.0000000000 	0.7207639850 	0.0792629244 	0.1200735325 	0.0001444260 	0.0792866642 	0.0002094009 	0.0001445849 	0.0000000001 	0.9998855180 	
30.5000000000 	0.7209894173 	0.0793161787 	0.1197826078 	0.0001327482 	0.0793367637 	0.0001928939 	0.0001330709 	0.0000000001 	0.9998836808 	
31.0000000000 	0.7212224637 	0.0793535072 	0.1195169679 	0.0001225958 	0.0793663154 	0.0001776594 	0.0001223453 	0.0000000003 	0.9998818550 	
31.5000000000 	0.7214460678 	0.0793683931 	0.1193032398 	0.0001131388 	0.0793752605 	0.0001640339 	0.0001126675 	0.0000000002 	0.9998828016 	
32.0000000000 	0.7216763426 	0.0793458473 	0.1191485958 	0.0001040321 	0.0793511541 	0.0001513998 	0.0001036664 	0.0000000002 	0.9998810383 	
32.5000000000 	0.7218738638 	0.0793145038 	0.1190377042 	0.0000957035 	0.0793230550 	0.0001393909 	0.0000952541 	0.0000000002 	0.9998794754 	
33.0000000000 	0.7220598725 	0.0792493946 	0.1189925839 	0.0000879582 	0.0792717136 	0.0001283800 	0.0000876654 	0.0000000000 	0.9998775683 	
33.5000000000 	0.7222308566 	0.0791994391 	0.1189419538 	0.0000805543 	0.0792231400 	0.0001178466 	0.0000802607 	0.0000000000 	0.9998740512 	
34.0000000000 	0.7223873855 	0.0791442001 	0.1189213427 	0.0000737620 	0.0791631861 	0.0001083158 	0.0000737788 	0.0000000000 	0.9998719711 	
34.5000000000 	0.7225476928 	0.0790935716 	0.1188781040 	0.0000674486 	0.0791167193 	0.0000992383 	0.0000677617 	0.0000000000 	0.9998705362 	
35.0000000000 	0.7227207648 	0.0790424191 	0.1188263309 	0.0000615816 	0.0790643109 	0.0000911074 	0.0000621075 	0.0000000001 	0.9998686223 	
35.5000000000 	0.7229184113 	0.0789878154 	0.1187488937 	0.0000563329 	0.0790150148 	0.0000836282 	0.0000571414 	0.0000000001 	0.9998672378 	
36.0000000000 	0.7231336028 	0.0789490755 	0.1186255652 	0.0000516661 	0.0789764611 	0.0000767069 	0.0000525259 	0.0000000001 	0.9998656035 	
36.5000000000 	0.7233269171 	0.0789167074 	0.1184920565 	0.0000473144 	0.0789613348 	0.0000703707 	0.0000484151 	0.0000000002 	0.9998631162 	
37.0000000000 	0.7235326623 	0.0789114511 	0.1183162003 	0.0000435662 	0.0789488821 	0.0000645524 	0.0000445780 	0.0000000002 	0.9998618927 	
37.5000000000 	0.7237599292 	0.0789141502 	0.1181075404 	0.0000401225 	0.0789388785 	0.0000594470 	0.0000410184 	0.0000000002 	0.9998610864 	
38.0000000000 	0.7239689700 	0.0789189051 	0.1178920328 	0.0000369172 	0.0789504543 	0.0000544466 	0.0000378574 	0.0000000002 	0.9998595836 	
38.5000000000 	0.7241595962 	0.0789432937 	0.1176663418 	0.0000340484 	0.0789706057 	0.0000498270 	0.0000348729 	0.0000000002 	0.9998585858 	
39.0000000000 	0.7243661012 	0.0789646673 	0.1174184452 	0.0000313452 	0.0789989232 	0.0000457846 	0.0000324326 	0.0000000001 	0.9998576993 	
39.5000000000 	0.7245632233 	0.0790001796 	0.1171493444 	0.0000288804 	0.0790425767 	0.0000420869 	0.0000299926 	0.0000000000 	0.9998562840 	
40.0000000000 	0.7247176087 	0.0790387882 	0.1169186244 	0.0000266201 	0.0790868814 	0.0000384885 	0.0000276452 	0.0000000000 	0.9998546566 	
40.5000000000 	0.7248767894 	0.0790759283 	0.1166830113 	0.0000244717 	0.0791325599 	0.0000353135 	0.0000255461 	0.0000000001 	0.9998536204 	
41.0000000000 	0.7250440852 	0.0791286491 	0.1164303531 	0.0000224620 	0.0791708646 	0.0000324164 	0.0000235536 	0.0000000001 	0.9998523842 	
41.5000000000 	0.7251528013 	0.0791786549 	0.1162327478 	0.0000206640 	0.0792157610 	0.0000296245 	0.0000217013 	0.0000000001 	0.9998519551 	
42.0000000000 	0.7252989836 	0.0792184451 	0.1160104995 	0.0000189618 	0.0792564680 	0.0000271287 	0.0000200188 	0.0000000000 	0.9998505055 	
42.5000000000 	0.7254327589 	0.0792487076 	0.1158231520 	0.0000173890 	0.0792837839 	0.0000248656 	0.0000184256 	0.0000000001 	0.9998490827 	
43.0000000000 	0.7255708254 	0.0792901235 	0.1156216365 	0.0000159967 	0.0793095302 	0.0000228243 	0.0000169418 	0.0000000000 	0.9998478784 	
43.5000000000 	0.7256890002 	0.0793259451 	0.1154476512 	0.0000147385 	0.0793324938 	0.0000208461 	0.0000155927 	0.0000000000 	0.9998462676 	
44.0000000000 	0.7258346409 	0.0793317608 	0.1152868066 	0.0000135496 	0.0793453842 	0.0000190141 	0.0000144008 	0.0000000000 	0.9998455570 	
44.5000000000 	0.7259389938 	0.0793488018 	0.1151477970 	0.0000125046 	0.0793660532 	0.0000172949 	0.0000132804 	0.0000000000 	0.9998447257 	
45.0000000000 	0.7260504574 	0.0793666254 	0.1150089595 	0.0000115129 	0.0793774910 	0.0000156600 	0.0000122913 	0.0000000000 	0.9998429975 	
45.5000000000 	0.7261769812 	0.0793868126 	0.1148673761 	0.0000106565 	0.0793746902 	0.0000142278 	0.0000113583 	0.0000000000 	0.9998421026 	
46.0000000000 	0.7262893048 	0.0793929626 	0.1147286643 	0.0000098175 	0.0793963590 	0.0000129631 	0.0000104866 	0.0000000002 	0.9998405580 	
46.5000000000 	0.7264414984 	0.0794067308 	0.1145568102 	0.0000091405 	0.0794032759 	0.0000119422 	0.0000096943 	0.0000000001 	0.9998390924 	
47.0000000000 	0.7265895782 	0.0794057984 	0.1143977558 	0.0000084738 	0.0794156075 	0.0000110007 	0.0000089616 	0.0000000001 	0.9998371761 	
47.5000000000 	0.7267467145 	0.0794112670 	0.1142305826 	0.0000078119 	0.0794212781 	0.0000101692 	0.0000082668 	0.0000000000 	0.9998360901 	
48.0000000000 	0.7268578274 	0.0794316249 	0.1140736822 	0.0000072127 	0.0794476958 	0.0000093721 	0.0000076083 	0.0000000000 	0.9998350235 	
48.5000000000 	0.7270254643 	0.0794447475 	0.1138873540 	0.0000068084 	0.0794542493 	0.0000086055 	0.0000069817 	0.0000000000 	0.9998342108 	
49.0000000000 	0.7271563728 	0.0794801520 	0.1136930576 	0.0000062870 	0.0794829746 	0.0000078012 	0.0000064379 	0.0000000001 	0.9998330832 	
49.5000000000 	0.7272958734 	0.0795100209 	0.1134986928 	0.0000057933 	0.0795091540 	0.0000071412 	0.0000059505 	0.0000000001 	0.9998326262 	
50.0000000000 	0.7274472342 	0.0795387360 	0.1132885304 	0.0000053656 	0.0795392372 	0.0000065538 	0.0000055067 	0.0000000001 	0.9998311640 	
50.5000000000 	0.7276008133 	0.0795584178 	0.1130838233 	0.0000049575 	0.0795708639 	0.0000059909 	0.0000050670 	0.0000000001 	0.9998299339 	
51.0000000000 	0.7277299710 	0.0795995119 	0.1128753527 	0.0000044928 	0.0796095310 	0.0000055118 	0.0000046856 	0.0000000001 	0.9998290569 	
51.5000000000 	0.7278564717 	0.0796379254 	0.1126771592 	0.0000040924 	0.0796435167 	0.0000050212 	0.0000042594 	0.0000000001 	0.9998284463 	
52.0000000000 	0.7279976516 	0.0796695825 	0.1124724519 	0.0000037422 	0.0796756201 	0.0000045631 	0.0000038840 	0.0000000001 	0.9998274955 	
52.5000000000 	0.7280997199 	0.0797186915 	0.1122841071 	0.0000034314 	0.0797130141 	0.0000041660 	0.0000035488 	0.0000000001 	0.9998266789 	
53.0000000000 	0.7282321248 	0.0797477446 	0.1120875882 	0.0000031527 	0.0797484383 	0.0000037917 	0.0000032500 	0.0000000001 	0.9998260904 	
53.5000000000 	0.7283636960 	0.0797815157 	0.1118968573 	0.0000029444 	0.0797741463 	0.0000034429 	0.0000029218 	0.0000000001 	0.9998255245 	
54.0000000000 	0.7284801914 	0.0798027513 	0.1117143268 	0.0000027263 	0.0798185598 	0.0000031160 	0.0000027229 	0.0000000004 	0.9998243949 	
54.5000000000 	0.7286092159 	0.0798285616 	0.1115275290 	0.0000025033 	0.0798499272 	0.0000028234 	0.0000025222 	0.0000000001 	0.9998230828 	
55.0000000000 	0.7287493926 	0.0798542676 	0.1113410412 	0.0000023052 	0.0798705477 	0.0000025672 	0.0000023447 	0.0000000001 	0.9998224663 	
55.5000000000 	0.7288833462 	0.0798847315 	0.1111474392 	0.0000021227 	0.0798995304 	0.0000023352 	0.0000021602 	0.0000000000 	0.9998216654 	
56.0000000000 	0.7290087921 	0.0799081995 	0.1109739104 	0.0000019563 	0.0799239369 	0.0000021285 	0.0000021126 	0.0000000000 	0.9998210363 	
56.5000000000 	0.7291282046 	0.0799329693 	0.1108067334 	0.0000017953 	0.0799469418 	0.0000019401 	0.0000019340 	0.0000000000 	0.9998205186 	
57.0000000000 	0.7292453215 	0.0799627410 	0.1106341880 	0.0000016624 	0.0799722985 	0.0000017706 	0.0000017500 	0.0000000000 	0.9998197319 	
57.5000000000 	0.7293728033 	0.0799891418 	0.1104572585 	0.0000015186 	0.0799955305 	0.0000016302 	0.0000016250 	0.0000000000 	0.9998195078 	
58.0000000000 	0.7294862662 	0.0800220277 	0.1102810338 	0.0000013930 	0.0800242120 	0.0000014771 	0.0000014903 	0.0000000000 	0.9998179002 	
58.5000000000 	0.7296177059 	0.0800423422 	0.1101051562 	0.0000012791 	0.0800481327 	0.0000013471 	0.0000013732 	0.0000000000 	0.9998173365 	
59.0000000000 	0.7297488378 	0.0800688924 	0.1099242243 	0.0000011846 	0.0800717580 	0.0000012246 	0.0000012660 	0.0000000001 	0.9998173879 	
59.5000000000 	0.7298738448 	0.0800963910 	0.1097465449 	0.0000010859 	0.0800965418 	0.0000011133 	0.0000011688 	0.0000000001 	0.9998166907 	
60.0000000000 	0.7300032381 	0.0801191392 	0.1095660443 	0.0000010037 	0.0801250517 	0.0000010030 	0.0000010743 	0.0000000001 	0.9998165543 	
60.5000000000 	0.7301325866 	0.0801456540 	0.1093822512 	0.0000009221 	0.0801524175 	0.0000009017 	0.0000009846 	0.0000000002 	0.9998157178 	
61.0000000000 	0.7302595457 	0.0801729730 	0.1091997503 	0.0000008462 	0.0801799464 	0.0000008237 	0.0000009122 	0.0000000001 	0.9998147976 	
61.5000000000 	0.7303829399 	0.0801999579 	0.1090174892 	0.0000007661 	0.0802117618 	0.0000007562 	0.0000008469 	0.0000000006 	0.9998145186 	
62.0000000000 	0.7305116254 	0.0802295422 	0.1088307840 	0.0000006961 	0.0802397952 	0.0000006822 	0.0000007880 	0.0000000005 	0.9998139136 	
62.5000000000 	0.7306273874 	0.0802618008 	0.1086524504 	0.0000006530 	0.0802696012 	0.0000006263 	0.0000007314 	0.0000000003 	0.9998132506 	
63.0000000000 	0.7307653100 	0.0802910301 	0.1084585780 	0.0000006193 	0.0802956160 	0.0000005599 	0.0000006712 	0.0000000003 	0.9998123847 	
63.5000000000 	0.7309001057 	0.0803174197 	0.1082723786 	0.0000005717 	0.0803199725 	0.0000005057 	0.0000005999 	0.0000000002 	0.9998115539 	
64.0000000000 	0.7310219587 	0.0803459986 	0.1080886815 	0.0000005332 	0.0803519654 	0.0000004533 	0.0000005433 	0.0000000000 	0.9998101339 	
64.5000000000 	0.7311370762 	0.0803779374 	0.1079119053 	0.0000004835 	0.0803810034 	0.0000004093 	0.0000004896 	0.0000000001 	0.9998093050 	
65.0000000000 	0.7312605490 	0.0804043296 	0.1077338398 	0.0000004388 	0.0804084338 	0.0000003743 	0.0000004574 	0.0000000001 	0.9998084229 	
65.5000000000 	0.7313695011 	0.0804386039 	0.1075607132 	0.0000003958 	0.0804379098 	0.0000003439 	0.0000004183 	0.0000000001 	0.9998078860 	
66.0000000000 	0.7314861725 	0.0804684702 	0.1073837152 	0.0000003596 	0.0804688806 	0.0000003166 	0.0000003813 	0.0000000002 	0.9998082961 	
66.5000000000 	0.7316048505 	0.0804960943 	0.1072050766 	0.0000003250 	0.0805006123 	0.0000002933 	0.0000003512 	0.0000000005 	0.9998076039 	
67.0000000000 	0.7317274166 	0.0805214975 	0.1070321894 	0.0000003121 	0.0805249755 	0.0000002734 	0.0000003222 	0.0000000005 	0.9998069873 	
67.5000000000 	0.7318413792 	0.0805461387 	0.1068611884 	0.0000002938 	0.0805567883 	0.0000002505 	0.0000002950 	0.0000000011 	0.9998063349 	
68.0000000000 	0.7319618595 	0.0805699277 	0.1066904883 	0.0000002744 	0.0805826948 	0.0000002233 	0.0000002646 	0.0000000009 	0.9998057335 	
68.5000000000 	0.7320791341 	0.0805942400 	0.1065243163 	0.0000002566 	0.0806067351 	0.0000001979 	0.0000002419 	0.0000000010 	0.9998051230 	
69.0000000000 	0.7321951338 	0.0806209018 	0.1063555043 	0.0000002254 	0.0806324409 	0.0000001807 	0.0000002172 	0.0000000005 	0.9998046047 	
69.5000000000 	0.7323145201 	0.0806433794 	0.1061872220 	0.0000002046 	0.0806584415 	0.0000001666 	0.0000001880 	0.0000000006 	0.9998041228 	
70.0000000000 	0.7324329445 	0.0806643236 	0.1060206369 	0.0000001895 	0.0806852021 	0.0000001549 	0.0000001727 	0.0000000008 	0.9998036250 	
70.5000000000 	0.7325493256 	0.0806908140 	0.1058565396 	0.0000001594 	0.0807061902 	0.0000000567 	0.0000001507 	0.0000000003 	0.9998032364 	
71.0000000000 	0.7326663247 	0.0807151724 	0.1056911980 	0.0000001428 	0.0807292206 	0.0000000473 	0.0000001342 	0.0000000002 	0.9998022402 	
71.5000000000 	0.7327827534 	0.0807407574 	0.1055238694 	0.0000001368 	0.0807537210 	0.0000000426 	0.0000001242 	0.0000000001 	0.9998014050 	
72.0000000000 	0.7328958352 	0.0807664118 	0.1053599103 	0.0000001259 	0.0807786027 	0.0000000378 	0.0000001176 	0.0000000001 	0.9998010414 	
72.5000000000 	0.7330092658 	0.0807905055 	0.1051950508 	0.0000001189 	0.0808054363 	0.0000000344 	0.0000001144 	0.0000000001 	0.9998005262 	
73.0000000000 	0.7331191531 	0.0808182780 	0.1050315484 	0.0000001112 	0.0808305981 	0.0000000296 	0.0000001085 	0.0000000000 	0.9997998270 	
73.5000000000 	0.7332299876 	0.0808457950 	0.1048693286 	0.0000001016 	0.0808543697 	0.0000000278 	0.0000001028 	0.0000000000 	0.9997997130 	
74.0000000000 	0.7333481540 	0.0808678698 	0.1047069834 	0.0000000949 	0.0808763847 	0.0000000257 	0.0000000970 	0.0000000001 	0.9997996095 	
74.5000000000 	0.7334598294 	0.0808919898 	0.1045462075 	0.0000000890 	0.0809012870 	0.0000000243 	0.0000000928 	0.0000000000 	0.9997995198 	
75.0000000000 	0.7335704065 	0.0809155829 	0.1043860084 	0.0000000842 	0.0809272462 	0.0000000222 	0.0000000874 	0.0000000000 	0.9997994378 	
75.5000000000 	0.7336814675 	0.0809384883 	0.1042271692 	0.0000000762 	0.0809520649 	0.0000000210 	0.0000000794 	0.0000000000 	0.9997993666 	
76.0000000000 	0.7337905289 	0.0809627505 	0.1040699001 	0.0000000717 	0.0809759400 	0.0000000208 	0.0000000731 	0.0000000000 	0.9997992851 	
76.5000000000 	0.7338985296 	0.0809863665 	0.1039148240 	0.0000000682 	0.0809993264 	0.0000000202 	0.0000000713 	0.0000000000 	0.9997992062 	
77.0000000000 	0.7340059435 	0.0810095707 	0.1037612064 	0.0000000667 	0.0810222466 	0.0000000191 	0.0000000732 	0.0000000000 	0.9997991262 	
77.5000000000 	0.7341126701 	0.0810325863 	0.1036088774 	0.0000000641 	0.0810447498 	0.0000000176 	0.0000000757 	0.0000000000 	0.9997990409 	
78.0000000000 	0.7342183634 	0.0810551961 	0.1034575156 	0.0000000599 	0.0810677662 	0.0000000158 	0.0000000699 	0.0000000000 	0.9997989869 	
78.5000000000 	0.7343238256 	0.0810778672 	0.1033066942 	0.0000000553 	0.0810904212 	0.0000000160 	0.0000000600 	0.0000000000 	0.9997989396 	
79.0000000000 	0.7344292032 	0.0811000130 	0.1031574492 	0.0000000530 	0.0811120724 	0.0000000148 	0.0000000528 	0.0000000000 	0.9997988584 	
79.5000000000 	0.7345332507 	0.0811211643 	0.1030107392 	0.0000000504 	0.0811335115 	0.0000000128 	0.0000000477 	0.0000000000 	0.9997987766 	
80.0000000000 	0.7346355203 	0.0811421957 	0.1028660066 	0.0000000070 	0.0811548607 	0.0000000036 	0.0000000040 	0.0000000000 	0.9997985980 	
80.5000000000 	0.7347382224 	0.0811630364 	0.1027208223 	0.0000000061 	0.0811761759 	0.0000000022 	0.0000000021 	0.0000000000 	0.9997982674 	
81.0000000000 	0.7348406374 	0.0811836585 	0.1025766720 	0.0000000056 	0.0811972817 	0.0000000018 	0.0000000022 	0.0000000000 	0.9997982591 	
81.5000000000 	0.7349411497 	0.0812039931 	0.1024348583 	0.0000000054 	0.0812182438 	0.0000000012 	0.0000000016 	0.0000000000 	0.9997982531 	
82.0000000000 	0.7350397947 	0.0812239425 	0.1022959783 	0.0000000054 	0.0812385243 	0.0000000007 	0.0000000010 	0.0000000000 	0.9997982468 	
82.5000000000 	0.7351378905 	0.0812436118 	0.1021586168 	0.0000000054 	0.0812581148 	0.0000000005 	0.0000000006 	0.0000000000 	0.9997982404 	
83.0000000000 	0.7352347068 	0.0812630224 	0.1020227694 	0.0000000054 	0.0812777303 	0.0000000004 	0.0000000008 	0.0000000000 	0.9997982356 	
83.5000000000 	0.7353305492 	0.0812821636 	0.1018884842 	0.0000000052 	0.0812970282 	0.0000000004 	0.0000000011 	0.0000000000 	0.9997982319 	
84.0000000000 	0.7354259103 	0.0813009716 	0.1017557996 	0.0000000049 	0.0813155409 	0.0000000004 	0.0000000012 	0.0000000000 	0.9997982289 	
84.5000000000 	0.7355208439 	0.0813193751 	0.1016246567 	0.0000000045 	0.0813333448 	0.0000000004 	0.0000000011 	0.0000000000 	0.9997982265 	
85.0000000000 	0.7356148852 	0.0813375216 	0.1014949550 	0.0000000039 	0.0813508574 	0.0000000004 	0.0000000010 	0.0000000000 	0.9997982244 	
85.5000000000 	0.7357080152 	0.0813553680 	0.1013667242 	0.0000000033 	0.0813681108 	0.0000000004 	0.0000000009 	0.0000000000 	0.9997982228 	
86.0000000000 	0.7358001745 	0.0813728526 	0.1012400643 	0.0000000028 	0.0813851259 	0.0000000004 	0.0000000008 	0.0000000000 	0.9997982213 	
86.5000000000 	0.7358914014 	0.0813899632 	0.1011149609 	0.0000000024 	0.0814018910 	0.0000000004 	0.0000000007 	0.0000000000 	0.9997982200 	
87.0000000000 	0.7359817578 	0.0814067339 	0.1009913132 	0.0000000020 	0.0814184109 	0.0000000004 	0.0000000006 	0.0000000000 	0.9997982188 	
87.5000000000 	0.7360712097 	0.0814231947 	0.1008691150 	0.0000000017 	0.0814346958 	0.0000000004 	0.0000000006 	0.0000000000 	0.9997982178 	
88.0000000000 	0.7361597035 	0.0814393185 	0.1007484548 	0.0000000015 	0.0814507377 	0.0000000003 	0.0000000006 	0.0000000000 	0.9997982169 	
88.5000000000 	0.7362472399 	0.0814550527 	0.1006294062 	0.0000000014 	0.0814665150 	0.0000000003 	0.0000000006 	0.0000000000 	0.9997982162 	
89.0000000000 	0.7363337714 	0.0814703950 	0.1005120285 	0.0000000012 	0.0814820184 	0.0000000003 	0.0000000006 	0.0000000000 	0.9997982154 	
89.5000000000 	0.7364192030 	0.0814853892 	0.1003963761 	0.0000000011 	0.0814972445 	0.0000000003 	0.0000000006 	0.0000000000 	0.9997982148 	
90.0000000000 	0.7365034955 	0.0815000516 	0.1002825068 	0.0000000011 	0.0815121584 	0.0000000002 	0.0000000006 	0.0000000000 	0.9997982142 	
90.5000000000 	0.7365866673 	0.0815143575 	0.1001704740 	0.0000000010 	0.0815267130 	0.0000000002 	0.0000000006 	0.0000000000 	0.9997982137 	
91.0000000000 	0.7366687337 	0.0815282888 	0.1000603149 	0.0000000009 	0.0815408741 	0.0000000002 	0.0000000006 	0.0000000000 	0.9997982132 	
91.5000000000 	0.7367497044 	0.0815418322 	0.0999520564 	0.0000000008 	0.0815546183 	0.0000000002 	0.0000000006 	0.0000000000 	0.9997982128 	
92.0000000000 	0.7368295751 	0.0815549769 	0.0998457295 	0.0000000007 	0.0815679296 	0.0000000002 	0.0000000005 	0.0000000000 	0.9997982124 	
92.5000000000 	0.7369083346 	0.0815677149 	0.0997413668 	0.0000000007 	0.0815807945 	0.0000000001 	0.0000000005 	0.0000000000 	0.9997982121 	
93.0000000000 	0.7369859756 	0.0815800409 	0.0996389902 	0.0000000006 	0.0815932039 	0.0000000001 	0.0000000005 	0.0000000000 	0.9997982118 	
93.5000000000 	0.7370624939 	0.0815919523 	0.0995386078 	0.0000000005 	0.0816051564 	0.0000000001 	0.0000000004 	0.0000000000 	0.9997982115 	
94.0000000000 	0.7371378884 	0.0816034467 	0.0994402204 	0.0000000005 	0.0816166547 	0.0000000001 	0.0000000004 	0.0000000000 	0.9997982112 	
94.5000000000 	0.7372121646 	0.0816145212 	0.0993438240 	0.0000000004 	0.0816277002 	0.0000000001 	0.0000000004 	0.0000000000 	0.9997982109 	
95.0000000000 	0.7372853302 	0.0816251733 	0.0992494123 	0.0000000004 	0.0816382940 	0.0000000001 	0.0000000003 	0.0000000000 	0.9997982107 	
95.5000000000 	0.7373573892 	0.0816354020 	0.0991569779 	0.0000000004 	0.0816484406 	0.0000000001 	0.0000000003 	0.0000000000 	0.9997982105 	
96.0000000000 	0.7374283404 	0.0816452077 	0.0990665142 	0.0000000004 	0.0816581472 	0.0000000001 	0.0000000003 	0.0000000000 	0.9997982102 	
96.5000000000 	0.7374981789 	0.0816545905 	0.0989780176 	0.0000000003 	0.0816674223 	0.0000000001 	0.0000000003 	0.0000000000 	0.9997982101 	
97.0000000000 	0.7375668980 	0.0816635502 	0.0988914873 	0.0000000003 	0.0816762738 	0.0000000001 	0.0000000002 	0.0000000000 	0.9997982099 	
97.5000000000 	0.7376344903 	0.0816720859 	0.0988069246 	0.0000000003 	0.0816847084 	0.0000000001 	0.0000000002 	0.0000000000 	0.9997982097 	
98.0000000000 	0.7377009475 	0.0816801968 	0.0987243336 	0.0000000003 	0.0816927311 	0.0000000001 	0.0000000002 	0.0000000000 	0.9997982096 	
98.5000000000 	0.7377662606 	0.0816878815 	0.0986437220 	0.0000000002 	0.0817003448 	0.0000000001 	0.0000000002 	0.0000000000 	0.9997982094 	
99.0000000000 	0.7378304196 	0.0816951375 	0.0985651012 	0.0000000002 	0.0817075505 	0.0000000000 	0.0000000002 	0.0000000000 	0.9997982093 	
99.5000000000 	0.7378934137 	0.0817019620 	0.0984884861 	0.0000000002 	0.0817143470 	0.0000000000 	0.0000000002 	0.0000000000 	0.9997982092 	
100.0000000000 	0.7379552314 	0.0817083518 	0.0984138940 	0.0000000002 	0.0817207315 	0.0000000000 	0.0000000002 	0.0000000000 	0.9997982091 	
100.5000000000 	0.7380158609 	0.0817143044 	0.0983413440 	0.0000000002 	0.0817266993 	0.0000000000 	0.0000000001 	0.0000000000 	0.9997982089 	
101.0000000000 	0.7380752916 	0.0817198167 	0.0982708560 	0.0000000002 	0.0817322443 	0.0000000000 	0.0000000001 	0.0000000000 	0.9997982089 	
101.5000000000 	0.7381335142 	0.0817248859 	0.0982024496 	0.0000000001 	0.0817373588 	0.0000000000 	0.0000000001 	0.0000000000 	0.9997982088 	
102.0000000000 	0.7381905214 	0.0817295087 	0.0981361435 	0.0000000001 	0.0817420348 	0.0000000000 	0.0000000001 	0.0000000000 	0.9997982087 	
102.5000000000 	0.7382463076 	0.0817336820 	0.0980719548 	0.0000000001 	0.0817462640 	0.0000000000 	0.0000000001 	0.0000000000 	0.9997982086 	
103.0000000000 	0.7383008685 	0.0817374023 	0.0980098989 	0.0000000001 	0.0817500386 	0.0000000000 	0.0000000001 	0.0000000000 	0.9997982085 	
103.5000000000 	0.7383542008 	0.0817406668 	0.0979499891 	0.0000000001 	0.0817533516 	0.0000000000 	0.0000000001 	0.0000000000 	0.9997982085 	
104.0000000000 	0.7384063023 	0.0817434725 	0.0978922363 	0.0000000001 	0.0817561972 	0.0000000000 	0.0000000001 	0.0000000000 	0.9997982084 	
104.5000000000 	0.7384571714 	0.0817458168 	0.0978366490 	0.0000000001 	0.0817585710 	0.0000000000 	0.0000000001 	0.0000000000 	0.9997982084 	
105.0000000000 	0.7385068072 	0.0817476977 	0.0977832335 	0.0000000001 	0.0817604698 	0.0000000000 	0.0000000001 	0.0000000000 	0.9997982083 	
105.5000000000 	0.7385552092 	0.0817491132 	0.0977319941 	0.0000000001 	0.0817618917 	0.0000000000 	0.0000000001 	0.0000000000 	0.9997982083 	
106.0000000000 	0.7386023772 	0.0817500616 	0.0976829333 	0.0000000001 	0.0817628360 	0.0000000000 	0.0000000001 	0.0000000000 	0.9997982082 	
106.5000000000 	0.7386483110 	0.0817505416 	0.0976360526 	0.0000000001 	0.0817633028 	0.0000000000 	0.0000000001 	0.0000000000 	0.9997982082 	
107.0000000000 	0.7386930104 	0.0817505522 	0.0975913523 	0.0000000001 	0.0817632931 	0.0000000000 	0.0000000001 	0.0000000000 	0.9997982082 	
107.5000000000 	0.7387364746 	0.0817500927 	0.0975488326 	0.0000000001 	0.0817628082 	0.0000000000 	0.0000000000 	0.0000000000 	0.9997982081 	
108.0000000000 	0.7387787027 	0.0817491623 	0.0975084932 	0.0000000001 	0.0817618498 	0.0000000000 	0.0000000000 	0.0000000000 	0.9997982081 	
108.5000000000 	0.7388196933 	0.0817477605 	0.0974703345 	0.0000000000 	0.0817604196 	0.0000000000 	0.0000000000 	0.0000000000 	0.9997982081 	
109.0000000000 	0.7388594449 	0.0817458870 	0.0974343570 	0.0000000000 	0.0817585190 	0.0000000000 	0.0000000000 	0.0000000000 	0.9997982080 	
109.5000000000 	0.7388979555 	0.0817435413 	0.0974005619 	0.0000000000 	0.0817561493 	0.0000000000 	0.0000000000 	0.0000000000 	0.9997982080 	
110.0000000000 	0.7389352229 	0.0817407230 	0.0973689509 	0.0000000000 	0.0817533112 	0.0000000000 	0.0000000000 	0.0000000000 	0.9997982080 	
110.5000000000 	0.7389712451 	0.0817374315 	0.0973395264 	0.0000000000 	0.0817500049 	0.0000000000 	0.0000000000 	0.0000000000 	0.9997982080 	
111.0000000000 	0.7390060197 	0.0817336664 	0.0973122915 	0.0000000000 	0.0817462303 	0.0000000000 	0.0000000000 	0.0000000000 	0.9997982080 	
111.5000000000 	0.7390395446 	0.0817294269 	0.0972872496 	0.0000000000 	0.0817419868 	0.0000000000 	0.0000000000 	0.0000000000 	0.9997982079 	
112.0000000000 	0.7390718180 	0.0817247124 	0.0972644043 	0.0000000000 	0.0817372731 	0.0000000000 	0.0000000000 	0.0000000000 	0.9997982079 	
112.5000000000 	0.7391028382 	0.0817195223 	0.0972437592 	0.0000000000 	0.0817320881 	0.0000000000 	0.0000000000 	0.0000000000 	0.9997982079 	
113.0000000000 	0.7391326041 	0.0817138559 	0.0972253180 	0.0000000000 	0.0817264299 	0.0000000000 	0.0000000000 	0.0000000000 	0.9997982079 	
113.5000000000 	0.7391611149 	0.0817077123 	0.0972090837 	0.0000000000 	0.0817202969 	0.0000000000 	0.0000000000 	0.0000000000 	0.9997982079 	
114.0000000000 	0.7391883704 	0.0817010911 	0.0971950589 	0.0000000000 	0.0817136874 	0.0000000000 	0.0000000000 	0.0000000000 	0.9997982079 	
114.5000000000 	0.7392143709 	0.0816939917 	0.0971832455 	0.0000000000 	0.0817065997 	0.0000000000 	0.0000000000 	0.0000000000 	0.9997982079 	
115.0000000000 	0.7392391171 	0.0816864135 	0.0971736447 	0.0000000000 	0.0816990325 	0.0000000000 	0.0000000000 	0.0000000000 	0.9997982079 	
115.5000000000 	0.7392626102 	0.0816783563 	0.0971662567 	0.0000000000 	0.0816909846 	0.0000000000 	0.0000000000 	0.0000000000 	0.9997982079 	
116.0000000000 	0.7392848519 	0.0816698198 	0.0971610808 	0.0000000000 	0.0816824553 	0.0000000000 	0.0000000000 	0.0000000000 	0.9997982079 	
116.5000000000 	0.7393058442 	0.0816608039 	0.0971581157 	0.0000000000 	0.0816734440 	0.0000000000 	0.0000000000 	0.0000000000 	0.9997982078 	
117.0000000000 	0.7393255894 	0.0816513088 	0.0971573588 	0.0000000000 	0.0816639509 	0.0000000000 	0.0000000000 	0.0000000000 	0.9997982078 	
117.5000000000 	0.7393440899 	0.0816413346 	0.0971588072 	0.0000000000 	0.0816539760 	0.0000000000 	0.0000000000 	0.0000000000 	0.9997982078 	
118.0000000000 	0.7393613486 	0.0816308818 	0.0971624572 	0.0000000000 	0.0816435202 	0.0000000000 	0.0000000000 	0.0000000000 	0.9997982078 	
118.5000000000 	0.7393773682 	0.0816199508 	0.0971683045 	0.0000000000 	0.0816325843 	0.0000000000 	0.0000000000 	0.0000000000 	0.9997982078 	
119.0000000000 	0.7393921518 	0.0816085423 	0.0971763443 	0.0000000000 	0.0816211694 	0.0000000000 	0.0000000000 	0.0000000000 	0.9997982078 	
119.5000000000 	0.7394057023 	0.0815966571 	0.0971865716 	0.0000000000 	0.0816092768 	0.0000000000 	0.0000000000 	0.0000000000 	0.9997982078 	
120.0000000000 	0.7394180229 	0.0815842960 	0.0971989810 	0.0000000000 	0.0815969079 	0.0000000000 	0.0000000000 	0.0000000000 	0.9997982078 	
120.5000000000 	0.7394291168 	0.0815714599 	0.0972135669 	0.0000000000 	0.0815840642 	0.0000000000 	0.0000000000 	0.0000000000 	0.9997982078 	
121.0000000000 	0.7394389872 	0.0815581498 	0.0972303237 	0.0000000000 	0.0815707470 	0.0000000000 	0.0000000000 	0.0000000000 	0.9997982078 	
121.5000000000 	0.7394476375 	0.0815443669 	0.0972492456 	0.0000000000 	0.0815569578 	0.0000000000 	0.0000000000 	0.0000000000 	0.9997982078 	
122.0000000000 	0.7394550711 	0.0815301122 	0.0972703265 	0.0000000000 	0.0815426980 	0.0000000000 	0.0000000000 	0.0000000000 	0.9997982078 	
122.5000000000 	0.7394612916 	0.0815153869 	0.0972935605 	0.0000000000 	0.0815279688 	0.0000000000 	0.0000000000 	0.0000000000 	0.9997982078 	
123.0000000000 	0.7394663028 	0.0815001922 	0.0973189413 	0.0000000000 	0.0815127715 	0.0000000000 	0.0000000000 	0.0000000000 	0.9997982078 	
123.5000000000 	0.7394701086 	0.0814845293 	0.0973464626 	0.0000000000 	0.0814971072 	0.0000000000 	0.0000000000 	0.0000000000 	0.9997982078 	
124.0000000000 	0.7394727133 	0.0814683996 	0.0973761177 	0.0000000000 	0.0814809772 	0.0000000000 	0.0000000000 	0.0000000000 	0.9997982078 	
124.5000000000 	0.7394741212 	0.0814518044 	0.0974078998 	0.0000000000 	0.0814643825 	0.0000000000 	0.0000000000 	0.0000000000 	0.9997982078 	
125.0000000000 	0.7394743369 	0.0814347450 	0.0974418015 	0.0000000000 	0.0814473243 	0.0000000000 	0.0000000000 	0.0000000000 	0.9997982078 	
125.5000000000 	0.7394733655 	0.0814172230 	0.0974778154 	0.0000000000 	0.0814298039 	0.0000000000 	0.0000000000 	0.0000000000 	0.9997982078 	
126.0000000000 	0.7394712121 	0.0813992399 	0.0975159334 	0.0000000000 	0.0814118224 	0.0000000000 	0.0000000000 	0.0000000000 	0.9997982078 	
126.5000000000 	0.7394678822 	0.0813807972 	0.0975561470 	0.0000000000 	0.0813933814 	0.0000000000 	0.0000000000 	0.0000000000 	0.9997982078 	
127.0000000000 	0.7394633814 	0.0813618967 	0.0975984474 	0.0000000000 	0.0813744822 	0.0000000000 	0.0000000000 	0.0000000000 	0.9997982078 	
127.5000000000 	0.7394577159 	0.0813425402 	0.0976428251 	0.0000000000 	0.0813551266 	0.0000000000 	0.0000000000 	0.0000000000 	0.9997982078 	
128.0000000000 	0.7394508917 	0.0813227296 	0.0976892703 	0.0000000000 	0.0813353163 	0.0000000000 	0.0000000000 	0.0000000000 	0.9997982078 	
128.5000000000 	0.7394429153 	0.0813024667 	0.0977377727 	0.0000000000 	0.0813150531 	0.0000000000 	0.0000000000 	0.0000000000 	0.9997982078 	
129.0000000000 	0.7394337934 	0.0812817537 	0.0977883214 	0.0000000000 	0.0812943392 	0.0000000000 	0.0000000000 	0.0000000000 	0.9997982078 	
129.5000000000 	0.7394235329 	0.0812605928 	0.0978409053 	0.0000000000 	0.0812731769 	0.0000000000 	0.0000000000 	0.0000000000 	0.9997982078 	
130.0000000000 	0.7394121406 	0.0812389862 	0.0978955127 	0.0000000000 	0.0812515683 	0.0000000000 	0.0000000000 	0.0000000000 	0.9997982078 	
130.5000000000 	0.7393996239 	0.0812169362 	0.0979521318 	0.0000000000 	0.0812295159 	0.0000000000 	0.0000000000 	0.0000000000 	0.9997982078 	
131.0000000000 	0.7393859901 	0.0811944453 	0.0980107501 	0.0000000000 	0.0812070224 	0.0000000000 	0.0000000000 	0.0000000000 	0.9997982078 	
131.5000000000 	0.7393712467 	0.0811715159 	0.0980713550 	0.0000000000 	0.0811840902 	0.0000000000 	0.0000000000 	0.0000000000 	0.9997982078 	
132.0000000000 	0.7393554013 	0.0811481507 	0.0981339335 	0.0000000000 	0.0811607222 	0.0000000000 	0.0000000000 	0.0000000000 	0.9997982078 	
132.5000000000 	0.7393384618 	0.0811243524 	0.0981984725 	0.0000000000 	0.0811369211 	0.0000000000 	0.0000000000 	0.0000000000 	0.9997982078 	
133.0000000000 	0.7393204361 	0.0811001236 	0.0982649583 	0.0000000000 	0.0811126898 	0.0000000000 	0.0000000000 	0.0000000000 	0.9997982078 	
133.5000000000 	0.7393013324 	0.0810754672 	0.0983333773 	0.0000000000 	0.0810880310 	0.0000000000 	0.0000000000 	0.0000000000 	0.9997982078 	
134.0000000000 	0.7392811588 	0.0810503859 	0.0984037154 	0.0000000000 	0.0810629476 	0.0000000000 	0.0000000000 	0.0000000000 	0.9997982078 	
134.5000000000 	0.7392599240 	0.0810248828 	0.0984759583 	0.0000000000 	0.0810374427 	0.0000000000 	0.0000000000 	0.0000000000 	0.9997982078 	
135.0000000000 	0.7392376364 	0.0809989608 	0.0985500914 	0.0000000000 	0.0810115192 	0.0000000000 	0.0000000000 	0.0000000000 	0.9997982078 	
135.5000000000 	0.7392143049 	0.0809726230 	0.0986260998 	0.0000000000 	0.0809851802 	0.0000000000 	0.0000000000 	0.0000000000 	0.9997982078 	
136.0000000000 	0.7391899384 	0.0809458724 	0.0987039685 	0.0000000000 	0.0809584285 	0.0000000000 	0.0000000000 	0.0000000000 	0.9997982079 	
136.5000000000 	0.7391645462 	0.0809187122 	0.0987836819 	0.0000000000 	0.0809312675 	0.0000000000 	0.0000000000 	0.0000000000 	0.9997982079 	
137.0000000000 	0.7391381374 	0.0808911457 	0.0988652244 	0.0000000000 	0.0809037003 	0.0000000000 	0.0000000000 	0.0000000000 	0.9997982079 	
137.5000000000 	0.7391107218 	0.0808631761 	0.0989485799 	0.0000000000 	0.0808757300 	0.0000000000 	0.0000000000 	0.0000000000 	0.9997982079 	
138.0000000000 	0.7390823089 	0.0808348068 	0.0990337321 	0.0000000000 	0.0808473601 	0.0000000000 	0.0000000000 	0.0000000000 	0.9997982079 	
138.5000000000 	0.7390529086 	0.0808060413 	0.0991206641 	0.0000000000 	0.0808185938 	0.0000000000 	0.0000000000 	0.0000000000 	0.9997982079 	
139.0000000000 	0.7390225312 	0.0807768830 	0.0992093590 	0.0000000000 	0.0807894347 	0.0000000000 	0.0000000000 	0.0000000000 	0.9997982079 	
139.5000000000 	0.7389911866 	0.0807473355 	0.0992997995 	0.0000000000 	0.0807598863 	0.0000000000 	0.0000000000 	0.0000000000 	0.9997982079 	
140.0000000000 	0.7389588855 	0.0807174024 	0.0993919679 	0.0000000000 	0.0807299521 	0.0000000000 	0.0000000000 	0.0000000000 	0.9997982079 	
140.5000000000 	0.7389256383 	0.0806870874 	0.0994858461 	0.0000000000 	0.0806996360 	0.0000000000 	0.0000000000 	0.0000000000 	0.9997982079 	
141.0000000000 	0.7388914559 	0.0806563944 	0.0995814160 	0.0000000000 	0.0806689416 	0.0000000000 	0.0000000000 	0.0000000000 	0.9997982079 	
141.5000000000 	0.7388563490 	0.0806253271 	0.0996786588 	0.0000000000 	0.0806378729 	0.0000000000 	0.0000000000 	0.0000000000 	0.9997982079 	
142.0000000000 	0.7388203288 	0.0805938895 	0.0997775558 	0.0000000000 	0.0806064337 	0.0000000000 	0.0000000000 	0.0000000000 	0.9997982079 	
142.5000000000 	0.7387834065 	0.0805620855 	0.0998780878 	0.0000000000 	0.0805746282 	0.0000000000 	0.0000000000 	0.0000000000 	0.9997982079 	
143.0000000000 	0.7387455933 	0.0805299192 	0.0999802353 	0.0000000000 	0.0805424602 	0.0000000000 	0.0000000000 	0.0000000000 	0.9997982079 	
143.5000000000 	0.7387069007 	0.0804973946 	0.1000839785 	0.0000000000 	0.0805099340 	0.0000000000 	0.0000000000 	0.0000000000 	0.9997982079 	
144.0000000000 	0.7386673405 	0.0804645160 	0.1001892977 	0.0000000000 	0.0804770537 	0.0000000000 	0.0000000000 	0.0000000000 	0.9997982079 	
144.5000000000 	0.7386269242 	0.0804312876 	0.1002961725 	0.0000000000 	0.0804438236 	0.0000000000 	0.0000000000 	0.0000000000 	0.9997982079 	
145.0000000000 	0.7385856637 	0.0803977136 	0.1004045825 	0.0000000000 	0.0804102480 	0.0000000000 	0.0000000000 	0.0000000000 	0.9997982079 	
145.5000000000 	0.7385435712 	0.0803637984 	0.1005145070 	0.0000000000 	0.0803763313 	0.0000000000 	0.0000000000 	0.0000000000 	0.9997982079 	
146.0000000000 	0.7385006588 	0.0803295463 	0.1006259251 	0.0000000000 	0.0803420777 	0.0000000000 	0.0000000000 	0.0000000000 	0.9997982079 	
146.5000000000 	0.7384569386 	0.0802949619 	0.1007388156 	0.0000000000 	0.0803074918 	0.0000000000 	0.0000000000 	0.0000000000 	0.9997982079 	
147.0000000000 	0.7384124232 	0.0802600495 	0.1008531571 	0.0000000000 	0.0802725781 	0.0000000000 	0.0000000000 	0.0000000000 	0.9997982079 	
147.5000000000 	0.7383671251 	0.0802248137 	0.1009689280 	0.0000000000 	0.0802373411 	0.0000000000 	0.0000000000 	0.0000000000 	0.9997982079 	
148.0000000000 	0.7383210570 	0.0801892592 	0.1010861064 	0.0000000000 	0.0802017853 	0.0000000000 	0.0000000000 	0.0000000000 	0.9997982079 	
148.5000000000 	0.7382742317 	0.0801533906 	0.1012046702 	0.0000000000 	0.0801659154 	0.0000000000 	0.0000000000 	0.0000000000 	0.9997982079 	
149.0000000000 	0.7382266620 	0.0801172126 	0.1013245971 	0.0000000000 	0.0801297362 	0.0000000000 	0.0000000000 	0.0000000000 	0.9997982079 	
149.5000000000 	0.7381783612 	0.0800807299 	0.1014458646 	0.0000000000 	0.0800932523 	0.0000000000 	0.0000000000 	0.0000000000 	0.9997982079 	
150.0000000000 	0.7381293423 	0.0800439473 	0.1015684498 	0.0000000000 	0.0800564685 	0.0000000000 	0.0000000000 	0.0000000000 	0.9997982079 	
150.5000000000 	0.7380796187 	0.0800068698 	0.1016923298 	0.0000000000 	0.0800193897 	0.0000000000 	0.0000000000 	0.0000000000 	0.9997982079 	
151.0000000000 	0.7380292037 	0.0799695021 	0.1018174813 	0.0000000000 	0.0799820208 	0.0000000000 	0.0000000000 	0.0000000000 	0.9997982079 	
151.5000000000 	0.7379781111 	0.0799318493 	0.1019438809 	0.0000000000 	0.0799443667 	0.0000000000 	0.0000000000 	0.0000000000 	0.9997982079 	
152.0000000000 	0.7379263543 	0.0798939163 	0.1020715049 	0.0000000000 	0.0799064324 	0.0000000000 	0.0000000000 	0.0000000000 	0.9997982079 	
152.5000000000 	0.7378739472 	0.0798557082 	0.1022003296 	0.0000000000 	0.0798682230 	0.0000000000 	0.0000000000 	0.0000000000 	0.9997982079 	
153.0000000000 	0.7378209036 	0.0798172301 	0.1023303307 	0.0000000000 	0.0798297435 	0.0000000000 	0.0000000000 	0.0000000000 	0.9997982079 	
153.5000000000 	0.7377672376 	0.0797784871 	0.1024614841 	0.0000000000 	0.0797909992 	0.0000000000 	0.0000000000 	0.0000000000 	0.9997982080 	
154.0000000000 	0.7377129632 	0.0797394844 	0.1025937653 	0.0000000000 	0.0797519951 	0.0000000000 	0.0000000000 	0.0000000000 	0.9997982080 	
154.5000000000 	0.7376580945 	0.0797002272 	0.1027271496 	0.0000000000 	0.0797127366 	0.0000000000 	0.0000000000 	0.0000000000 	0.9997982080 	
155.0000000000 	0.7376026459 	0.0796607209 	0.1028616123 	0.0000000000 	0.0796732288 	0.0000000000 	0.0000000000 	0.0000000000 	0.9997982080 	
155.5000000000 	0.7375466317 	0.0796209707 	0.1029971284 	0.0000000000 	0.0796334772 	0.0000000000 	0.0000000000 	0.0000000000 	0.9997982080 	
156.0000000000 	0.7374900663 	0.0795809820 	0.1031336726 	0.0000000000 	0.0795934871 	0.0000000000 	0.0000000000 	0.0000000000 	0.9997982080 	
156.5000000000 	0.7374329644 	0.0795407601 	0.1032712197 	0.0000000000 	0.0795532638 	0.0000000000 	0.0000000000 	0.0000000000 	0.9997982080 	
157.0000000000 	0.7373753404 	0.0795003106 	0.1034097441 	0.0000000000 	0.0795128128 	0.0000000000 	0.0000000000 	0.0000000000 	0.9997982080 	
157.5000000000 	0.7373172093 	0.0794596388 	0.1035492203 	0.0000000000 	0.0794721397 	0.0000000000 	0.0000000000 	0.0000000000 	0.9997982080 	
158.0000000000 	0.7372585856 	0.0794187503 	0.1036896223 	0.0000000000 	0.0794312498 	0.0000000000 	0.0000000000 	0.0000000000 	0.9997982080 	
158.5000000000 	0.7371994844 	0.0793776506 	0.1038309243 	0.0000000000 	0.0793901487 	0.0000000000 	0.0000000000 	0.0000000000 	0.9997982080 	
159.0000000000 	0.7371399206 	0.0793363452 	0.1039731002 	0.0000000000 	0.0793488420 	0.0000000000 	0.0000000000 	0.0000000000 	0.9997982080 	
159.5000000000 	0.7370799091 	0.0792948399 	0.1041161237 	0.0000000000 	0.0793073353 	0.0000000000 	0.0000000000 	0.0000000000 	0.9997982080 	
160.0000000000 	0.7370194651 	0.0792531402 	0.1042599685 	0.0000000000 	0.0792656343 	0.0000000000 	0.0000000000 	0.0000000000 	0.9997982080 	
160.5000000000 	0.7369586037 	0.0792112517 	0.1044046080 	0.0000000000 	0.0792237445 	0.0000000000 	0.0000000000 	0.0000000000 	0.9997982080 	
161.0000000000 	0.7368973402 	0.0791691803 	0.1045500157 	0.0000000000 	0.0791816718 	0.0000000000 	0.0000000000 	0.0000000000 	0.9997982080 	
161.5000000000 	0.7368356899 	0.0791269316 	0.1046961647 	0.0000000000 	0.0791394218 	0.0000000000 	0.0000000000 	0.0000000000 	0.9997982080 	
162.0000000000 	0.7367736681 	0.0790845114 	0.1048430283 	0.0000000000 	0.0790970002 	0.0000000000 	0.0000000000 	0.0000000000 	0.9997982080 	
162.5000000000 	0.7367112903 	0.0790419254 	0.1049905793 	0.0000000000 	0.0790544129 	0.0000000000 	0.0000000000 	0.0000000000 	0.9997982080 	
163.0000000000 	0.7366485719 	0.0789991795 	0.1051387908 	0.0000000000 	0.0790116657 	0.0000000000 	0.0000000000 	0.0000000000 	0.9997982080 	
163.5000000000 	0.7365855285 	0.0789562796 	0.1052876355 	0.0000000000 	0.0789687644 	0.0000000000 	0.0000000000 	0.0000000000 	0.9997982080 	
164.0000000000 	0.7365221757 	0.0789132314 	0.1054370860 	0.0000000000 	0.0789257149 	0.0000000000 	0.0000000000 	0.0000000000 	0.9997982080 	
164.5000000000 	0.7364585290 	0.0788700409 	0.1055871150 	0.0000000000 	0.0788825231 	0.0000000000 	0.0000000000 	0.0000000000 	0.9997982080 	
165.0000000000 	0.7363946042 	0.0788267140 	0.1057376950 	0.0000000000 	0.0788391948 	0.0000000000 	0.0000000000 	0.0000000000 	0.9997982080 	
165.5000000000 	0.7363304170 	0.0787832566 	0.1058887983 	0.0000000000 	0.0787957361 	0.0000000000 	0.0000000000 	0.0000000000 	0.9997982080 	
166.0000000000 	0.7362659831 	0.0787396748 	0.1060403973 	0.0000000000 	0.0787521529 	0.0000000000 	0.0000000000 	0.0000000000 	0.9997982080 	
166.5000000000 	0.7362013184 	0.0786959743 	0.1061924643 	0.0000000000 	0.0787084511 	0.0000000000 	0.0000000000 	0.0000000000 	0.9997982080 	
167.0000000000 	0.7361364386 	0.0786521613 	0.1063449713 	0.0000000000 	0.0786646367 	0.0000000000 	0.0000000000 	0.0000000000 	0.9997982080 	
167.5000000000 	0.7360713597 	0.0786082418 	0.1064978906 	0.0000000000 	0.0786207158 	0.0000000000 	0.0000000000 	0.0000000000 	0.9997982080 	
168.0000000000 	0.7360060976 	0.0785642218 	0.1066511942 	0.0000000000 	0.0785766945 	0.0000000000 	0.0000000000 	0.0000000000 	0.9997982080 	
168.5000000000 	0.7359406681 	0.0785201073 	0.1068048540 	0.0000000000 	0.0785325786 	0.0000000000 	0.0000000000 	0.0000000000 	0.9997982080 	
169.0000000000 	0.7358750872 	0.0784759044 	0.1069588420 	0.0000000000 	0.0784883744 	0.0000000000 	0.0000000000 	0.0000000000 	0.9997982080 	
169.5000000000 	0.7358093709 	0.0784316192 	0.1071131301 	0.0000000000 	0.0784440878 	0.0000000000 	0.0000000000 	0.0000000000 	0.9997982080 	
170.0000000000 	0.7357435352 	0.0783872578 	0.1072676900 	0.0000000000 	0.0783997251 	0.0000000000 	0.0000000000 	0.0000000000 	0.9997982081 	
170.5000000000 	0.7356775960 	0.0783428262 	0.1074224937 	0.0000000000 	0.0783552921 	0.0000000000 	0.0000000000 	0.0000000000 	0.9997982081 	
171.0000000000 	0.7356115694 	0.0782983306 	0.1075775128 	0.0000000000 	0.0783107952 	0.0000000000 	0.0000000000 	0.0000000000 	0.9997982081 	
171.5000000000 	0.7355454714 	0.0782537771 	0.1077327192 	0.0000000000 	0.0782662404 	0.0000000000 	0.0000000000 	0.0000000000 	0.9997982081 	
172.0000000000 	0.7354793181 	0.0782091718 	0.1078880844 	0.0000000000 	0.0782216337 	0.0000000000 	0.0000000000 	0.0000000000 	0.9997982081 	
172.5000000000 	0.7354131254 	0.0781645209 	0.1080435803 	0.0000000000 	0.0781769814 	0.0000000000 	0.0000000000 	0.0000000000 	0.9997982081 	
173.0000000000 	0.7353469095 	0.0781198305 	0.1081991785 	0.0000000000 	0.0781322897 	0.0000000000 	0.0000000000 	0.0000000000 	0.9997982081 	
173.5000000000 	0.7352806863 	0.0780751067 	0.1083548506 	0.0000000000 	0.0780875645 	0.0000000000 	0.0000000000 	0.0000000000 	0.9997982081 	
174.0000000000 	0.7352144719 	0.0780303557 	0.1085105683 	0.0000000000 	0.0780428122 	0.0000000000 	0.0000000000 	0.0000000000 	0.9997982081 	
174.5000000000 	0.7351482824 	0.0779855836 	0.1086663032 	0.0000000000 	0.0779980388 	0.0000000000 	0.0000000000 	0.0000000000 	0.9997982081 	
175.0000000000 	0.7350821338 	0.0779407966 	0.1088220271 	0.0000000000 	0.0779532505 	0.0000000000 	0.0000000000 	0.0000000000 	0.9997982081 	
175.5000000000 	0.7350160421 	0.0778960010 	0.1089777116 	0.0000000000 	0.0779084534 	0.0000000000 	0.0000000000 	0.0000000000 	0.9997982081 	
176.0000000000 	0.7349500232 	0.0778512027 	0.1091333283 	0.0000000000 	0.0778636538 	0.0000000000 	0.0000000000 	0.0000000000 	0.9997982081 	
176.5000000000 	0.7348840933 	0.0778064080 	0.1092888490 	0.0000000000 	0.0778188578 	0.0000000000 	0.0000000000 	0.0000000000 	0.9997982081 	
177.0000000000 	0.7348182682 	0.0777616230 	0.1094442454 	0.0000000000 	0.0777740715 	0.0000000000 	0.0000000000 	0.0000000000 	0.9997982081 	
177.5000000000 	0.7347525638 	0.0777168540 	0.1095994892 	0.0000000000 	0.0777293011 	0.0000000000 	0.0000000000 	0.0000000000 	0.9997982081 	
178.0000000000 	0.7346869963 	0.0776721069 	0.1097545522 	0.0000000000 	0.0776845527 	0.0000000000 	0.0000000000 	0.0000000000 	0.9997982081 	
178.5000000000 	0.7346215813 	0.0776273881 	0.1099094062 	0.0000000000 	0.0776398325 	0.0000000000 	0.0000000000 	0.0000000000 	0.9997982081 	
179.0000000000 	0.7345563348 	0.0775827036 	0.1100640231 	0.0000000000 	0.0775951467 	0.0000000000 	0.0000000000 	0.0000000000 	0.9997982081 	
179.5000000000 	0.7344912726 	0.0775380595 	0.1102183748 	0.0000000000 	0.0775505012 	0.0000000000 	0.0000000000 	0.0000000000 	0.9997982081 	
180.0000000000 	0.7344264105 	0.0774934620 	0.1103724332 	0.0000000000 	0.0775059024 	0.0000000000 	0.0000000000 	0.0000000000 	0.9997982081 	
180.5000000000 	0.7343617642 	0.0774489172 	0.1105261704 	0.0000000000 	0.0774613563 	0.0000000000 	0.0000000000 	0.0000000000 	0.9997982081 	
181.0000000000 	0.7342973496 	0.0774044313 	0.1106795583 	0.0000000000 	0.0774168690 	0.0000000000 	0.0000000000 	0.0000000000 	0.9997982081 	
181.5000000000 	0.7342331822 	0.0773600102 	0.1108325692 	0.0000000000 	0.0773724465 	0.0000000000 	0.0000000000 	0.0000000000 	0.9997982081 	
182.0000000000 	0.7341692777 	0.0773156601 	0.1109851753 	0.0000000000 	0.0773280951 	0.0000000000 	0.0000000000 	0.0000000000 	0.9997982081 	
182.5000000000 	0.7341056517 	0.0772713870 	0.1111373488 	0.0000000000 	0.0772838206 	0.0000000000 	0.0000000000 	0.0000000000 	0.9997982081 	
183.0000000000 	0.7340423196 	0.0772271970 	0.1112890621 	0.0000000000 	0.0772396293 	0.0000000000 	0.0000000000 	0.0000000000 	0.9997982081 	
183.5000000000 	0.7339792971 	0.0771830962 	0.1114402877 	0.0000000000 	0.0771955272 	0.0000000000 	0.0000000000 	0.0000000000 	0.9997982081 	
184.0000000000 	0.7339165994 	0.0771390905 	0.1115909981 	0.0000000000 	0.0771515201 	0.0000000000 	0.0000000000 	0.0000000000 	0.9997982081 	
184.5000000000 	0.7338542420 	0.0770951860 	0.1117411658 	0.0000000000 	0.0771076143 	0.0000000000 	0.0000000000 	0.0000000000 	0.9997982081 	
185.0000000000 	0.7337922402 	0.0770513886 	0.1118907637 	0.0000000000 	0.0770638156 	0.0000000000 	0.0000000000 	0.0000000000 	0.9997982081 	
185.5000000000 	0.7337306092 	0.0770077044 	0.1120397646 	0.0000000000 	0.0770201300 	0.0000000000 	0.0000000000 	0.0000000000 	0.9997982081 	
186.0000000000 	0.7336693641 	0.0769641392 	0.1121881413 	0.0000000000 	0.0769765635 	0.0000000000 	0.0000000000 	0.0000000000 	0.9997982081 	
186.5000000000 	0.7336085201 	0.0769206991 	0.1123358670 	0.0000000000 	0.0769331220 	0.0000000000 	0.0000000000 	0.0000000000 	0.9997982082 	
187.0000000000 	0.7335480922 	0.0768773898 	0.1124829148 	0.0000000000 	0.0768898114 	0.0000000000 	0.0000000000 	0.0000000000 	0.9997982082 	
187.5000000000 	0.7334880953 	0.0768342173 	0.1126292580 	0.0000000000 	0.0768466375 	0.0000000000 	0.0000000000 	0.0000000000 	0.9997982082 	
188.0000000000 	0.7334285444 	0.0767911874 	0.1127748700 	0.0000000000 	0.0768036063 	0.0000000000 	0.0000000000 	0.0000000000 	0.9997982082 	
188.5000000000 	0.7333694542 	0.0767483060 	0.1129197244 	0.0000000000 	0.0767607236 	0.0000000000 	0.0000000000 	0.0000000000 	0.9997982082 	
189.0000000000 	0.7333108394 	0.0767055789 	0.1130637947 	0.0000000000 	0.0767179952 	0.0000000000 	0.0000000000 	0.0000000000 	0.9997982082 	
189.5000000000 	0.7332527147 	0.0766630119 	0.1132070548 	0.0000000000 	0.0766754267 	0.0000000000 	0.0000000000 	0.0000000000 	0.9997982082 	
190.0000000000 	0.7331950947 	0.0766206106 	0.1133494788 	0.0000000000 	0.0766330241 	0.0000000000 	0.0000000000 	0.0000000000 	0.9997982082 	
190.5000000000 	0.7331379937 	0.0765783809 	0.1134910406 	0.0000000000 	0.0765907931 	0.0000000000 	0.0000000000 	0.0000000000 	0.9997982082 	
191.0000000000 	0.7330814262 	0.0765363283 	0.1136317145 	0.0000000000 	0.0765487392 	0.0000000000 	0.0000000000 	0.0000000000 	0.9997982082 	
191.5000000000 	0.7330254064 	0.0764944587 	0.1137714750 	0.0000000000 	0.0765068682 	0.0000000000 	0.0000000000 	0.0000000000 	0.9997982082 	
192.0000000000 	0.7329699484 	0.0764527775 	0.1139102966 	0.0000000000 	0.0764651857 	0.0000000000 	0.0000000000 	0.0000000000 	0.9997982082 	
192.5000000000 	0.7329150665 	0.0764112904 	0.1140481540 	0.0000000000 	0.0764236973 	0.0000000000 	0.0000000000 	0.0000000000 	0.9997982082 	
193.0000000000 	0.7328607745 	0.0763700030 	0.1141850221 	0.0000000000 	0.0763824085 	0.0000000000 	0.0000000000 	0.0000000000 	0.9997982082 	
193.5000000000 	0.7328070864 	0.0763289208 	0.1143208761 	0.0000000000 	0.0763413249 	0.0000000000 	0.0000000000 	0.0000000000 	0.9997982082 	
194.0000000000 	0.7327540158 	0.0762880492 	0.1144556911 	0.0000000000 	0.0763004520 	0.0000000000 	0.0000000000 	0.0000000000 	0.9997982082 	
194.5000000000 	0.7327015765 	0.0762473938 	0.1145894427 	0.0000000000 	0.0762597953 	0.0000000000 	0.0000000000 	0.0000000000 	0.9997982082 	
195.0000000000 	0.7326497820 	0.0762069599 	0.1147221063 	0.0000000000 	0.0762193600 	0.0000000000 	0.0000000000 	0.0000000000 	0.9997982082 	
195.5000000000 	0.7325986457 	0.0761667529 	0.1148536579 	0.0000000000 	0.0761791517 	0.0000000000 	0.0000000000 	0.0000000000 	0.9997982082 	
196.0000000000 	0.7325481810 	0.0761267782 	0.1149840734 	0.0000000000 	0.0761391756 	0.0000000000 	0.0000000000 	0.0000000000 	0.9997982082 	
196.5000000000 	0.7324984010 	0.0760870410 	0.1151133291 	0.0000000000 	0.0760994371 	0.0000000000 	0.0000000000 	0.0000000000 	0.9997982082 	
197.0000000000 	0.7324493189 	0.0760475466 	0.1152414013 	0.0000000000 	0.0760599414 	0.0000000000 	0.0000000000 	0.0000000000 	0.9997982082 	
197.5000000000 	0.7324009476 	0.0760083003 	0.1153682666 	0.0000000000 	0.0760206937 	0.0000000000 	0.0000000000 	0.0000000000 	0.9997982082 	
198.0000000000 	0.7323532999 	0.0759693071 	0.1154939019 	0.0000000000 	0.0759816992 	0.0000000000 	0.0000000000 	0.0000000000 	0.9997982082 	
198.5000000000 	0.7323063887 	0.0759305723 	0.1156182842 	0.0000000000 	0.0759429631 	0.0000000000 	0.0000000000 	0.0000000000 	0.9997982082 	
199.0000000000 	0.7322602263 	0.0758921009 	0.1157413907 	0.0000000000 	0.0759044903 	0.0000000000 	0.0000000000 	0.0000000000 	0.9997982082 	
199.5000000000 	0.7322148254 	0.0758538979 	0.1158631990 	0.0000000000 	0.0758662860 	0.0000000000 	0.0000000000 	0.0000000000 	0.9997982082 	
200.0000000000 	0.7321701982 	0.0758159683 	0.1159836866 	0.0000000000 	0.0758283551 	0.0000000000 	0.0000000000 	0.0000000000 	0.9997982082 	
200.5000000000 	0.7321263570 	0.0757783171 	0.1161028316 	0.0000000000 	0.0757907026 	0.0000000000 	0.0000000000 	0.0000000000 	0.9997982082 	
201.0000000000 	0.7320833137 	0.0757409492 	0.1162206120 	0.0000000000 	0.0757533333 	0.0000000000 	0.0000000000 	0.0000000000 	0.9997982082 	
201.5000000000 	0.7320410803 	0.0757038695 	0.1163370063 	0.0000000000 	0.0757162522 	0.0000000000 	0.0000000000 	0.0000000000 	0.9997982082 	
202.0000000000 	0.7319996686 	0.0756670826 	0.1164519931 	0.0000000000 	0.0756794640 	0.0000000000 	0.0000000000 	0.0000000000 	0.9997982082 	
202.5000000000 	0.7319590902 	0.0756305934 	0.1165655512 	0.0000000000 	0.0756429735 	0.0000000000 	0.0000000000 	0.0000000000 	0.9997982083 	
203.0000000000 	0.7319193566 	0.0755944065 	0.1166776598 	0.0000000000 	0.0756067853 	0.0000000000 	0.0000000000 	0.0000000000 	0.9997982083 	
203.5000000000 	0.7318804791 	0.0755585267 	0.1167882983 	0.0000000000 	0.0755709041 	0.0000000000 	0.0000000000 	0.0000000000 	0.9997982083 	
204.0000000000 	0.7318424690 	0.0755229585 	0.1168974463 	0.0000000000 	0.0755353345 	0.0000000000 	0.0000000000 	0.0000000000 	0.9997982083 	
204.5000000000 	0.7318053373 	0.0754877063 	0.1170050836 	0.0000000000 	0.0755000811 	0.0000000000 	0.0000000000 	0.0000000000 	0.9997982083 	
205.0000000000 	0.7317690948 	0.0754527748 	0.1171111904 	0.0000000000 	0.0754651482 	0.0000000000 	0.0000000000 	0.0000000000 	0.9997982083 	
205.5000000000 	0.7317337524 	0.0754181684 	0.1172157471 	0.0000000000 	0.0754305404 	0.0000000000 	0.0000000000 	0.0000000000 	0.9997982083 	
206.0000000000 	0.7316993205 	0.0753838913 	0.1173187343 	0.0000000000 	0.0753962621 	0.0000000000 	0.0000000000 	0.0000000000 	0.9997982083 	
206.5000000000 	0.7316658098 	0.0753499480 	0.1174201331 	0.0000000000 	0.0753623174 	0.0000000000 	0.0000000000 	0.0000000000 	0.9997982083 	
207.0000000000 	0.7316332303 	0.0753163427 	0.1175199246 	0.0000000000 	0.0753287107 	0.0000000000 	0.0000000000 	0.0000000000 	0.9997982083 	
207.5000000000 	0.7316015922 	0.0752830796 	0.1176180902 	0.0000000000 	0.0752954463 	0.0000000000 	0.0000000000 	0.0000000000 	0.9997982083 	
208.0000000000 	0.7315709055 	0.0752501628 	0.1177146119 	0.0000000000 	0.0752625281 	0.0000000000 	0.0000000000 	0.0000000000 	0.9997982083 	
208.5000000000 	0.7315411800 	0.0752175964 	0.1178094715 	0.0000000000 	0.0752299604 	0.0000000000 	0.0000000000 	0.0000000000 	0.9997982083 	
209.0000000000 	0.7315124252 	0.0751853844 	0.1179026515 	0.0000000000 	0.0751977471 	0.0000000000 	0.0000000000 	0.0000000000 	0.9997982083 	
209.5000000000 	0.7314846507 	0.0751535308 	0.1179941345 	0.0000000000 	0.0751658922 	0.0000000000 	0.0000000000 	0.0000000000 	0.9997982083 	
210.0000000000 	0.7314578657 	0.0751220396 	0.1180839034 	0.0000000000 	0.0751343996 	0.0000000000 	0.0000000000 	0.0000000000 	0.9997982083 	
210.5000000000 	0.7314320793 	0.0750909144 	0.1181719414 	0.0000000000 	0.0751032731 	0.0000000000 	0.0000000000 	0.0000000000 	0.9997982083 	
211.0000000000 	0.7314073005 	0.0750601592 	0.1182582320 	0.0000000000 	0.0750725166 	0.0000000000 	0.0000000000 	0.0000000000 	0.9997982083 	
211.5000000000 	0.7313835380 	0.0750297776 	0.1183427590 	0.0000000000 	0.0750421337 	0.0000000000 	0.0000000000 	0.0000000000 	0.9997982083 	
212.0000000000 	0.7313608005 	0.0749997733 	0.1184255065 	0.0000000000 	0.0750121280 	0.0000000000 	0.0000000000 	0.0000000000 	0.9997982083 	
212.5000000000 	0.7313390963 	0.0749701498 	0.1185064589 	0.0000000000 	0.0749825032 	0.0000000000 	0.0000000000 	0.0000000000 	0.9997982083 	
213.0000000000 	0.7313184338 	0.0749409108 	0.1185856010 	0.0000000000 	0.0749532628 	0.0000000000 	0.0000000000 	0.0000000000 	0.9997982083 	
213.5000000000 	0.7312988209 	0.0749120595 	0.1186629178 	0.0000000000 	0.0749244102 	0.0000000000 	0.0000000000 	0.0000000000 	0.9997982083 	
214.0000000000 	0.7312802655 	0.0748835995 	0.1187383946 	0.0000000000 	0.0748959488 	0.0000000000 	0.0000000000 	0.0000000000 	0.9997982083 	
214.5000000000 	0.7312627754 	0.0748555339 	0.1188120170 	0.0000000000 	0.0748678820 	0.0000000000 	0.0000000000 	0.0000000000 	0.9997982083 	
215.0000000000 	0.7312463581 	0.0748278662 	0.1188837711 	0.0000000000 	0.0748402129 	0.0000000000 	0.0000000000 	0.0000000000 	0.9997982083 	
215.5000000000 	0.7312310209 	0.0748005995 	0.1189536431 	0.0000000000 	0.0748129448 	0.0000000000 	0.0000000000 	0.0000000000 	0.9997982083 	
216.0000000000 	0.7312167709 	0.0747737368 	0.1190216197 	0.0000000000 	0.0747860809 	0.0000000000 	0.0000000000 	0.0000000000 	0.9997982083 	
216.5000000000 	0.7312036152 	0.0747472813 	0.1190876878 	0.0000000000 	0.0747596240 	0.0000000000 	0.0000000000 	0.0000000000 	0.9997982083 	
217.0000000000 	0.7311915605 	0.0747212359 	0.1191518346 	0.0000000000 	0.0747335773 	0.0000000000 	0.0000000000 	0.0000000000 	0.9997982083 	
217.5000000000 	0.7311806134 	0.0746956036 	0.1192140477 	0.0000000000 	0.0747079436 	0.0000000000 	0.0000000000 	0.0000000000 	0.9997982083 	
218.0000000000 	0.7311707803 	0.0746703871 	0.1192743151 	0.0000000000 	0.0746827258 	0.0000000000 	0.0000000000 	0.0000000000 	0.9997982083 	
218.5000000000 	0.7311620675 	0.0746455892 	0.1193326251 	0.0000000000 	0.0746579266 	0.0000000000 	0.0000000000 	0.0000000000 	0.9997982084 	
219.0000000000 	0.7311544808 	0.0746212127 	0.1193889661 	0.0000000000 	0.0746335487 	0.0000000000 	0.0000000000 	0.0000000000 	0.9997982084 	
219.5000000000 	0.7311480263 	0.0745972601 	0.1194433272 	0.0000000000 	0.0746095948 	0.0000000000 	0.0000000000 	0.0000000000 	0.9997982084 	
220.0000000000 	0.7311427094 	0.0745737340 	0.1194956975 	0.0000000000 	0.0745860674 	0.0000000000 	0.0000000000 	0.0000000000 	0.9997982084 	
220.5000000000 	0.7311385357 	0.0745506370 	0.1195460667 	0.0000000000 	0.0745629690 	0.0000000000 	0.0000000000 	0.0000000000 	0.9997982084 	
221.0000000000 	0.7311355103 	0.0745279713 	0.1195944248 	0.0000000000 	0.0745403020 	0.0000000000 	0.0000000000 	0.0000000000 	0.9997982084 	
221.5000000000 	0.7311336384 	0.0745057393 	0.1196407620 	0.0000000000 	0.0745180687 	0.0000000000 	0.0000000000 	0.0000000000 	0.9997982084 	
222.0000000000 	0.7311329248 	0.0744839433 	0.1196850689 	0.0000000000 	0.0744962714 	0.0000000000 	0.0000000000 	0.0000000000 	0.9997982084 	
222.5000000000 	0.7311333741 	0.0744625855 	0.1197273365 	0.0000000000 	0.0744749122 	0.0000000000 	0.0000000000 	0.0000000000 	0.9997982084 	
223.0000000000 	0.7311349908 	0.0744416680 	0.1197675562 	0.0000000000 	0.0744539934 	0.0000000000 	0.0000000000 	0.0000000000 	0.9997982084 	
223.5000000000 	0.7311377792 	0.0744211928 	0.1198057196 	0.0000000000 	0.0744335168 	0.0000000000 	0.0000000000 	0.0000000000 	0.9997982084 	
224.0000000000 	0.7311417433 	0.0744011619 	0.1198418187 	0.0000000000 	0.0744134846 	0.0000000000 	0.0000000000 	0.0000000000 	0.9997982084 	
224.5000000000 	0.7311468869 	0.0743815771 	0.1198758459 	0.0000000000 	0.0743938985 	0.0000000000 	0.0000000000 	0.0000000000 	0.9997982084 	
225.0000000000 	0.7311532138 	0.0743624404 	0.1199077939 	0.0000000000 	0.0743747604 	0.0000000000 	0.0000000000 	0.0000000000 	0.9997982084 	
225.5000000000 	0.7311607273 	0.0743437533 	0.1199376558 	0.0000000000 	0.0743560720 	0.0000000000 	0.0000000000 	0.0000000000 	0.9997982084 	
226.0000000000 	0.7311694308 	0.0743255176 	0.1199654250 	0.0000000000 	0.0743378350 	0.0000000000 	0.0000000000 	0.0000000000 	0.9997982084 	
226.5000000000 	0.7311793273 	0.0743077349 	0.1199910953 	0.0000000000 	0.0743200509 	0.0000000000 	0.0000000000 	0.0000000000 	0.9997982084 	
227.0000000000 	0.7311904196 	0.0742904066 	0.1200146609 	0.0000000000 	0.0743027213 	0.0000000000 	0.0000000000 	0.0000000000 	0.9997982084 	
227.5000000000 	0.7312027104 	0.0742735342 	0.1200361163 	0.0000000000 	0.0742858476 	0.0000000000 	0.0000000000 	0.0000000000 	0.9997982084 	
228.0000000000 	0.7312162021 	0.0742571190 	0.1200554563 	0.0000000000 	0.0742694311 	0.0000000000 	0.0000000000 	0.0000000000 	0.9997982084 	
228.5000000000 	0.7312308969 	0.0742411623 	0.1200726761 	0.0000000000 	0.0742534731 	0.0000000000 	0.0000000000 	0.0000000000 	0.9997982084 	
229.0000000000 	0.7312467970 	0.0742256653 	0.1200877713 	0.0000000000 	0.0742379748 	0.0000000000 	0.0000000000 	0.0000000000 	0.9997982084 	
229.5000000000 	0.7312639040 	0.0742106292 	0.1201007379 	0.0000000000 	0.0742229373 	0.0000000000 	0.0000000000 	0.0000000000 	0.9997982084 	
230.0000000000 	0.7312822197 	0.0741960549 	0.1201115722 	0.0000000000 	0.0742083616 	0.0000000000 	0.0000000000 	0.0000000000 	0.9997982084 	
230.5000000000 	0.7313017454 	0.0741819434 	0.1201202708 	0.0000000000 	0.0741942488 	0.0000000000 	0.0000000000 	0.0000000000 	0.9997982084 	
231.0000000000 	0.7313224824 	0.0741682956 	0.1201268307 	0.0000000000 	0.0741805997 	0.0000000000 	0.0000000000 	0.0000000000 	0.9997982084 	
231.5000000000 	0.7313444316 	0.0741551123 	0.1201312493 	0.0000000000 	0.0741674151 	0.0000000000 	0.0000000000 	0.0000000000 	0.9997982084 	
232.0000000000 	0.7313675939 	0.0741423943 	0.1201335245 	0.0000000000 	0.0741546957 	0.0000000000 	0.0000000000 	0.0000000000 	0.9997982084 	
232.5000000000 	0.7313919699 	0.0741301421 	0.1201336542 	0.0000000000 	0.0741424422 	0.0000000000 	0.0000000000 	0.0000000000 	0.9997982084 	
233.0000000000 	0.7314175599 	0.0741183564 	0.1201316370 	0.0000000000 	0.0741306551 	0.0000000000 	0.0000000000 	0.0000000000 	0.9997982084 	
233.5000000000 	0.7314443641 	0.0741070376 	0.1201274718 	0.0000000000 	0.0741193350 	0.0000000000 	0.0000000000 	0.0000000000 	0.9997982084 	
234.0000000000 	0.7314723825 	0.0740961861 	0.1201211576 	0.0000000000 	0.0741084822 	0.0000000000 	0.0000000000 	0.0000000000 	0.9997982084 	
234.5000000000 	0.7315016149 	0.0740858023 	0.1201126942 	0.0000000000 	0.0740980971 	0.0000000000 	0.0000000000 	0.0000000000 	0.9997982084 	
235.0000000000 	0.7315320608 	0.0740758864 	0.1201020814 	0.0000000000 	0.0740881799 	0.0000000000 	0.0000000000 	0.0000000000 	0.9997982085 	
235.5000000000 	0.7315637196 	0.0740664386 	0.1200893195 	0.0000000000 	0.0740787307 	0.0000000000 	0.0000000000 	0.0000000000 	0.9997982085 	
236.0000000000 	0.7315965905 	0.0740574590 	0.1200744092 	0.0000000000 	0.0740697498 	0.0000000000 	0.0000000000 	0.0000000000 	0.9997982085 	
236.5000000000 	0.7316306723 	0.0740489476 	0.1200573515 	0.0000000000 	0.0740612371 	0.0000000000 	0.0000000000 	0.0000000000 	0.9997982085 	
237.0000000000 	0.7316659638 	0.0740409044 	0.1200381478 	0.0000000000 	0.0740531925 	0.0000000000 	0.0000000000 	0.0000000000 	0.9997982085 	
237.5000000000 	0.7317024636 	0.0740333291 	0.1200167998 	0.0000000000 	0.0740456159 	0.0000000000 	0.0000000000 	0.0000000000 	0.9997982085 	
238.0000000000 	0.7317401700 	0.0740262216 	0.1199933097 	0.0000000000 	0.0740385071 	0.0000000000 	0.0000000000 	0.0000000000 	0.9997982085 	
238.5000000000 	0.7317790811 	0.0740195816 	0.1199676800 	0.0000000000 	0.0740318658 	0.0000000000 	0.0000000000 	0.0000000000 	0.9997982085 	
239.0000000000 	0.7318191949 	0.0740134087 	0.1199399134 	0.0000000000 	0.0740256915 	0.0000000000 	0.0000000000 	0.0000000000 	0.9997982085 	
239.5000000000 	0.7318605090 	0.0740077024 	0.1199100132 	0.0000000000 	0.0740199839 	0.0000000000 	0.0000000000 	0.0000000000 	0.9997982085 	
240.0000000000 	0.7319030210 	0.0740024621 	0.1198779830 	0.0000000000 	0.0740147423 	0.0000000000 	0.0000000000 	0.0000000000 	0.9997982085 	
240.5000000000 	0.7319467282 	0.0739976874 	0.1198438266 	0.0000000000 	0.0740099663 	0.0000000000 	0.0000000000 	0.0000000000 	0.9997982085 	
241.0000000000 	0.7319916277 	0.0739933775 	0.1198075483 	0.0000000000 	0.0740056550 	0.0000000000 	0.0000000000 	0.0000000000 	0.9997982085 	
241.5000000000 	0.7320377164 	0.0739895315 	0.1197691528 	0.0000000000 	0.0740018077 	0.0000000000 	0.0000000000 	0.0000000000 	0.9997982085 	
242.0000000000 	0.7320849911 	0.0739861487 	0.1197286451 	0.0000000000 	0.0739984236 	0.0000000000 	0.0000000000 	0.0000000000 	0.9997982085 	
242.5000000000 	0.7321334481 	0.0739832282 	0.1196860304 	0.0000000000 	0.0739955017 	0.0000000000 	0.0000000000 	0.0000000000 	0.9997982085 	
243.0000000000 	0.7321830840 	0.0739807688 	0.1196413146 	0.0000000000 	0.0739930411 	0.0000000000 	0.0000000000 	0.0000000000 	0.9997982085 	
243.5000000000 	0.7322338946 	0.0739787696 	0.1195945037 	0.0000000000 	0.0739910405 	0.0000000000 	0.0000000000 	0.0000000000 	0.9997982085 	
244.0000000000 	0.7322858761 	0.0739772294 	0.1195456041 	0.0000000000 	0.0739894990 	0.0000000000 	0.0000000000 	0.0000000000 	0.9997982085 	
244.5000000000 	0.7323390240 	0.0739761469 	0.1194946225 	0.0000000000 	0.0739884151 	0.0000000000 	0.0000000000 	0.0000000000 	0.9997982085 	
245.0000000000 	0.7323933339 	0.0739755208 	0.1194415661 	0.0000000000 	0.0739877877 	0.0000000000 	0.0000000000 	0.0000000000 	0.9997982085 	
245.5000000000 	0.7324488011 	0.0739753497 	0.1193864424 	0.0000000000 	0.0739876153 	0.0000000000 	0.0000000000 	0.0000000000 	0.9997982085 	
246.0000000000 	0.7325054207 	0.0739756322 	0.1193292591 	0.0000000000 	0.0739878965 	0.0000000000 	0.0000000000 	0.0000000000 	0.9997982085 	
246.5000000000 	0.7325631877 	0.0739763667 	0.1192700244 	0.0000000000 	0.0739886296 	0.0000000000 	0.0000000000 	0.0000000000 	0.9997982085 	
247.0000000000 	0.7326220969 	0.0739775515 	0.1192087469 	0.0000000000 	0.0739898132 	0.0000000000 	0.0000000000 	0.0000000000 	0.9997982085 	
247.5000000000 	0.7326821426 	0.0739791851 	0.1191454354 	0.0000000000 	0.0739914454 	0.0000000000 	0.0000000000 	0.0000000000 	0.9997982085 	
248.0000000000 	0.7327433194 	0.0739812656 	0.1190800990 	0.0000000000 	0.0739935246 	0.0000000000 	0.0000000000 	0.0000000000 	0.9997982085 	
248.5000000000 	0.7328056214 	0.0739837911 	0.1190127473 	0.0000000000 	0.0739960487 	0.0000000000 	0.0000000000 	0.0000000000 	0.9997982085 	
249.0000000000 	0.7328690425 	0.0739867597 	0.1189433903 	0.0000000000 	0.0739990161 	0.0000000000 	0.0000000000 	0.0000000000 	0.9997982085 	
249.5000000000 	0.7329335765 	0.0739901695 	0.1188720380 	0.0000000000 	0.0740024246 	0.0000000000 	0.0000000000 	0.0000000000 	0.9997982085 	
250.0000000000 	0.7329992170 	0.0739940184 	0.1187987011 	0.0000000000 	0.0740062721 	0.0000000000 	0.0000000000 	0.0000000000 	0.9997982085 	
250.5000000000 	0.7330659574 	0.0739983042 	0.1187233904 	0.0000000000 	0.0740105566 	0.0000000000 	0.0000000000 	0.0000000000 	0.9997982085 	
251.0000000000 	0.7331337910 	0.0740030247 	0.1186461171 	0.0000000000 	0.0740152757 	0.0000000000 	0.0000000000 	0.0000000000 	0.9997982086 	
251.5000000000 	0.7332027108 	0.0740081776 	0.1185668928 	0.0000000000 	0.0740204273 	0.0000000000 	0.0000000000 	0.0000000000 	0.9997982086 	
252.0000000000 	0.7332727097 	0.0740137605 	0.1184857294 	0.0000000000 	0.0740260090 	0.0000000000 	0.0000000000 	0.0000000000 	0.9997982086 	
252.5000000000 	0.7333437803 	0.0740197711 	0.1184026390 	0.0000000000 	0.0740320182 	0.0000000000 	0.0000000000 	0.0000000000 	0.9997982086 	
253.0000000000 	0.7334159151 	0.0740262068 	0.1183176342 	0.0000000000 	0.0740384525 	0.0000000000 	0.0000000000 	0.0000000000 	0.9997982086 	
253.5000000000 	0.7334891064 	0.0740330650 	0.1182307278 	0.0000000000 	0.0740453094 	0.0000000000 	0.0000000000 	0.0000000000 	0.9997982086 	
254.0000000000 	0.7335633464 	0.0740403430 	0.1181419329 	0.0000000000 	0.0740525862 	0.0000000000 	0.0000000000 	0.0000000000 	0.9997982086 	
254.5000000000 	0.7336386271 	0.0740480383 	0.1180512631 	0.0000000000 	0.0740602800 	0.0000000000 	0.0000000000 	0.0000000000 	0.9997982086 	
255.0000000000 	0.7337149402 	0.0740561478 	0.1179587322 	0.0000000000 	0.0740683883 	0.0000000000 	0.0000000000 	0.0000000000 	0.9997982086 	
255.5000000000 	0.7337922774 	0.0740646689 	0.1178643542 	0.0000000000 	0.0740769081 	0.0000000000 	0.0000000000 	0.0000000000 	0.9997982086 	
256.0000000000 	0.7338706300 	0.0740735986 	0.1177681435 	0.0000000000 	0.0740858364 	0.0000000000 	0.0000000000 	0.0000000000 	0.9997982086 	
256.5000000000 	0.7339499895 	0.0740829338 	0.1176701150 	0.0000000000 	0.0740951703 	0.0000000000 	0.0000000000 	0.0000000000 	0.9997982086 	
257.0000000000 	0.7340303468 	0.0740926716 	0.1175702835 	0.0000000000 	0.0741049068 	0.0000000000 	0.0000000000 	0.0000000000 	0.9997982086 	
257.5000000000 	0.7341116928 	0.0741028087 	0.1174686645 	0.0000000000 	0.0741150426 	0.0000000000 	0.0000000000 	0.0000000000 	0.9997982086 	
258.0000000000 	0.7341940185 	0.0741133420 	0.1173652735 	0.0000000000 	0.0741255746 	0.0000000000 	0.0000000000 	0.0000000000 	0.9997982086 	
258.5000000000 	0.7342773144 	0.0741242683 	0.1172601265 	0.0000000000 	0.0741364995 	0.0000000000 	0.0000000000 	0.0000000000 	0.9997982086 	
259.0000000000 	0.7343615708 	0.0741355841 	0.1171532397 	0.0000000000 	0.0741478140 	0.0000000000 	0.0000000000 	0.0000000000 	0.9997982086 	
259.5000000000 	0.7344467782 	0.0741472861 	0.1170446296 	0.0000000000 	0.0741595147 	0.0000000000 	0.0000000000 	0.0000000000 	0.9997982086 	
260.0000000000 	0.7345329267 	0.0741593709 	0.1169343130 	0.0000000000 	0.0741715981 	0.0000000000 	0.0000000000 	0.0000000000 	0.9997982086 	
260.5000000000 	0.7346200061 	0.0741718348 	0.1168223070 	0.0000000000 	0.0741840607 	0.0000000000 	0.0000000000 	0.0000000000 	0.9997982086 	
261.0000000000 	0.7347080063 	0.0741846744 	0.1167086289 	0.0000000000 	0.0741968990 	0.0000000000 	0.0000000000 	0.0000000000 	0.9997982086 	
261.5000000000 	0.7347969170 	0.0741978859 	0.1165932965 	0.0000000000 	0.0742101092 	0.0000000000 	0.0000000000 	0.0000000000 	0.9997982086 	
262.0000000000 	0.7348867276 	0.0742114657 	0.1164763275 	0.0000000000 	0.0742236877 	0.0000000000 	0.0000000000 	0.0000000000 	0.9997982086 	
262.5000000000 	0.7349774276 	0.0742254100 	0.1163577403 	0.0000000000 	0.0742376307 	0.0000000000 	0.0000000000 	0.0000000000 	0.9997982086 	
263.0000000000 	0.7350690061 	0.0742397150 	0.1162375532 	0.0000000000 	0.0742519343 	0.0000000000 	0.0000000000 	0.0000000000 	0.9997982086 	
263.5000000000 	0.7351614522 	0.0742543767 	0.1161157851 	0.0000000000 	0.0742665947 	0.0000000000 	0.0000000000 	0.0000000000 	0.9997982086 	
264.0000000000 	0.7352547548 	0.0742693912 	0.1159924548 	0.0000000000 	0.0742816079 	0.0000000000 	0.0000000000 	0.0000000000 	0.9997982086 	
264.5000000000 	0.7353489026 	0.0742847545 	0.1158675817 	0.0000000000 	0.0742969699 	0.0000000000 	0.0000000000 	0.0000000000 	0.9997982086 	
265.0000000000 	0.7354438843 	0.0743004625 	0.1157411852 	0.0000000000 	0.0743126766 	0.0000000000 	0.0000000000 	0.0000000000 	0.9997982086 	
265.5000000000 	0.7355396884 	0.0743165112 	0.1156132852 	0.0000000000 	0.0743287239 	0.0000000000 	0.0000000000 	0.0000000000 	0.9997982086 	
266.0000000000 	0.7356363033 	0.0743328962 	0.1154839016 	0.0000000000 	0.0743451076 	0.0000000000 	0.0000000000 	0.0000000000 	0.9997982086 	
266.5000000000 	0.7357337170 	0.0743496134 	0.1153530547 	0.0000000000 	0.0743618235 	0.0000000000 	0.0000000000 	0.0000000000 	0.9997982086 	
267.0000000000 	0.7358319179 	0.0743666585 	0.1152207650 	0.0000000000 	0.0743788673 	0.0000000000 	0.0000000000 	0.0000000000 	0.9997982087 	
267.5000000000 	0.7359308937 	0.0743840271 	0.1150870533 	0.0000000000 	0.0743962346 	0.0000000000 	0.0000000000 	0.0000000000 	0.9997982087 	
268.0000000000 	0.7360306323 	0.0744017149 	0.1149519405 	0.0000000000 	0.0744139210 	0.0000000000 	0.0000000000 	0.0000000000 	0.9997982087 	
268.5000000000 	0.7361311214 	0.0744197173 	0.1148154479 	0.0000000000 	0.0744319221 	0.0000000000 	0.0000000000 	0.0000000000 	0.9997982087 	
269.0000000000 	0.7362323486 	0.0744380299 	0.1146775968 	0.0000000000 	0.0744502334 	0.0000000000 	0.0000000000 	0.0000000000 	0.9997982087 	
269.5000000000 	0.7363343013 	0.0744566480 	0.1145384091 	0.0000000000 	0.0744688502 	0.0000000000 	0.0000000000 	0.0000000000 	0.9997982087 	
270.0000000000 	0.7364369669 	0.0744755672 	0.1143979065 	0.0000000000 	0.0744877681 	0.0000000000 	0.0000000000 	0.0000000000 	0.9997982087 	
270.5000000000 	0.7365403325 	0.0744947827 	0.1142561111 	0.0000000000 	0.0745069823 	0.0000000000 	0.0000000000 	0.0000000000 	0.9997982087 	
271.0000000000 	0.7366443853 	0.0745142899 	0.1141130454 	0.0000000000 	0.0745264881 	0.0000000000 	0.0000000000 	0.0000000000 	0.9997982087 	
271.5000000000 	0.7367491122 	0.0745340839 	0.1139687318 	0.0000000000 	0.0745462808 	0.0000000000 	0.0000000000 	0.0000000000 	0.9997982087 	
272.0000000000 	0.7368545002 	0.0745541599 	0.1138231930 	0.0000000000 	0.0745663556 	0.0000000000 	0.0000000000 	0.0000000000 	0.9997982087 	
272.5000000000 	0.7369605359 	0.0745745132 	0.1136764520 	0.0000000000 	0.0745867075 	0.0000000000 	0.0000000000 	0.0000000000 	0.9997982087 	
273.0000000000 	0.7370672060 	0.0745951388 	0.1135285320 	0.0000000000 	0.0746073318 	0.0000000000 	0.0000000000 	0.0000000000 	0.9997982087 	
273.5000000000 	0.7371744971 	0.0746160318 	0.1133794563 	0.0000000000 	0.0746282235 	0.0000000000 	0.0000000000 	0.0000000000 	0.9997982087 	
274.0000000000 	0.7372823956 	0.0746371872 	0.1132292484 	0.0000000000 	0.0746493775 	0.0000000000 	0.0000000000 	0.0000000000 	0.9997982087 	
274.5000000000 	0.7373908878 	0.0746585999 	0.1130779320 	0.0000000000 	0.0746707889 	0.0000000000 	0.0000000000 	0.0000000000 	0.9997982087 	
275.0000000000 	0.7374999601 	0.0746802650 	0.1129255310 	0.0000000000 	0.0746924527 	0.0000000000 	0.0000000000 	0.0000000000 	0.9997982087 	
275.5000000000 	0.7376095984 	0.0747021772 	0.1127720695 	0.0000000000 	0.0747143635 	0.0000000000 	0.0000000000 	0.0000000000 	0.9997982087 	
276.0000000000 	0.7377197890 	0.0747243314 	0.1126175718 	0.0000000000 	0.0747365165 	0.0000000000 	0.0000000000 	0.0000000000 	0.9997982087 	
276.5000000000 	0.7378305178 	0.0747467225 	0.1124620622 	0.0000000000 	0.0747589062 	0.0000000000 	0.0000000000 	0.0000000000 	0.9997982087 	
277.0000000000 	0.7379417706 	0.0747693451 	0.1123055654 	0.0000000000 	0.0747815276 	0.0000000000 	0.0000000000 	0.0000000000 	0.9997982087 	
277.5000000000 	0.7380535332 	0.0747921941 	0.1121481061 	0.0000000000 	0.0748043753 	0.0000000000 	0.0000000000 	0.0000000000 	0.9997982087 	
278.0000000000 	0.7381657914 	0.0748152642 	0.1119897092 	0.0000000000 	0.0748274440 	0.0000000000 	0.0000000000 	0.0000000000 	0.9997982087 	
278.5000000000 	0.7382785307 	0.0748385499 	0.1118303997 	0.0000000000 	0.0748507284 	0.0000000000 	0.0000000000 	0.0000000000 	0.9997982087 	
279.0000000000 	0.7383917367 	0.0748620459 	0.1116702029 	0.0000000000 	0.0748742231 	0.0000000000 	0.0000000000 	0.0000000000 	0.9997982087 	
279.5000000000 	0.7385053950 	0.0748857469 	0.1115091442 	0.0000000000 	0.0748979227 	0.0000000000 	0.0000000000 	0.0000000000 	0.9997982087 	
280.0000000000 	0.7386194908 	0.0749096473 	0.1113472489 	0.0000000000 	0.0749218218 	0.0000000000 	0.0000000000 	0.0000000000 	0.9997982087 	
280.5000000000 	0.7387340095 	0.0749337416 	0.1111845428 	0.0000000000 	0.0749459148 	0.0000000000 	0.0000000000 	0.0000000000 	0.9997982087 	
281.0000000000 	0.7388489364 	0.0749580244 	0.1110210516 	0.0000000000 	0.0749701964 	0.0000000000 	0.0000000000 	0.0000000000 	0.9997982087 	
281.5000000000 	0.7389642566 	0.0749824902 	0.1108568011 	0.0000000000 	0.0749946608 	0.0000000000 	0.0000000000 	0.0000000000 	0.9997982087 	
282.0000000000 	0.7390799553 	0.0750071333 	0.1106918175 	0.0000000000 	0.0750193026 	0.0000000000 	0.0000000000 	0.0000000000 	0.9997982087 	
282.5000000000 	0.7391960176 	0.0750319482 	0.1105261269 	0.0000000000 	0.0750441161 	0.0000000000 	0.0000000000 	0.0000000000 	0.9997982087 	
283.0000000000 	0.7393124284 	0.0750569292 	0.1103597554 	0.0000000000 	0.0750690958 	0.0000000000 	0.0000000000 	0.0000000000 	0.9997982087 	
283.5000000000 	0.7394291727 	0.0750820706 	0.1101927294 	0.0000000000 	0.0750942360 	0.0000000000 	0.0000000000 	0.0000000000 	0.9997982088 	
284.0000000000 	0.7395462354 	0.0751073669 	0.1100250754 	0.0000000000 	0.0751195310 	0.0000000000 	0.0000000000 	0.0000000000 	0.9997982088 	
284.5000000000 	0.7396636013 	0.0751328123 	0.1098568200 	0.0000000000 	0.0751449750 	0.0000000000 	0.0000000000 	0.0000000000 	0.9997982088 	
285.0000000000 	0.7397812553 	0.0751584011 	0.1096879898 	0.0000000000 	0.0751705625 	0.0000000000 	0.0000000000 	0.0000000000 	0.9997982088 	
285.5000000000 	0.7398991821 	0.0751841275 	0.1095186116 	0.0000000000 	0.0751962876 	0.0000000000 	0.0000000000 	0.0000000000 	0.9997982088 	
286.0000000000 	0.7400173664 	0.0752099857 	0.1093487122 	0.0000000000 	0.0752221445 	0.0000000000 	0.0000000000 	0.0000000000 	0.9997982088 	
286.5000000000 	0.7401357928 	0.0752359700 	0.1091783184 	0.0000000000 	0.0752481275 	0.0000000000 	0.0000000000 	0.0000000000 	0.9997982088 	
287.0000000000 	0.7402544460 	0.0752620746 	0.1090074574 	0.0000000000 	0.0752742307 	0.0000000000 	0.0000000000 	0.0000000000 	0.9997982088 	
287.5000000000 	0.7403733106 	0.0752882936 	0.1088361562 	0.0000000000 	0.0753004484 	0.0000000000 	0.0000000000 	0.0000000000 	0.9997982088 	
288.0000000000 	0.7404923711 	0.0753146211 	0.1086644419 	0.0000000000 	0.0753267746 	0.0000000000 	0.0000000000 	0.0000000000 	0.9997982088 	
288.5000000000 	0.7406116121 	0.0753410514 	0.1084923417 	0.0000000000 	0.0753532036 	0.0000000000 	0.0000000000 	0.0000000000 	0.9997982088 	
289.0000000000 	0.7407310181 	0.0753675784 	0.1083198829 	0.0000000000 	0.0753797293 	0.0000000000 	0.0000000000 	0.0000000000 	0.9997982088 	
289.5000000000 	0.7408505736 	0.0753941964 	0.1081470928 	0.0000000000 	0.0754063460 	0.0000000000 	0.0000000000 	0.0000000000 	0.9997982088 	
290.0000000000 	0.7409702629 	0.0754208994 	0.1079739988 	0.0000000000 	0.0754330477 	0.0000000000 	0.0000000000 	0.0000000000 	0.9997982088 	
290.5000000000 	0.7410900706 	0.0754476815 	0.1078006283 	0.0000000000 	0.0754598285 	0.0000000000 	0.0000000000 	0.0000000000 	0.9997982088 	
291.0000000000 	0.7412099810 	0.0754745367 	0.1076270087 	0.0000000000 	0.0754866824 	0.0000000000 	0.0000000000 	0.0000000000 	0.9997982088 	
291.5000000000 	0.7413299786 	0.0755014592 	0.1074531675 	0.0000000000 	0.0755136035 	0.0000000000 	0.0000000000 	0.0000000000 	0.9997982088 	
292.0000000000 	0.7414500477 	0.0755284429 	0.1072791323 	0.0000000000 	0.0755405859 	0.0000000000 	0.0000000000 	0.0000000000 	0.9997982088 	
292.5000000000 	0.7415701728 	0.0755554819 	0.1071049305 	0.0000000000 	0.0755676236 	0.0000000000 	0.0000000000 	0.0000000000 	0.9997982088 	
293.0000000000 	0.7416903381 	0.0755825702 	0.1069305899 	0.0000000000 	0.0755947106 	0.0000000000 	0.0000000000 	0.0000000000 	0.9997982088 	
293.5000000000 	0.7418105282 	0.0756097018 	0.1067561379 	0.0000000000 	0.0756218409 	0.0000000000 	0.0000000000 	0.0000000000 	0.9997982088 	
294.0000000000 	0.7419307273 	0.0756368708 	0.1065816022 	0.0000000000 	0.0756490086 	0.0000000000 	0.0000000000 	0.0000000000 	0.9997982088 	
294.5000000000 	0.7420509198 	0.0756640711 	0.1064070104 	0.0000000000 	0.0756762076 	0.0000000000 	0.0000000000 	0.0000000000 	0.9997982088 	
295.0000000000 	0.7421710901 	0.0756912968 	0.1062323901 	0.0000000000 	0.0757034319 	0.0000000000 	0.0000000000 	0.0000000000 	0.9997982088 	
295.5000000000 	0.7422912225 	0.0757185418 	0.1060577688 	0.0000000000 	0.0757306757 	0.0000000000 	0.0000000000 	0.0000000000 	0.9997982088 	
296.0000000000 	0.7424113016 	0.0757458002 	0.1058831743 	0.0000000000 	0.0757579327 	0.0000000000 	0.0000000000 	0.0000000000 	0.9997982088 	
296.5000000000 	0.7425313116 	0.0757730660 	0.1057086341 	0.0000000000 	0.0757851972 	0.0000000000 	0.0000000000 	0.0000000000 	0.9997982088 	
297.0000000000 	0.7426512369 	0.0758003331 	0.1055341758 	0.0000000000 	0.0758124630 	0.0000000000 	0.0000000000 	0.0000000000 	0.9997982088 	
297.5000000000 	0.7427710621 	0.0758275955 	0.1053598270 	0.0000000000 	0.0758397242 	0.0000000000 	0.0000000000 	0.0000000000 	0.9997982088 	
298.0000000000 	0.7428907716 	0.0758548474 	0.1051856152 	0.0000000000 	0.0758669747 	0.0000000000 	0.0000000000 	0.0000000000 	0.9997982088 	
298.5000000000 	0.7430103498 	0.0758820826 	0.1050115679 	0.0000000000 	0.0758942086 	0.0000000000 	0.0000000000 	0.0000000000 	0.9997982088 	
299.0000000000 	0.7431297813 	0.0759092952 	0.1048377126 	0.0000000000 	0.0759214198 	0.0000000000 	0.0000000000 	0.0000000000 	0.9997982088 	
299.5000000000 	0.7432490505 	0.0759364791 	0.1046640767 	0.0000000000 	0.0759486025 	0.0000000000 	0.0000000000 	0.0000000000 	0.9997982088 	
# end of calculation 2019_08_30_17_00_45 
# time difference 00_00_00_01_-59_42 -- in Minutes 1 in Seconds 102 
