##input
##{
##time_step=0.5;
##time_end = 800;
##Gamma_l =0.50;  //also Gamma_l is square root of the decay
##Gamma_m =0.50;
##Gamma_r =0.50;
##Nbin =2;
##svdcutoff = 1E-7;
##maxnumberofSV = 5000;
##feedback_time = 60; //ATTENTION avoid feedback 2, avoid feedback times uneven
##init_000 = 0.; 
##init_001 = 0.0; 
##init_010 = 0.0; 
##init_011 = 0.70710678118; 
##init_100 = 0.0; 
##init_101 = 0.; 
##init_110 = 0.70710678118;//70710678118; 
##init_111 = 0.0;//70710678118; 
##phi_l = -0.5;  // as multiple of pi
##phi_m = 0.0;  // as multiple of pi
##phi_r = 0.5;  // as multiple of pi
##}
##// =ATTENTION feedback counts between left and right, middle is half the feedback, effective first feedback effect after fb/2
##// =ATTENTION exclude feedback time of 2, i.e. no distance between left - middle - right bin
##// =ATTENTION exclude uneven feedback times of 2n+1, i.e. asymmetric swap necessary between left - middle - right bin
##// =ATTENTION exclude complex valued initial states, not yet implemented
##
##// 1./sqrt(2.) = 0.70710678118
##// 1./sqrt(3.) = 0.57735027
0.0000000000 	 0.5000000000 	 1.0000000000 	 0.5000000000 	 1.0000000000 
0.5000000000 	 0.3850755809 	 0.7701511618 	 0.3850755809 	 1.0000000198 
1.0000000000 	 0.2965664052 	 0.5931328105 	 0.2965664052 	 1.0000000316 
1.5000000000 	 0.2284009605 	 0.4568019209 	 0.2284009605 	 1.0000000385 
2.0000000000 	 0.1759032640 	 0.3518065279 	 0.1759032640 	 1.0000000427 
2.5000000000 	 0.1354721021 	 0.2709442042 	 0.1354721021 	 1.0000000451 
3.0000000000 	 0.1043339959 	 0.2086679919 	 0.1043339959 	 1.0000000466 
3.5000000000 	 0.0803529475 	 0.1607058949 	 0.0803529475 	 1.0000000475 
4.0000000000 	 0.0618839152 	 0.1237678305 	 0.0618839152 	 1.0000000480 
4.5000000000 	 0.0476599687 	 0.0953199375 	 0.0476599687 	 1.0000000483 
5.0000000000 	 0.0367053799 	 0.0734107598 	 0.0367053799 	 1.0000000485 
5.5000000000 	 0.0282686907 	 0.0565373814 	 0.0282686907 	 1.0000000486 
6.0000000000 	 0.0217711647 	 0.0435423295 	 0.0217711647 	 1.0000000487 
6.5000000000 	 0.0167670876 	 0.0335341753 	 0.0167670876 	 1.0000000487 
7.0000000000 	 0.0129131919 	 0.0258263837 	 0.0129131919 	 1.0000000487 
7.5000000000 	 0.0099451096 	 0.0198902192 	 0.0099451096 	 1.0000000487 
8.0000000000 	 0.0076592376 	 0.0153184753 	 0.0076592376 	 1.0000000487 
8.5000000000 	 0.0058987707 	 0.0117975414 	 0.0058987707 	 1.0000000487 
9.0000000000 	 0.0045429451 	 0.0090858901 	 0.0045429451 	 1.0000000487 
9.5000000000 	 0.0034987544 	 0.0069975087 	 0.0034987544 	 1.0000000487 
10.0000000000 	 0.0026945697 	 0.0053891394 	 0.0026945697 	 1.0000000487 
10.5000000000 	 0.0020752260 	 0.0041504519 	 0.0020752260 	 1.0000000487 
11.0000000000 	 0.0015982377 	 0.0031964753 	 0.0015982377 	 1.0000000487 
11.5000000000 	 0.0012308846 	 0.0024617692 	 0.0012308846 	 1.0000000487 
12.0000000000 	 0.0009479672 	 0.0018959344 	 0.0009479672 	 1.0000000487 
12.5000000000 	 0.0007300780 	 0.0014601560 	 0.0007300780 	 1.0000000487 
13.0000000000 	 0.0005622704 	 0.0011245409 	 0.0005622704 	 1.0000000487 
13.5000000000 	 0.0004330332 	 0.0008660664 	 0.0004330332 	 1.0000000487 
14.0000000000 	 0.0003335010 	 0.0006670021 	 0.0003335010 	 1.0000000487 
14.5000000000 	 0.0002568462 	 0.0005136924 	 0.0002568462 	 1.0000000487 
15.0000000000 	 0.0001978104 	 0.0003956208 	 0.0001978104 	 1.0000000487 
15.5000000000 	 0.0133599677 	 0.0267094850 	 0.0133599677 	 1.0000000490 
16.0000000000 	 0.0407976712 	 0.0815661896 	 0.0407977091 	 0.9999977616 
16.5000000000 	 0.0705795996 	 0.1411161064 	 0.0705801263 	 0.9999973322 
17.0000000000 	 0.0965795971 	 0.1931046878 	 0.0965798283 	 0.9999955193 
17.5000000000 	 0.1161903402 	 0.2323209148 	 0.1161903777 	 0.9999956771 
18.0000000000 	 0.1288398463 	 0.2576187693 	 0.1288398083 	 0.9999937446 
18.5000000000 	 0.1350472651 	 0.2700351518 	 0.1350475228 	 0.9999925294 
19.0000000000 	 0.1358387966 	 0.2716216484 	 0.1358395720 	 0.9999915380 
19.5000000000 	 0.1324012664 	 0.2647511291 	 0.1324018263 	 0.9999901287 
20.0000000000 	 0.1258847749 	 0.2517224161 	 0.1258851958 	 0.9999885868 
20.5000000000 	 0.1173081028 	 0.2345753998 	 0.1173088397 	 0.9999877692 
21.0000000000 	 0.1075169502 	 0.2149990365 	 0.1075177653 	 0.9999870316 
21.5000000000 	 0.0971797191 	 0.1943294129 	 0.0971802907 	 0.9999858841 
22.0000000000 	 0.0867995583 	 0.1735743409 	 0.0868001645 	 0.9999837993 
22.5000000000 	 0.0767389397 	 0.1534582480 	 0.0767397199 	 0.9999832003 
23.0000000000 	 0.0672440295 	 0.1344704090 	 0.0672434410 	 0.9999821896 
23.5000000000 	 0.0584642362 	 0.1169141676 	 0.0584628990 	 0.9999811757 
24.0000000000 	 0.0504797552 	 0.1009330207 	 0.0504780907 	 0.9999804318 
24.5000000000 	 0.0433169170 	 0.0866011032 	 0.0433151178 	 0.9999800383 
25.0000000000 	 0.0369647259 	 0.0738942563 	 0.0369629255 	 0.9999798007 
25.5000000000 	 0.0313864964 	 0.0627377395 	 0.0313847500 	 0.9999788409 
26.0000000000 	 0.0265311210 	 0.0530248339 	 0.0265276469 	 0.9999779960 
26.5000000000 	 0.0223341737 	 0.0446310051 	 0.0223297030 	 0.9999772950 
27.0000000000 	 0.0187300353 	 0.0374242688 	 0.0187250953 	 0.9999767040 
27.5000000000 	 0.0156529551 	 0.0312725374 	 0.0156479015 	 0.9999762294 
28.0000000000 	 0.0130395269 	 0.0260485763 	 0.0130345770 	 0.9999758127 
28.5000000000 	 0.0108302984 	 0.0216332187 	 0.0108256113 	 0.9999754935 
29.0000000000 	 0.0089709975 	 0.0179170930 	 0.0089663367 	 0.9999750805 
29.5000000000 	 0.0074118871 	 0.0148015392 	 0.0074074440 	 0.9999747808 
30.0000000000 	 0.0061091401 	 0.0121987086 	 0.0061050392 	 0.9999745076 
30.5000000000 	 0.0100786301 	 0.0100313826 	 0.0100753537 	 0.9999740022 
31.0000000000 	 0.0153546397 	 0.0082412162 	 0.0153506252 	 0.9999733673 
31.5000000000 	 0.0165866941 	 0.0067600533 	 0.0165791821 	 0.9999687314 
32.0000000000 	 0.0139411001 	 0.0055371240 	 0.0139333157 	 0.9999634155 
32.5000000000 	 0.0093843203 	 0.0045244129 	 0.0093758714 	 0.9999604869 
33.0000000000 	 0.0049281938 	 0.0036879484 	 0.0049203533 	 0.9999466948 
33.5000000000 	 0.0019902515 	 0.0029981991 	 0.0019827853 	 0.9999455858 
34.0000000000 	 0.0012713605 	 0.0024313692 	 0.0012651309 	 0.9999438087 
34.5000000000 	 0.0028731926 	 0.0019657406 	 0.0028675503 	 0.9999425113 
35.0000000000 	 0.0064883623 	 0.0015842694 	 0.0064827972 	 0.9999389546 
35.5000000000 	 0.0115849264 	 0.0012749013 	 0.0115800376 	 0.9999339187 
36.0000000000 	 0.0175540253 	 0.0010236379 	 0.0175496566 	 0.9999314540 
36.5000000000 	 0.0238122318 	 0.0008202549 	 0.0238080429 	 0.9999303105 
37.0000000000 	 0.0298587033 	 0.0006560899 	 0.0298557326 	 0.9999286569 
37.5000000000 	 0.0353133713 	 0.0005234392 	 0.0353085320 	 0.9999272216 
38.0000000000 	 0.0399090862 	 0.0004171096 	 0.0399100856 	 0.9999247221 
38.5000000000 	 0.0434996814 	 0.0003317173 	 0.0435003933 	 0.9999249767 
39.0000000000 	 0.0460293424 	 0.0002638531 	 0.0460270960 	 0.9999229270 
39.5000000000 	 0.0475103579 	 0.0002096852 	 0.0475091333 	 0.9999210755 
40.0000000000 	 0.0480133357 	 0.0001661467 	 0.0480142406 	 0.9999199947 
40.5000000000 	 0.0476489592 	 0.0001317641 	 0.0476500983 	 0.9999187683 
41.0000000000 	 0.0465483684 	 0.0001041172 	 0.0465466450 	 0.9999168726 
41.5000000000 	 0.0448465564 	 0.0000824861 	 0.0448435531 	 0.9999152680 
42.0000000000 	 0.0426775477 	 0.0000660251 	 0.0426708999 	 0.9999147984 
42.5000000000 	 0.0401678219 	 0.0000517774 	 0.0401573365 	 0.9999141100 
43.0000000000 	 0.0374315443 	 0.0000405320 	 0.0373927810 	 0.9999131937 
43.5000000000 	 0.0345731614 	 0.0000315470 	 0.0345300782 	 0.9999100382 
44.0000000000 	 0.0316726362 	 0.0000245542 	 0.0316184362 	 0.9999088950 
44.5000000000 	 0.0288022022 	 0.0000191529 	 0.0287618072 	 0.9999083069 
45.0000000000 	 0.0260109064 	 0.0000151053 	 0.0259773122 	 0.9999071980 
45.5000000000 	 0.0234004141 	 0.0000129141 	 0.0233613478 	 0.9999061085 
46.0000000000 	 0.0214816936 	 0.0000191727 	 0.0214320398 	 0.9999012861 
46.5000000000 	 0.0210114287 	 0.0000377197 	 0.0209586894 	 0.9999095164 
47.0000000000 	 0.0225102350 	 0.0000619984 	 0.0224643945 	 0.9999026646 
47.5000000000 	 0.0260424504 	 0.0000832041 	 0.0260014214 	 0.9998983950 
48.0000000000 	 0.0313107035 	 0.0000968650 	 0.0312751904 	 0.9998993996 
48.5000000000 	 0.0378177778 	 0.0001010227 	 0.0377905881 	 0.9998898348 
49.0000000000 	 0.0449218414 	 0.0000970595 	 0.0449074130 	 0.9998847791 
49.5000000000 	 0.0520307170 	 0.0000878400 	 0.0520276484 	 0.9998871589 
50.0000000000 	 0.0586374939 	 0.0000774064 	 0.0586444569 	 0.9998891049 
50.5000000000 	 0.0643187009 	 0.0000664482 	 0.0643460126 	 0.9998889963 
51.0000000000 	 0.0688322373 	 0.0000544207 	 0.0689024038 	 0.9998931881 
51.5000000000 	 0.0720889766 	 0.0000461280 	 0.0721306389 	 0.9998919552 
52.0000000000 	 0.0739939423 	 0.0000407363 	 0.0740228625 	 0.9999155812 
52.5000000000 	 0.0746178871 	 0.0000374954 	 0.0746276097 	 0.9999141681 
53.0000000000 	 0.0740425727 	 0.0000356882 	 0.0740434732 	 0.9999115961 
53.5000000000 	 0.0724266702 	 0.0000347481 	 0.0724175526 	 0.9999082924 
54.0000000000 	 0.0699399648 	 0.0000341043 	 0.0699198941 	 0.9999077470 
54.5000000000 	 0.0667559321 	 0.0000334096 	 0.0667303524 	 0.9999060587 
55.0000000000 	 0.0630509286 	 0.0000323401 	 0.0630193726 	 0.9998991178 
55.5000000000 	 0.0589759811 	 0.0000308385 	 0.0589421571 	 0.9998954629 
56.0000000000 	 0.0546771460 	 0.0000289882 	 0.0546531415 	 0.9998931978 
56.5000000000 	 0.0502839047 	 0.0000269148 	 0.0502649934 	 0.9998958027 
57.0000000000 	 0.0458896341 	 0.0000245221 	 0.0458766400 	 0.9998933091 
57.5000000000 	 0.0415914658 	 0.0000219920 	 0.0415854109 	 0.9998863480 
58.0000000000 	 0.0374638989 	 0.0000194255 	 0.0374586594 	 0.9998831007 
58.5000000000 	 0.0335494509 	 0.0000169926 	 0.0335459392 	 0.9998797968 
59.0000000000 	 0.0298778799 	 0.0000146430 	 0.0298806172 	 0.9998751695 
59.5000000000 	 0.0264767463 	 0.0000124444 	 0.0264808694 	 0.9998710941 
60.0000000000 	 0.0233500949 	 0.0000102833 	 0.0233590213 	 0.9998687986 
60.5000000000 	 0.0205221359 	 0.0000092386 	 0.0205316056 	 0.9998661790 
61.0000000000 	 0.0181188570 	 0.0000291071 	 0.0181361828 	 0.9998639987 
61.5000000000 	 0.0162433782 	 0.0001824704 	 0.0162635460 	 0.9998643807 
62.0000000000 	 0.0147740836 	 0.0007520682 	 0.0147839805 	 0.9998617236 
62.5000000000 	 0.0134717560 	 0.0021892609 	 0.0134773569 	 0.9998605741 
63.0000000000 	 0.0121173700 	 0.0050354066 	 0.0121236796 	 0.9998518687 
63.5000000000 	 0.0105956109 	 0.0097992167 	 0.0105918350 	 0.9998488203 
64.0000000000 	 0.0089225236 	 0.0168756368 	 0.0089212502 	 0.9998455130 
64.5000000000 	 0.0072313732 	 0.0264250480 	 0.0072298410 	 0.9998465962 
65.0000000000 	 0.0056974237 	 0.0384279708 	 0.0056944568 	 0.9998429252 
65.5000000000 	 0.0044993378 	 0.0525847138 	 0.0045034618 	 0.9998415950 
66.0000000000 	 0.0038165453 	 0.0684338779 	 0.0038227998 	 0.9998281282 
66.5000000000 	 0.0037530895 	 0.0854170731 	 0.0037581049 	 0.9998243091 
67.0000000000 	 0.0043587356 	 0.1028563901 	 0.0043605229 	 0.9998193312 
67.5000000000 	 0.0056111240 	 0.1201472219 	 0.0056074421 	 0.9998127424 
68.0000000000 	 0.0074386578 	 0.1365707454 	 0.0074331489 	 0.9998050103 
68.5000000000 	 0.0097312959 	 0.1516655829 	 0.0097222834 	 0.9997956968 
69.0000000000 	 0.0123524355 	 0.1649052179 	 0.0123399193 	 0.9997953630 
69.5000000000 	 0.0151694451 	 0.1759866810 	 0.0151535816 	 0.9997936458 
70.0000000000 	 0.0180259296 	 0.1847055454 	 0.0180041601 	 0.9997872583 
70.5000000000 	 0.0207894485 	 0.1909697894 	 0.0207776199 	 0.9997843305 
71.0000000000 	 0.0233524997 	 0.1947885374 	 0.0233477023 	 0.9997838328 
71.5000000000 	 0.0256179716 	 0.1961933124 	 0.0256119914 	 0.9997820171 
72.0000000000 	 0.0275273881 	 0.1953112617 	 0.0275170514 	 0.9997792721 
72.5000000000 	 0.0290461419 	 0.1923788467 	 0.0290315099 	 0.9997789067 
73.0000000000 	 0.0301304708 	 0.1877175766 	 0.0301284366 	 0.9997763211 
73.5000000000 	 0.0307942746 	 0.1815451325 	 0.0308036104 	 0.9997719290 
74.0000000000 	 0.0310397179 	 0.1741257060 	 0.0310623112 	 0.9997673605 
74.5000000000 	 0.0309254179 	 0.1657193315 	 0.0309474090 	 0.9997645662 
75.0000000000 	 0.0304663567 	 0.1565914813 	 0.0304823975 	 0.9997628331 
75.5000000000 	 0.0297151898 	 0.1469871405 	 0.0297377241 	 0.9997612123 
76.0000000000 	 0.0287393996 	 0.1370260919 	 0.0287395648 	 0.9997578871 
76.5000000000 	 0.0275287210 	 0.1270983293 	 0.0275402124 	 0.9997558275 
77.0000000000 	 0.0262313537 	 0.1171877915 	 0.0262212210 	 0.9997546291 
77.5000000000 	 0.0248267086 	 0.1076367531 	 0.0248253523 	 0.9997545275 
78.0000000000 	 0.0234527163 	 0.0984489767 	 0.0234458699 	 0.9997534722 
78.5000000000 	 0.0220366311 	 0.0897627332 	 0.0220279574 	 0.9997462898 
79.0000000000 	 0.0206022003 	 0.0815077343 	 0.0206066933 	 0.9997445084 
79.5000000000 	 0.0191000180 	 0.0735956358 	 0.0190996893 	 0.9997449404 
80.0000000000 	 0.0175341187 	 0.0660821408 	 0.0175118205 	 0.9997340024 
80.5000000000 	 0.0158732509 	 0.0589704125 	 0.0158497182 	 0.9997320876 
81.0000000000 	 0.0141700283 	 0.0521606284 	 0.0141389739 	 0.9997262104 
81.5000000000 	 0.0124756184 	 0.0457802064 	 0.0124485290 	 0.9997236435 
82.0000000000 	 0.0108894155 	 0.0399753305 	 0.0108659572 	 0.9997207626 
82.5000000000 	 0.0095259103 	 0.0349517819 	 0.0095032627 	 0.9997156676 
83.0000000000 	 0.0084841919 	 0.0308581141 	 0.0084686331 	 0.9997151920 
83.5000000000 	 0.0078590508 	 0.0278076094 	 0.0078459079 	 0.9997162240 
84.0000000000 	 0.0077314077 	 0.0259419227 	 0.0077288614 	 0.9997152892 
84.5000000000 	 0.0081665576 	 0.0253628539 	 0.0081557486 	 0.9997124021 
85.0000000000 	 0.0091603614 	 0.0260883455 	 0.0091551775 	 0.9997104322 
85.5000000000 	 0.0107034289 	 0.0280981491 	 0.0107012257 	 0.9997116009 
86.0000000000 	 0.0127515592 	 0.0312664928 	 0.0127519810 	 0.9997114428 
86.5000000000 	 0.0152414036 	 0.0354492596 	 0.0152421924 	 0.9997069452 
87.0000000000 	 0.0180887388 	 0.0404273450 	 0.0180748151 	 0.9997061718 
87.5000000000 	 0.0211761232 	 0.0460044152 	 0.0211553256 	 0.9997068839 
88.0000000000 	 0.0243825940 	 0.0519554934 	 0.0243563526 	 0.9997063748 
88.5000000000 	 0.0276032779 	 0.0580382628 	 0.0275808647 	 0.9997043493 
89.0000000000 	 0.0307391912 	 0.0640366026 	 0.0307183204 	 0.9996969638 
89.5000000000 	 0.0336890542 	 0.0697380751 	 0.0336793136 	 0.9996935205 
90.0000000000 	 0.0363697561 	 0.0749571410 	 0.0363799028 	 0.9996904742 
90.5000000000 	 0.0387250431 	 0.0795323209 	 0.0387384918 	 0.9996870599 
91.0000000000 	 0.0407230163 	 0.0833858333 	 0.0407441215 	 0.9996844540 
91.5000000000 	 0.0422988504 	 0.0864368774 	 0.0423111054 	 0.9996818978 
92.0000000000 	 0.0434805889 	 0.0886360297 	 0.0435076085 	 0.9996782114 
92.5000000000 	 0.0442395335 	 0.0899739980 	 0.0442553554 	 0.9996756058 
93.0000000000 	 0.0445927668 	 0.0904618784 	 0.0446056062 	 0.9996708259 
93.5000000000 	 0.0445261808 	 0.0901137558 	 0.0445245734 	 0.9996703005 
94.0000000000 	 0.0440689440 	 0.0889443267 	 0.0440566715 	 0.9996684641 
94.5000000000 	 0.0432694282 	 0.0870699937 	 0.0432466426 	 0.9996649012 
95.0000000000 	 0.0421232668 	 0.0845697102 	 0.0421177769 	 0.9996634456 
95.5000000000 	 0.0407074125 	 0.0815757211 	 0.0407099433 	 0.9996615365 
96.0000000000 	 0.0391372875 	 0.0780790395 	 0.0391290285 	 0.9996617801 
96.5000000000 	 0.0374344376 	 0.0741904221 	 0.0374378003 	 0.9996604640 
97.0000000000 	 0.0356547446 	 0.0701177167 	 0.0356710320 	 0.9996580111 
97.5000000000 	 0.0338069103 	 0.0658986628 	 0.0338484818 	 0.9996558417 
98.0000000000 	 0.0319429710 	 0.0615555962 	 0.0319801684 	 0.9996545592 
98.5000000000 	 0.0300787949 	 0.0571922453 	 0.0301079831 	 0.9996534808 
99.0000000000 	 0.0281966249 	 0.0528613775 	 0.0282280864 	 0.9996513097 
99.5000000000 	 0.0262953472 	 0.0486603468 	 0.0263167423 	 0.9996499538 
100.0000000000 	 0.0243679414 	 0.0445527318 	 0.0243768730 	 0.9996438615 
100.5000000000 	 0.0224090210 	 0.0406316967 	 0.0224129968 	 0.9996395997 
101.0000000000 	 0.0204458041 	 0.0369272421 	 0.0204437018 	 0.9996354990 
101.5000000000 	 0.0184952568 	 0.0334218945 	 0.0184955764 	 0.9996307652 
102.0000000000 	 0.0165992101 	 0.0301360822 	 0.0165947104 	 0.9996299026 
102.5000000000 	 0.0147958096 	 0.0270761470 	 0.0147854443 	 0.9996221250 
103.0000000000 	 0.0131270274 	 0.0242453940 	 0.0131134102 	 0.9996192931 
103.5000000000 	 0.0116384966 	 0.0216434249 	 0.0116250173 	 0.9996109247 
104.0000000000 	 0.0103700968 	 0.0192613747 	 0.0103590785 	 0.9996083230 
104.5000000000 	 0.0093547866 	 0.0171020547 	 0.0093466761 	 0.9996050454 
105.0000000000 	 0.0086115676 	 0.0151380151 	 0.0086070298 	 0.9996007071 
105.5000000000 	 0.0081564755 	 0.0133648274 	 0.0081564856 	 0.9995976612 
106.0000000000 	 0.0079934141 	 0.0117711678 	 0.0079942469 	 0.9995928155 
106.5000000000 	 0.0081146618 	 0.0103445099 	 0.0081098399 	 0.9995916965 
107.0000000000 	 0.0084973694 	 0.0090663533 	 0.0084892056 	 0.9995884568 
107.5000000000 	 0.0091095421 	 0.0079263959 	 0.0091082592 	 0.9995836687 
108.0000000000 	 0.0099311230 	 0.0069145510 	 0.0099297577 	 0.9995813152 
108.5000000000 	 0.0109246555 	 0.0060200355 	 0.0109249901 	 0.9995791246 
109.0000000000 	 0.0120616814 	 0.0052368091 	 0.0120617484 	 0.9995753007 
109.5000000000 	 0.0132810976 	 0.0045542695 	 0.0132877285 	 0.9995716427 
110.0000000000 	 0.0145464758 	 0.0039581801 	 0.0145454160 	 0.9995653362 
110.5000000000 	 0.0157935561 	 0.0034365769 	 0.0157826665 	 0.9995578044 
111.0000000000 	 0.0169829741 	 0.0029782056 	 0.0169751508 	 0.9995507581 
111.5000000000 	 0.0180678097 	 0.0025766532 	 0.0180667331 	 0.9995496614 
112.0000000000 	 0.0189926364 	 0.0022244334 	 0.0189834927 	 0.9995509773 
112.5000000000 	 0.0197372825 	 0.0019175414 	 0.0197195619 	 0.9995492253 
113.0000000000 	 0.0203049568 	 0.0016507163 	 0.0202788522 	 0.9995466379 
113.5000000000 	 0.0206807979 	 0.0014223327 	 0.0206630414 	 0.9995449989 
114.0000000000 	 0.0209015050 	 0.0012278040 	 0.0208826734 	 0.9995421484 
114.5000000000 	 0.0209863049 	 0.0010619344 	 0.0209600608 	 0.9995366263 
115.0000000000 	 0.0209965998 	 0.0009233507 	 0.0209687357 	 0.9995309072 
115.5000000000 	 0.0209662305 	 0.0008103064 	 0.0209355404 	 0.9995294328 
116.0000000000 	 0.0209406112 	 0.0007188625 	 0.0209141676 	 0.9995231626 
116.5000000000 	 0.0209838024 	 0.0006456107 	 0.0209649587 	 0.9995192407 
117.0000000000 	 0.0211406383 	 0.0005875591 	 0.0211275779 	 0.9995154514 
117.5000000000 	 0.0214443607 	 0.0005393547 	 0.0214316217 	 0.9995084831 
118.0000000000 	 0.0219189195 	 0.0004997566 	 0.0219050738 	 0.9995011350 
118.5000000000 	 0.0225708886 	 0.0004665565 	 0.0225654030 	 0.9994980847 
119.0000000000 	 0.0234127185 	 0.0004372293 	 0.0234043497 	 0.9994913694 
119.5000000000 	 0.0244189110 	 0.0004095109 	 0.0244159891 	 0.9994843163 
120.0000000000 	 0.0255791891 	 0.0003832968 	 0.0255756689 	 0.9994715953 
120.5000000000 	 0.0268546344 	 0.0003573060 	 0.0268475608 	 0.9994665110 
121.0000000000 	 0.0282203599 	 0.0003313276 	 0.0282139095 	 0.9994616368 
121.5000000000 	 0.0296307677 	 0.0003046638 	 0.0296339623 	 0.9994580118 
122.0000000000 	 0.0310482257 	 0.0002766689 	 0.0310489564 	 0.9994547615 
122.5000000000 	 0.0324311914 	 0.0002495145 	 0.0324292094 	 0.9994476748 
123.0000000000 	 0.0337346139 	 0.0002238656 	 0.0337342440 	 0.9994419241 
123.5000000000 	 0.0349229051 	 0.0002039040 	 0.0349211730 	 0.9994478278 
124.0000000000 	 0.0359413561 	 0.0001930502 	 0.0359602747 	 0.9994435210 
124.5000000000 	 0.0367981711 	 0.0001944048 	 0.0368179940 	 0.9994392345 
125.0000000000 	 0.0374554662 	 0.0002118100 	 0.0374735849 	 0.9994341402 
125.5000000000 	 0.0378973863 	 0.0002501291 	 0.0379107255 	 0.9994320259 
126.0000000000 	 0.0381094171 	 0.0003040005 	 0.0381252090 	 0.9994284477 
126.5000000000 	 0.0381085339 	 0.0003738709 	 0.0381215421 	 0.9994243477 
127.0000000000 	 0.0378885136 	 0.0004542253 	 0.0379030560 	 0.9994179602 
127.5000000000 	 0.0374505659 	 0.0005295657 	 0.0374744348 	 0.9994144797 
128.0000000000 	 0.0368346849 	 0.0005811052 	 0.0368376142 	 0.9994131572 
128.5000000000 	 0.0360438555 	 0.0005968219 	 0.0360401484 	 0.9994088187 
129.0000000000 	 0.0350899467 	 0.0005654732 	 0.0350935167 	 0.9994076755 
129.5000000000 	 0.0339969427 	 0.0004846558 	 0.0340317322 	 0.9993935733 
130.0000000000 	 0.0328015748 	 0.0003605285 	 0.0328078032 	 0.9993886298 
130.5000000000 	 0.0314755274 	 0.0002191116 	 0.0314974990 	 0.9993873443 
131.0000000000 	 0.0300809145 	 0.0001023299 	 0.0300917803 	 0.9993873975 
131.5000000000 	 0.0286029950 	 0.0000624697 	 0.0286146625 	 0.9993818158 
132.0000000000 	 0.0270661325 	 0.0001639655 	 0.0270661672 	 0.9993809403 
132.5000000000 	 0.0254589273 	 0.0004810148 	 0.0254731359 	 0.9993800749 
133.0000000000 	 0.0238111516 	 0.0010993627 	 0.0238267304 	 0.9993753247 
133.5000000000 	 0.0221519792 	 0.0020957261 	 0.0221687170 	 0.9993736536 
134.0000000000 	 0.0204966802 	 0.0035476429 	 0.0205150631 	 0.9993698301 
134.5000000000 	 0.0188848788 	 0.0055254942 	 0.0188943894 	 0.9993644841 
135.0000000000 	 0.0172995387 	 0.0080758666 	 0.0173255439 	 0.9993579957 
135.5000000000 	 0.0158179330 	 0.0112348465 	 0.0158329398 	 0.9993536450 
136.0000000000 	 0.0144502568 	 0.0150134230 	 0.0144576459 	 0.9993506054 
136.5000000000 	 0.0131942503 	 0.0194125071 	 0.0132064193 	 0.9993512252 
137.0000000000 	 0.0120961490 	 0.0243851379 	 0.0120999783 	 0.9993441712 
137.5000000000 	 0.0111723546 	 0.0298918854 	 0.0111621328 	 0.9993415383 
138.0000000000 	 0.0104194879 	 0.0358548748 	 0.0104043141 	 0.9993371269 
138.5000000000 	 0.0098617707 	 0.0421950275 	 0.0098435294 	 0.9993349297 
139.0000000000 	 0.0094875820 	 0.0487856985 	 0.0094663079 	 0.9993263799 
139.5000000000 	 0.0092908916 	 0.0555262257 	 0.0092799230 	 0.9993223169 
140.0000000000 	 0.0092843387 	 0.0623079436 	 0.0092690166 	 0.9993195083 
140.5000000000 	 0.0094412677 	 0.0690240086 	 0.0094270716 	 0.9993178313 
141.0000000000 	 0.0097435184 	 0.0755226836 	 0.0097302385 	 0.9993157082 
141.5000000000 	 0.0101654755 	 0.0817185172 	 0.0101544176 	 0.9993128476 
142.0000000000 	 0.0106973932 	 0.0874937014 	 0.0106861646 	 0.9993080053 
142.5000000000 	 0.0113088939 	 0.0927715091 	 0.0112990269 	 0.9993059973 
143.0000000000 	 0.0119826244 	 0.0974714111 	 0.0119733251 	 0.9993046211 
143.5000000000 	 0.0126879424 	 0.1015323033 	 0.0126776567 	 0.9993024112 
144.0000000000 	 0.0133952468 	 0.1049745462 	 0.0133892976 	 0.9993009502 
144.5000000000 	 0.0140859212 	 0.1076822019 	 0.0140860612 	 0.9992992112 
145.0000000000 	 0.0147450111 	 0.1096710568 	 0.0147477580 	 0.9992965635 
145.5000000000 	 0.0153741420 	 0.1109389378 	 0.0153728692 	 0.9992945450 
146.0000000000 	 0.0159397184 	 0.1114986722 	 0.0159270991 	 0.9992905706 
146.5000000000 	 0.0164201366 	 0.1113995664 	 0.0164076435 	 0.9992886904 
147.0000000000 	 0.0168123775 	 0.1106377082 	 0.0167939526 	 0.9992859882 
147.5000000000 	 0.0170965127 	 0.1092433868 	 0.0170862679 	 0.9992801796 
148.0000000000 	 0.0172818716 	 0.1072143686 	 0.0172724421 	 0.9992768995 
148.5000000000 	 0.0173429055 	 0.1046995698 	 0.0173326413 	 0.9992752886 
149.0000000000 	 0.0172801612 	 0.1017449593 	 0.0172688917 	 0.9992718083 
149.5000000000 	 0.0171066725 	 0.0983090639 	 0.0170876304 	 0.9992697150 
150.0000000000 	 0.0168105197 	 0.0945353407 	 0.0167876766 	 0.9992663736 
150.5000000000 	 0.0163993421 	 0.0904024392 	 0.0163878838 	 0.9992641978 
151.0000000000 	 0.0158799836 	 0.0859813669 	 0.0158687323 	 0.9992609997 
151.5000000000 	 0.0153033104 	 0.0814313417 	 0.0152797877 	 0.9992570008 
152.0000000000 	 0.0146488757 	 0.0768552086 	 0.0146188201 	 0.9992543564 
152.5000000000 	 0.0139577819 	 0.0722629888 	 0.0139341404 	 0.9992527669 
153.0000000000 	 0.0132514857 	 0.0677308684 	 0.0132310545 	 0.9992505062 
153.5000000000 	 0.0125638437 	 0.0633131735 	 0.0125366402 	 0.9992492439 
154.0000000000 	 0.0119101273 	 0.0590901053 	 0.0119009461 	 0.9992425768 
154.5000000000 	 0.0113416325 	 0.0551291587 	 0.0113315431 	 0.9992394524 
155.0000000000 	 0.0108625216 	 0.0514903507 	 0.0108542455 	 0.9992371224 
155.5000000000 	 0.0105096423 	 0.0482628232 	 0.0105001515 	 0.9992346045 
156.0000000000 	 0.0102911290 	 0.0454785443 	 0.0102845189 	 0.9992295217 
156.5000000000 	 0.0102271967 	 0.0431315823 	 0.0102156522 	 0.9992242714 
157.0000000000 	 0.0103263088 	 0.0412661141 	 0.0103123690 	 0.9992206828 
157.5000000000 	 0.0105972628 	 0.0398881797 	 0.0105765742 	 0.9992169277 
158.0000000000 	 0.0110259417 	 0.0389779006 	 0.0110097062 	 0.9992110457 
158.5000000000 	 0.0116224656 	 0.0385464790 	 0.0116041768 	 0.9992088575 
159.0000000000 	 0.0123590849 	 0.0385558258 	 0.0123417794 	 0.9992049725 
159.5000000000 	 0.0132361977 	 0.0389584585 	 0.0132195085 	 0.9991996632 
160.0000000000 	 0.0142297242 	 0.0397234776 	 0.0142133096 	 0.9991975957 
160.5000000000 	 0.0153154801 	 0.0408057107 	 0.0153077133 	 0.9991961539 
161.0000000000 	 0.0164715568 	 0.0421218134 	 0.0164739209 	 0.9991862386 
161.5000000000 	 0.0176734006 	 0.0436178228 	 0.0176725216 	 0.9991742813 
162.0000000000 	 0.0188906374 	 0.0452305010 	 0.0188918811 	 0.9991721462 
162.5000000000 	 0.0201108943 	 0.0468959200 	 0.0200940170 	 0.9991687516 
163.0000000000 	 0.0212956524 	 0.0485362498 	 0.0212853938 	 0.9991648691 
163.5000000000 	 0.0224142099 	 0.0501416426 	 0.0224101003 	 0.9991612913 
164.0000000000 	 0.0234462836 	 0.0516392995 	 0.0234477156 	 0.9991591519 
164.5000000000 	 0.0244064713 	 0.0529865051 	 0.0243980254 	 0.9991560462 
165.0000000000 	 0.0252515535 	 0.0541032506 	 0.0252321639 	 0.9991516837 
165.5000000000 	 0.0259922463 	 0.0549950946 	 0.0259533558 	 0.9991469474 
166.0000000000 	 0.0266013162 	 0.0556473818 	 0.0265697196 	 0.9991434886 
166.5000000000 	 0.0270494058 	 0.0560045636 	 0.0270474856 	 0.9991380633 
167.0000000000 	 0.0273609336 	 0.0561340562 	 0.0273425367 	 0.9991309703 
167.5000000000 	 0.0275154815 	 0.0559839993 	 0.0275091963 	 0.9991281288 
168.0000000000 	 0.0275330131 	 0.0555560729 	 0.0275264830 	 0.9991246678 
168.5000000000 	 0.0274215736 	 0.0548361848 	 0.0274019935 	 0.9991185272 
169.0000000000 	 0.0271654396 	 0.0538843195 	 0.0271547961 	 0.9991141673 
169.5000000000 	 0.0267816345 	 0.0527290820 	 0.0267747023 	 0.9991119670 
170.0000000000 	 0.0262715800 	 0.0513910677 	 0.0262673915 	 0.9991088544 
170.5000000000 	 0.0256348119 	 0.0498477510 	 0.0256272525 	 0.9991075370 
171.0000000000 	 0.0248909030 	 0.0481312775 	 0.0248743689 	 0.9991041120 
171.5000000000 	 0.0240514696 	 0.0462946152 	 0.0240374941 	 0.9991017524 
172.0000000000 	 0.0231291271 	 0.0443409591 	 0.0231221701 	 0.9990969323 
172.5000000000 	 0.0221396939 	 0.0423073085 	 0.0221330185 	 0.9990954380 
173.0000000000 	 0.0211137815 	 0.0402561078 	 0.0210929604 	 0.9990922426 
173.5000000000 	 0.0200464599 	 0.0381534096 	 0.0200168805 	 0.9990903542 
174.0000000000 	 0.0189587538 	 0.0360200095 	 0.0189211007 	 0.9990884315 
174.5000000000 	 0.0178746046 	 0.0339125526 	 0.0178359633 	 0.9990863127 
175.0000000000 	 0.0168064295 	 0.0318274314 	 0.0167757042 	 0.9990829673 
175.5000000000 	 0.0157724305 	 0.0297745319 	 0.0157534948 	 0.9990805733 
176.0000000000 	 0.0148040247 	 0.0277653821 	 0.0147910400 	 0.9990777548 
176.5000000000 	 0.0139105382 	 0.0258386397 	 0.0138967650 	 0.9990759625 
177.0000000000 	 0.0131046732 	 0.0239759163 	 0.0130909083 	 0.9990733685 
177.5000000000 	 0.0124006042 	 0.0221936486 	 0.0123849708 	 0.9990727043 
178.0000000000 	 0.0118113527 	 0.0204883308 	 0.0117943351 	 0.9990715665 
178.5000000000 	 0.0113195049 	 0.0188708754 	 0.0113040291 	 0.9990691223 
179.0000000000 	 0.0109434297 	 0.0173391549 	 0.0109306634 	 0.9990670826 
179.5000000000 	 0.0106787362 	 0.0158987775 	 0.0106650904 	 0.9990654333 
180.0000000000 	 0.0105244531 	 0.0145390786 	 0.0105132056 	 0.9990615653 
180.5000000000 	 0.0104701147 	 0.0132688649 	 0.0104582685 	 0.9990544471 
181.0000000000 	 0.0104945857 	 0.0120894301 	 0.0104916987 	 0.9990531002 
181.5000000000 	 0.0106021790 	 0.0109928096 	 0.0106019424 	 0.9990521627 
182.0000000000 	 0.0107610224 	 0.0099739909 	 0.0107617423 	 0.9990485964 
182.5000000000 	 0.0109743523 	 0.0090354696 	 0.0109655927 	 0.9990470853 
183.0000000000 	 0.0112218610 	 0.0081701068 	 0.0112131669 	 0.9990468840 
183.5000000000 	 0.0115042503 	 0.0073735651 	 0.0114888731 	 0.9990407121 
184.0000000000 	 0.0117928227 	 0.0066465433 	 0.0117742079 	 0.9990371416 
184.5000000000 	 0.0120855014 	 0.0059800485 	 0.0120614631 	 0.9990326664 
185.0000000000 	 0.0123688004 	 0.0053751993 	 0.0123447724 	 0.9990301442 
185.5000000000 	 0.0126569405 	 0.0048230738 	 0.0126308418 	 0.9990259673 
186.0000000000 	 0.0129456815 	 0.0043221583 	 0.0129182042 	 0.9990236195 
186.5000000000 	 0.0132342806 	 0.0038675403 	 0.0132036203 	 0.9990142881 
187.0000000000 	 0.0135195538 	 0.0034587840 	 0.0134980645 	 0.9990110874 
187.5000000000 	 0.0138177053 	 0.0030917215 	 0.0137947005 	 0.9990033581 
188.0000000000 	 0.0141182911 	 0.0027661754 	 0.0140943521 	 0.9989985599 
188.5000000000 	 0.0144447785 	 0.0024755292 	 0.0144218511 	 0.9989924212 
189.0000000000 	 0.0148087017 	 0.0022169196 	 0.0147737697 	 0.9989889042 
189.5000000000 	 0.0152008317 	 0.0019867218 	 0.0151561898 	 0.9989828430 
190.0000000000 	 0.0156290289 	 0.0017794332 	 0.0155835525 	 0.9989749321 
190.5000000000 	 0.0160985194 	 0.0015941671 	 0.0160585637 	 0.9989704952 
191.0000000000 	 0.0166135740 	 0.0014282427 	 0.0165758560 	 0.9989468957 
191.5000000000 	 0.0171700442 	 0.0012813010 	 0.0171271539 	 0.9989396922 
192.0000000000 	 0.0177625509 	 0.0011515569 	 0.0177336242 	 0.9989314125 
192.5000000000 	 0.0183995762 	 0.0010395031 	 0.0183742913 	 0.9989252898 
193.0000000000 	 0.0190757411 	 0.0009446848 	 0.0190484345 	 0.9989179410 
193.5000000000 	 0.0197803367 	 0.0008654570 	 0.0197526877 	 0.9989107923 
194.0000000000 	 0.0205080088 	 0.0008009472 	 0.0204808939 	 0.9989086265 
194.5000000000 	 0.0212345070 	 0.0007554983 	 0.0212098997 	 0.9989056616 
195.0000000000 	 0.0219618751 	 0.0007278249 	 0.0219404828 	 0.9989000869 
195.5000000000 	 0.0226730491 	 0.0007106095 	 0.0226560192 	 0.9988921253 
196.0000000000 	 0.0233579741 	 0.0007058334 	 0.0233481822 	 0.9988896698 
196.5000000000 	 0.0240092975 	 0.0007099012 	 0.0240023306 	 0.9988859069 
197.0000000000 	 0.0246194880 	 0.0007173867 	 0.0246072853 	 0.9988815949 
197.5000000000 	 0.0251719046 	 0.0007293931 	 0.0251552524 	 0.9988804022 
198.0000000000 	 0.0256499696 	 0.0007318756 	 0.0256326292 	 0.9988682018 
198.5000000000 	 0.0260532990 	 0.0007223866 	 0.0260367245 	 0.9988390742 
199.0000000000 	 0.0263739777 	 0.0007008085 	 0.0263673477 	 0.9988360429 
199.5000000000 	 0.0266081316 	 0.0006592027 	 0.0266013086 	 0.9988342601 
200.0000000000 	 0.0267507059 	 0.0005949719 	 0.0267375601 	 0.9988264725 
200.5000000000 	 0.0267899312 	 0.0005158252 	 0.0267807896 	 0.9988213218 
201.0000000000 	 0.0267242430 	 0.0004204917 	 0.0267109315 	 0.9988158549 
201.5000000000 	 0.0265562526 	 0.0003180240 	 0.0265494755 	 0.9988140308 
202.0000000000 	 0.0262942289 	 0.0002228459 	 0.0262888498 	 0.9988109064 
202.5000000000 	 0.0259281754 	 0.0001526520 	 0.0259114866 	 0.9988083252 
203.0000000000 	 0.0254766626 	 0.0001250265 	 0.0254599860 	 0.9988053361 
203.5000000000 	 0.0249253330 	 0.0001642889 	 0.0249139163 	 0.9988018695 
204.0000000000 	 0.0242814848 	 0.0002949631 	 0.0242885003 	 0.9988035185 
204.5000000000 	 0.0235611206 	 0.0005448277 	 0.0235715946 	 0.9988010110 
205.0000000000 	 0.0227807601 	 0.0009432477 	 0.0227884847 	 0.9988011540 
205.5000000000 	 0.0219505423 	 0.0015155307 	 0.0219553715 	 0.9987869456 
206.0000000000 	 0.0210932425 	 0.0022886296 	 0.0210767586 	 0.9987858284 
206.5000000000 	 0.0201813561 	 0.0032877498 	 0.0201770809 	 0.9987826976 
207.0000000000 	 0.0192451647 	 0.0045354793 	 0.0192404764 	 0.9987814118 
207.5000000000 	 0.0183105615 	 0.0060471497 	 0.0183058404 	 0.9987782817 
208.0000000000 	 0.0173940316 	 0.0078337268 	 0.0173892339 	 0.9987757201 
208.5000000000 	 0.0165136289 	 0.0099066576 	 0.0164974414 	 0.9987734404 
209.0000000000 	 0.0156548278 	 0.0122585687 	 0.0156375300 	 0.9987713123 
209.5000000000 	 0.0148377938 	 0.0148822441 	 0.0148186858 	 0.9987692776 
210.0000000000 	 0.0140737789 	 0.0177723008 	 0.0140601969 	 0.9987643483 
210.5000000000 	 0.0133686666 	 0.0209075506 	 0.0133611007 	 0.9987564302 
211.0000000000 	 0.0127404088 	 0.0242560510 	 0.0127349380 	 0.9987507290 
211.5000000000 	 0.0121927991 	 0.0277774161 	 0.0121779056 	 0.9987487128 
212.0000000000 	 0.0117277533 	 0.0314549652 	 0.0116995289 	 0.9987453827 
212.5000000000 	 0.0113227151 	 0.0352497201 	 0.0112931498 	 0.9987420244 
213.0000000000 	 0.0110049315 	 0.0391212651 	 0.0109723150 	 0.9987412803 
213.5000000000 	 0.0107643898 	 0.0429923221 	 0.0107352430 	 0.9987394988 
214.0000000000 	 0.0105778729 	 0.0468462793 	 0.0105757488 	 0.9987325106 
214.5000000000 	 0.0104950096 	 0.0506489386 	 0.0105024660 	 0.9987332659 
215.0000000000 	 0.0104728090 	 0.0543410799 	 0.0104755298 	 0.9987272668 
215.5000000000 	 0.0105066468 	 0.0578889537 	 0.0105052544 	 0.9987260350 
216.0000000000 	 0.0105993248 	 0.0612539302 	 0.0105892337 	 0.9987206239 
216.5000000000 	 0.0107431404 	 0.0643803184 	 0.0107175315 	 0.9987174911 
217.0000000000 	 0.0109135399 	 0.0672284052 	 0.0108766106 	 0.9987151770 
217.5000000000 	 0.0111036982 	 0.0697808867 	 0.0110592506 	 0.9987136475 
218.0000000000 	 0.0113039956 	 0.0720205192 	 0.0112526424 	 0.9987107162 
218.5000000000 	 0.0115018287 	 0.0739227408 	 0.0114464268 	 0.9987076249 
219.0000000000 	 0.0116869647 	 0.0754871695 	 0.0116288407 	 0.9987032561 
219.5000000000 	 0.0118478479 	 0.0766377870 	 0.0118025882 	 0.9986984672 
220.0000000000 	 0.0119996416 	 0.0774267548 	 0.0119548705 	 0.9986960124 
220.5000000000 	 0.0121155301 	 0.0778147008 	 0.0120827795 	 0.9986951998 
221.0000000000 	 0.0121865856 	 0.0778343501 	 0.0121589005 	 0.9986948805 
221.5000000000 	 0.0122159102 	 0.0774963569 	 0.0121909114 	 0.9986929960 
222.0000000000 	 0.0121993668 	 0.0768163342 	 0.0121796017 	 0.9986913736 
222.5000000000 	 0.0121356036 	 0.0758190460 	 0.0121173200 	 0.9986860686 
223.0000000000 	 0.0120259319 	 0.0745275341 	 0.0120125723 	 0.9986837835 
223.5000000000 	 0.0118812992 	 0.0729648195 	 0.0118634575 	 0.9986810517 
224.0000000000 	 0.0116967839 	 0.0711648378 	 0.0116801000 	 0.9986803439 
224.5000000000 	 0.0114832912 	 0.0691779018 	 0.0114684692 	 0.9986769369 
225.0000000000 	 0.0112459416 	 0.0670600461 	 0.0112347147 	 0.9986746512 
225.5000000000 	 0.0109999991 	 0.0648169633 	 0.0109863313 	 0.9986720772 
226.0000000000 	 0.0107478393 	 0.0624939528 	 0.0107343368 	 0.9986687635 
226.5000000000 	 0.0105063588 	 0.0601551958 	 0.0104897259 	 0.9986606640 
227.0000000000 	 0.0102917831 	 0.0578267322 	 0.0102681435 	 0.9986531977 
227.5000000000 	 0.0100886880 	 0.0555380121 	 0.0100696214 	 0.9986417731 
228.0000000000 	 0.0099217954 	 0.0533089987 	 0.0099033766 	 0.9986384025 
228.5000000000 	 0.0098125921 	 0.0511705065 	 0.0097888140 	 0.9986295773 
229.0000000000 	 0.0097539008 	 0.0492127586 	 0.0097267848 	 0.9986265156 
229.5000000000 	 0.0097538873 	 0.0473905961 	 0.0097319680 	 0.9986244535 
230.0000000000 	 0.0098152429 	 0.0457449735 	 0.0097932406 	 0.9986235199 
230.5000000000 	 0.0099445268 	 0.0442915785 	 0.0099238607 	 0.9986204759 
231.0000000000 	 0.0101406863 	 0.0430431173 	 0.0101233912 	 0.9986155895 
231.5000000000 	 0.0104018673 	 0.0419858867 	 0.0103908505 	 0.9986111570 
232.0000000000 	 0.0107394021 	 0.0411449406 	 0.0107238212 	 0.9986058498 
232.5000000000 	 0.0111342431 	 0.0405116566 	 0.0111184284 	 0.9986016534 
233.0000000000 	 0.0115902673 	 0.0400694567 	 0.0115730483 	 0.9985993654 
233.5000000000 	 0.0120975281 	 0.0397855508 	 0.0120816852 	 0.9985947171 
234.0000000000 	 0.0126429783 	 0.0396395370 	 0.0126309472 	 0.9985892500 
234.5000000000 	 0.0132351578 	 0.0396261361 	 0.0132274087 	 0.9985859842 
235.0000000000 	 0.0138562956 	 0.0397338537 	 0.0138471982 	 0.9985832202 
235.5000000000 	 0.0144979401 	 0.0399560193 	 0.0144854685 	 0.9985789929 
236.0000000000 	 0.0151432564 	 0.0402757579 	 0.0151326160 	 0.9985735240 
236.5000000000 	 0.0157941330 	 0.0406074289 	 0.0157730791 	 0.9985686411 
237.0000000000 	 0.0164195060 	 0.0409724361 	 0.0164130664 	 0.9985619941 
237.5000000000 	 0.0170230066 	 0.0413452127 	 0.0170247951 	 0.9985584797 
238.0000000000 	 0.0176000871 	 0.0416936688 	 0.0175984279 	 0.9985512037 
238.5000000000 	 0.0181382487 	 0.0419946772 	 0.0181261689 	 0.9985486637 
239.0000000000 	 0.0186230649 	 0.0422257086 	 0.0186097977 	 0.9985429443 
239.5000000000 	 0.0190477793 	 0.0423761703 	 0.0190327127 	 0.9985381557 
240.0000000000 	 0.0194016555 	 0.0424497595 	 0.0193831631 	 0.9985371420 
240.5000000000 	 0.0196881632 	 0.0424333905 	 0.0196689248 	 0.9985323539 
241.0000000000 	 0.0198998377 	 0.0423065744 	 0.0198861275 	 0.9985290498 
241.5000000000 	 0.0200300528 	 0.0420841530 	 0.0200172435 	 0.9985261269 
242.0000000000 	 0.0200863607 	 0.0417525646 	 0.0200752724 	 0.9985242733 
242.5000000000 	 0.0200649979 	 0.0412865770 	 0.0200562628 	 0.9985221380 
243.0000000000 	 0.0199732721 	 0.0407333613 	 0.0199638712 	 0.9985176926 
243.5000000000 	 0.0198075114 	 0.0400868695 	 0.0197945047 	 0.9985111418 
244.0000000000 	 0.0195610172 	 0.0393425450 	 0.0195389631 	 0.9985037995 
244.5000000000 	 0.0192506182 	 0.0385052727 	 0.0192285584 	 0.9984988597 
245.0000000000 	 0.0188822524 	 0.0375772379 	 0.0188585190 	 0.9984979273 
245.5000000000 	 0.0184567678 	 0.0365584118 	 0.0184310834 	 0.9984945676 
246.0000000000 	 0.0179867879 	 0.0354533305 	 0.0179630127 	 0.9984916614 
246.5000000000 	 0.0174805279 	 0.0343003635 	 0.0174566298 	 0.9984901952 
247.0000000000 	 0.0169428562 	 0.0331042931 	 0.0169154715 	 0.9984887573 
247.5000000000 	 0.0163816698 	 0.0318719382 	 0.0163589273 	 0.9984864582 
248.0000000000 	 0.0158096064 	 0.0306098912 	 0.0157909076 	 0.9984832833 
248.5000000000 	 0.0152452986 	 0.0293225440 	 0.0152239103 	 0.9984802997 
249.0000000000 	 0.0146979633 	 0.0280036456 	 0.0146638857 	 0.9984758515 
249.5000000000 	 0.0141634930 	 0.0266910867 	 0.0141196663 	 0.9984753554 
250.0000000000 	 0.0136464440 	 0.0253895511 	 0.0135958687 	 0.9984702123 
250.5000000000 	 0.0131550274 	 0.0240935032 	 0.0131059859 	 0.9984688051 
251.0000000000 	 0.0126906925 	 0.0228123518 	 0.0126420856 	 0.9984642689 
251.5000000000 	 0.0122676315 	 0.0215573899 	 0.0122204871 	 0.9984637516 
252.0000000000 	 0.0118851052 	 0.0203302738 	 0.0118386189 	 0.9984599379 
252.5000000000 	 0.0115415088 	 0.0191278177 	 0.0114927939 	 0.9984560252 
253.0000000000 	 0.0112391251 	 0.0179571463 	 0.0111963733 	 0.9984533612 
253.5000000000 	 0.0109802808 	 0.0168222311 	 0.0109395024 	 0.9984505530 
254.0000000000 	 0.0107658958 	 0.0157276858 	 0.0107290644 	 0.9984478657 
254.5000000000 	 0.0105951413 	 0.0146633219 	 0.0105501491 	 0.9984441308 
255.0000000000 	 0.0104560815 	 0.0136536321 	 0.0104154807 	 0.9984385513 
255.5000000000 	 0.0103506051 	 0.0126887960 	 0.0103142775 	 0.9984348305 
256.0000000000 	 0.0102803844 	 0.0117717034 	 0.0102464908 	 0.9984291410 
256.5000000000 	 0.0102334907 	 0.0109053746 	 0.0102107075 	 0.9984211033 
257.0000000000 	 0.0102222414 	 0.0100864920 	 0.0101946598 	 0.9984175977 
257.5000000000 	 0.0102452688 	 0.0093170953 	 0.0102163274 	 0.9984137592 
258.0000000000 	 0.0102914672 	 0.0086009782 	 0.0102594057 	 0.9984102065 
258.5000000000 	 0.0103594711 	 0.0079210376 	 0.0103271984 	 0.9984071221 
259.0000000000 	 0.0104509712 	 0.0072843061 	 0.0104213104 	 0.9984033500 
259.5000000000 	 0.0105693090 	 0.0066861616 	 0.0105414438 	 0.9983998572 
260.0000000000 	 0.0107153923 	 0.0061322959 	 0.0106895196 	 0.9983994495 
260.5000000000 	 0.0108888598 	 0.0056163630 	 0.0108666747 	 0.9983979727 
261.0000000000 	 0.0110957655 	 0.0051414663 	 0.0110768420 	 0.9983938315 
261.5000000000 	 0.0113256059 	 0.0047050945 	 0.0113107183 	 0.9983882206 
262.0000000000 	 0.0115820209 	 0.0042984805 	 0.0115694007 	 0.9983839644 
262.5000000000 	 0.0118638193 	 0.0039247652 	 0.0118560069 	 0.9983801244 
263.0000000000 	 0.0121757676 	 0.0035822714 	 0.0121674530 	 0.9983695644 
263.5000000000 	 0.0125197799 	 0.0032698786 	 0.0124976033 	 0.9983638700 
264.0000000000 	 0.0128930478 	 0.0029875183 	 0.0128686348 	 0.9983558827 
264.5000000000 	 0.0132873258 	 0.0027362242 	 0.0132597260 	 0.9983498887 
265.0000000000 	 0.0137041656 	 0.0025117204 	 0.0136737753 	 0.9983444121 
265.5000000000 	 0.0141432614 	 0.0023132512 	 0.0141154080 	 0.9983415147 
266.0000000000 	 0.0146040122 	 0.0021393765 	 0.0145739456 	 0.9983388021 
266.5000000000 	 0.0150826248 	 0.0019842133 	 0.0150441458 	 0.9983340581 
267.0000000000 	 0.0155755314 	 0.0018495678 	 0.0155315788 	 0.9983291123 
267.5000000000 	 0.0160800431 	 0.0017279880 	 0.0160343332 	 0.9983242208 
268.0000000000 	 0.0165878342 	 0.0016173945 	 0.0165345090 	 0.9983201952 
268.5000000000 	 0.0170930357 	 0.0015186731 	 0.0170367565 	 0.9983167610 
269.0000000000 	 0.0175846912 	 0.0014277441 	 0.0175342142 	 0.9983095770 
269.5000000000 	 0.0180636942 	 0.0013398048 	 0.0180202455 	 0.9982992024 
270.0000000000 	 0.0185192187 	 0.0012498032 	 0.0184781103 	 0.9982963169 
270.5000000000 	 0.0189447407 	 0.0011602458 	 0.0189098951 	 0.9982813928 
271.0000000000 	 0.0193376354 	 0.0010652668 	 0.0193066309 	 0.9982753219 
271.5000000000 	 0.0196949527 	 0.0009633995 	 0.0196644987 	 0.9982700805 
272.0000000000 	 0.0200015664 	 0.0008596376 	 0.0199687363 	 0.9982660582 
272.5000000000 	 0.0202662392 	 0.0007546985 	 0.0202311925 	 0.9982623110 
273.0000000000 	 0.0204734010 	 0.0006481547 	 0.0204380361 	 0.9982569416 
273.5000000000 	 0.0206361623 	 0.0005453013 	 0.0206038655 	 0.9982526736 
274.0000000000 	 0.0207319590 	 0.0004493445 	 0.0207122242 	 0.9982461959 
274.5000000000 	 0.0207753766 	 0.0003623046 	 0.0207593277 	 0.9982422284 
275.0000000000 	 0.0207532812 	 0.0003035603 	 0.0207343300 	 0.9982375567 
275.5000000000 	 0.0206616026 	 0.0002814011 	 0.0206483521 	 0.9982338149 
276.0000000000 	 0.0205176525 	 0.0003081584 	 0.0205070031 	 0.9982286989 
276.5000000000 	 0.0203165284 	 0.0003966193 	 0.0203074423 	 0.9982242596 
277.0000000000 	 0.0200636174 	 0.0005571277 	 0.0200531405 	 0.9982195667 
277.5000000000 	 0.0197540508 	 0.0008014615 	 0.0197466064 	 0.9982154235 
278.0000000000 	 0.0193963274 	 0.0011439173 	 0.0193876452 	 0.9982114651 
278.5000000000 	 0.0189940395 	 0.0016019205 	 0.0189869639 	 0.9982086400 
279.0000000000 	 0.0185549755 	 0.0021839918 	 0.0185491360 	 0.9982037772 
279.5000000000 	 0.0180684702 	 0.0029014606 	 0.0180632193 	 0.9981990401 
280.0000000000 	 0.0175573394 	 0.0037658710 	 0.0175512248 	 0.9981959424 
280.5000000000 	 0.0170344306 	 0.0047805881 	 0.0170277136 	 0.9981931717 
281.0000000000 	 0.0164939236 	 0.0059505118 	 0.0164920476 	 0.9981916511 
281.5000000000 	 0.0159604660 	 0.0072827646 	 0.0159557944 	 0.9981904667 
282.0000000000 	 0.0154194039 	 0.0087806187 	 0.0154073530 	 0.9981863590 
282.5000000000 	 0.0148884643 	 0.0104468073 	 0.0148660909 	 0.9981830330 
283.0000000000 	 0.0143680969 	 0.0122607686 	 0.0143378870 	 0.9981793244 
283.5000000000 	 0.0138775143 	 0.0142230481 	 0.0138254778 	 0.9981733002 
284.0000000000 	 0.0134031302 	 0.0163237818 	 0.0133458355 	 0.9981663525 
284.5000000000 	 0.0129554315 	 0.0185601493 	 0.0128845072 	 0.9981638075 
285.0000000000 	 0.0125339514 	 0.0209032347 	 0.0124686852 	 0.9981618363 
285.5000000000 	 0.0121404501 	 0.0233514016 	 0.0120915971 	 0.9981578691 
286.0000000000 	 0.0117786426 	 0.0258791611 	 0.0117486712 	 0.9981569141 
286.5000000000 	 0.0114736800 	 0.0284541597 	 0.0114258603 	 0.9981553615 
287.0000000000 	 0.0112004953 	 0.0310479863 	 0.0111558804 	 0.9981543119 
287.5000000000 	 0.0109653453 	 0.0336353779 	 0.0109263659 	 0.9981520615 
288.0000000000 	 0.0107661831 	 0.0362136541 	 0.0107331553 	 0.9981455966 
288.5000000000 	 0.0106026122 	 0.0387570226 	 0.0105727550 	 0.9981432040 
289.0000000000 	 0.0104723363 	 0.0412386957 	 0.0104323172 	 0.9981410066 
289.5000000000 	 0.0103658024 	 0.0436384145 	 0.0103411118 	 0.9981374761 
290.0000000000 	 0.0102892510 	 0.0459080214 	 0.0102676368 	 0.9981337903 
290.5000000000 	 0.0102315259 	 0.0480555880 	 0.0102030757 	 0.9981309663 
291.0000000000 	 0.0101833827 	 0.0500422162 	 0.0101479818 	 0.9981259164 
291.5000000000 	 0.0101506848 	 0.0518423195 	 0.0101118486 	 0.9981254133 
292.0000000000 	 0.0101278854 	 0.0534642208 	 0.0100891554 	 0.9981246596 
292.5000000000 	 0.0101143788 	 0.0548914085 	 0.0100719290 	 0.9981216907 
293.0000000000 	 0.0100937807 	 0.0561159865 	 0.0100458668 	 0.9981181920 
293.5000000000 	 0.0100657304 	 0.0571276046 	 0.0100202815 	 0.9981159785 
294.0000000000 	 0.0100237493 	 0.0579189185 	 0.0099896028 	 0.9981125555 
294.5000000000 	 0.0099862507 	 0.0584798416 	 0.0099533762 	 0.9981085357 
295.0000000000 	 0.0099366059 	 0.0588304351 	 0.0098975211 	 0.9981075396 
295.5000000000 	 0.0098756730 	 0.0589543862 	 0.0098356740 	 0.9981030584 
296.0000000000 	 0.0097963732 	 0.0588473726 	 0.0097605059 	 0.9981006683 
296.5000000000 	 0.0097132286 	 0.0585622144 	 0.0096709935 	 0.9980953189 
297.0000000000 	 0.0096093219 	 0.0581061361 	 0.0095756347 	 0.9980914221 
297.5000000000 	 0.0095027366 	 0.0575051911 	 0.0094727107 	 0.9980898452 
298.0000000000 	 0.0093893485 	 0.0567633824 	 0.0093610726 	 0.9980874178 
298.5000000000 	 0.0092793632 	 0.0558732799 	 0.0092469112 	 0.9980778255 
299.0000000000 	 0.0091736198 	 0.0549016217 	 0.0091425304 	 0.9980733415 
299.5000000000 	 0.0090755738 	 0.0538450921 	 0.0090419831 	 0.9980690730 
300.0000000000 	 0.0089871222 	 0.0527121573 	 0.0089490782 	 0.9980636120 
300.5000000000 	 0.0089087806 	 0.0515370447 	 0.0088799294 	 0.9980596314 
301.0000000000 	 0.0088561157 	 0.0503039740 	 0.0088226682 	 0.9980575599 
301.5000000000 	 0.0088167174 	 0.0490550616 	 0.0087777959 	 0.9980565439 
302.0000000000 	 0.0088036381 	 0.0478186846 	 0.0087642003 	 0.9980525065 
302.5000000000 	 0.0088136701 	 0.0466127609 	 0.0087815176 	 0.9980507987 
303.0000000000 	 0.0088615652 	 0.0454523974 	 0.0088276942 	 0.9980481711 
303.5000000000 	 0.0089417121 	 0.0443389222 	 0.0088965764 	 0.9980447861 
304.0000000000 	 0.0090548429 	 0.0433017560 	 0.0090017670 	 0.9980417341 
304.5000000000 	 0.0092007628 	 0.0423245242 	 0.0091456764 	 0.9980371446 
305.0000000000 	 0.0093814497 	 0.0414545338 	 0.0093247114 	 0.9980348889 
305.5000000000 	 0.0095894447 	 0.0406624081 	 0.0095423066 	 0.9980305383 
306.0000000000 	 0.0098357672 	 0.0399552891 	 0.0097924796 	 0.9980246432 
306.5000000000 	 0.0101113878 	 0.0393186361 	 0.0100798092 	 0.9980216184 
307.0000000000 	 0.0104179505 	 0.0387761148 	 0.0103906506 	 0.9980126876 
307.5000000000 	 0.0107510082 	 0.0383061985 	 0.0107297283 	 0.9980080311 
308.0000000000 	 0.0111012380 	 0.0378980551 	 0.0110890600 	 0.9980030051 
308.5000000000 	 0.0114759396 	 0.0375703462 	 0.0114603904 	 0.9979963170 
309.0000000000 	 0.0118638511 	 0.0373062901 	 0.0118471492 	 0.9979912346 
309.5000000000 	 0.0122581971 	 0.0370939083 	 0.0122406317 	 0.9979855614 
310.0000000000 	 0.0126536562 	 0.0369326532 	 0.0126367508 	 0.9979832000 
310.5000000000 	 0.0130462941 	 0.0367843878 	 0.0130329678 	 0.9979824543 
311.0000000000 	 0.0134392943 	 0.0366692862 	 0.0134244726 	 0.9979807715 
311.5000000000 	 0.0138163482 	 0.0365791928 	 0.0137974537 	 0.9979769089 
312.0000000000 	 0.0141710878 	 0.0364692657 	 0.0141522672 	 0.9979747512 
312.5000000000 	 0.0144982560 	 0.0363537524 	 0.0144773224 	 0.9979664678 
313.0000000000 	 0.0147964882 	 0.0362378238 	 0.0147687366 	 0.9979595372 
313.5000000000 	 0.0150676983 	 0.0360983382 	 0.0150334045 	 0.9979559752 
314.0000000000 	 0.0152949081 	 0.0359294461 	 0.0152565256 	 0.9979532947 
314.5000000000 	 0.0154857771 	 0.0357313373 	 0.0154377493 	 0.9979512547 
315.0000000000 	 0.0156376816 	 0.0354830679 	 0.0155809587 	 0.9979488052 
315.5000000000 	 0.0157452854 	 0.0352055972 	 0.0156873573 	 0.9979433388 
316.0000000000 	 0.0158178655 	 0.0348775526 	 0.0157572128 	 0.9979360489 
316.5000000000 	 0.0158502315 	 0.0344993821 	 0.0157819859 	 0.9979298420 
317.0000000000 	 0.0158307305 	 0.0340837577 	 0.0157685463 	 0.9979242985 
317.5000000000 	 0.0157698260 	 0.0335917828 	 0.0157084270 	 0.9979201532 
318.0000000000 	 0.0156644778 	 0.0330478704 	 0.0156077081 	 0.9979180038 
318.5000000000 	 0.0155193852 	 0.0324448207 	 0.0154732303 	 0.9979151862 
319.0000000000 	 0.0153435059 	 0.0318126811 	 0.0152910911 	 0.9979124753 
319.5000000000 	 0.0151388410 	 0.0311376092 	 0.0150833405 	 0.9979114665 
320.0000000000 	 0.0148991343 	 0.0304117110 	 0.0148454156 	 0.9979087690 
320.5000000000 	 0.0146361707 	 0.0296180992 	 0.0145821114 	 0.9979039225 
321.0000000000 	 0.0143493709 	 0.0288319087 	 0.0143014434 	 0.9979013619 
321.5000000000 	 0.0140483141 	 0.0280079245 	 0.0140074431 	 0.9978980216 
322.0000000000 	 0.0137397986 	 0.0271504677 	 0.0136946989 	 0.9978939032 
322.5000000000 	 0.0134257400 	 0.0262583694 	 0.0133786835 	 0.9978926063 
323.0000000000 	 0.0131077075 	 0.0253468430 	 0.0130585648 	 0.9978864697 
323.5000000000 	 0.0127852887 	 0.0244207319 	 0.0127364067 	 0.9978820416 
324.0000000000 	 0.0124709344 	 0.0234845243 	 0.0124171835 	 0.9978792913 
324.5000000000 	 0.0121546467 	 0.0225433331 	 0.0121030655 	 0.9978741803 
325.0000000000 	 0.0118477424 	 0.0215999268 	 0.0117952868 	 0.9978728463 
325.5000000000 	 0.0115576039 	 0.0206636046 	 0.0115053617 	 0.9978712476 
326.0000000000 	 0.0112756898 	 0.0197285956 	 0.0112302769 	 0.9978690421 
326.5000000000 	 0.0110056095 	 0.0187907994 	 0.0109677932 	 0.9978659705 
327.0000000000 	 0.0107634365 	 0.0178713613 	 0.0107202799 	 0.9978625892 
327.5000000000 	 0.0105385716 	 0.0169674423 	 0.0104978275 	 0.9978607225 
328.0000000000 	 0.0103316535 	 0.0160835245 	 0.0102934591 	 0.9978578291 
328.5000000000 	 0.0101462385 	 0.0152247010 	 0.0101085057 	 0.9978506709 
329.0000000000 	 0.0099763286 	 0.0143951377 	 0.0099385379 	 0.9978455286 
329.5000000000 	 0.0098335236 	 0.0135913590 	 0.0097939611 	 0.9978435089 
330.0000000000 	 0.0097213583 	 0.0128139632 	 0.0096738664 	 0.9978385618 
330.5000000000 	 0.0096248408 	 0.0120606418 	 0.0095744440 	 0.9978370435 
331.0000000000 	 0.0095523386 	 0.0113392543 	 0.0095045669 	 0.9978354434 
331.5000000000 	 0.0095007639 	 0.0106490232 	 0.0094574509 	 0.9978325918 
332.0000000000 	 0.0094727698 	 0.0099941878 	 0.0094344753 	 0.9978264388 
332.5000000000 	 0.0094790545 	 0.0093620015 	 0.0094426207 	 0.9978233696 
333.0000000000 	 0.0095088252 	 0.0087585915 	 0.0094738761 	 0.9978200917 
333.5000000000 	 0.0095673639 	 0.0081841839 	 0.0095363924 	 0.9978184525 
334.0000000000 	 0.0096499438 	 0.0076435126 	 0.0096222601 	 0.9978134925 
334.5000000000 	 0.0097583163 	 0.0071338993 	 0.0097297465 	 0.9978122261 
335.0000000000 	 0.0099008310 	 0.0066513462 	 0.0098607860 	 0.9978075048 
335.5000000000 	 0.0100604722 	 0.0062000163 	 0.0100315775 	 0.9977989051 
336.0000000000 	 0.0102441017 	 0.0057748329 	 0.0102052257 	 0.9977942869 
336.5000000000 	 0.0104531109 	 0.0053783654 	 0.0104037382 	 0.9977880280 
337.0000000000 	 0.0106866145 	 0.0050102034 	 0.0106265651 	 0.9977839345 
337.5000000000 	 0.0109511316 	 0.0046674253 	 0.0108865755 	 0.9977770844 
338.0000000000 	 0.0112303085 	 0.0043436923 	 0.0111657338 	 0.9977731459 
338.5000000000 	 0.0115262829 	 0.0040430814 	 0.0114626699 	 0.9977662713 
339.0000000000 	 0.0118390886 	 0.0037655792 	 0.0117755547 	 0.9977587714 
339.5000000000 	 0.0121647146 	 0.0035046305 	 0.0121047992 	 0.9977559957 
340.0000000000 	 0.0125033092 	 0.0032615477 	 0.0124468350 	 0.9977548964 
340.5000000000 	 0.0128466028 	 0.0030351528 	 0.0127967676 	 0.9977549776 
341.0000000000 	 0.0132017807 	 0.0028206672 	 0.0131534662 	 0.9977504826 
341.5000000000 	 0.0135649216 	 0.0026149476 	 0.0135219666 	 0.9977465171 
342.0000000000 	 0.0139270676 	 0.0024184863 	 0.0138847371 	 0.9977379876 
342.5000000000 	 0.0142823248 	 0.0022234077 	 0.0142407848 	 0.9977318173 
343.0000000000 	 0.0146286601 	 0.0020348803 	 0.0145931786 	 0.9977236236 
343.5000000000 	 0.0149573438 	 0.0018500420 	 0.0149299038 	 0.9977185708 
344.0000000000 	 0.0152679848 	 0.0016678605 	 0.0152483498 	 0.9977152039 
344.5000000000 	 0.0155610972 	 0.0014942917 	 0.0155433263 	 0.9977144380 
345.0000000000 	 0.0158277268 	 0.0013342786 	 0.0158188631 	 0.9977141399 
345.5000000000 	 0.0160766417 	 0.0011800527 	 0.0160610402 	 0.9977102379 
346.0000000000 	 0.0162908702 	 0.0010304240 	 0.0162763929 	 0.9977062496 
346.5000000000 	 0.0164834826 	 0.0008942147 	 0.0164607061 	 0.9977061221 
347.0000000000 	 0.0166387981 	 0.0007761827 	 0.0166205826 	 0.9976994120 
347.5000000000 	 0.0167633287 	 0.0006805733 	 0.0167414093 	 0.9976971187 
348.0000000000 	 0.0168493269 	 0.0006126665 	 0.0168290327 	 0.9976977554 
348.5000000000 	 0.0169036251 	 0.0005783339 	 0.0168826366 	 0.9976917015 
349.0000000000 	 0.0169199243 	 0.0005830110 	 0.0168997142 	 0.9976911763 
349.5000000000 	 0.0169021542 	 0.0006340216 	 0.0168799808 	 0.9976960665 
350.0000000000 	 0.0168457330 	 0.0007383697 	 0.0168220382 	 0.9976937531 
350.5000000000 	 0.0167641022 	 0.0009024515 	 0.0167281114 	 0.9976920253 
351.0000000000 	 0.0166395767 	 0.0011333658 	 0.0166025709 	 0.9976873613 
351.5000000000 	 0.0164717282 	 0.0014406023 	 0.0164335896 	 0.9976840854 
352.0000000000 	 0.0162749490 	 0.0018313900 	 0.0162357360 	 0.9976794797 
352.5000000000 	 0.0160517023 	 0.0023086012 	 0.0160129809 	 0.9976762048 
353.0000000000 	 0.0157991102 	 0.0028794818 	 0.0157453575 	 0.9976726986 
353.5000000000 	 0.0155371022 	 0.0035477815 	 0.0154726840 	 0.9976680674 
354.0000000000 	 0.0152450366 	 0.0043290463 	 0.0151818342 	 0.9976658990 
354.5000000000 	 0.0149410022 	 0.0052133954 	 0.0148735503 	 0.9976638392 
355.0000000000 	 0.0146205970 	 0.0062032148 	 0.0145566978 	 0.9976616555 
355.5000000000 	 0.0142918785 	 0.0072945851 	 0.0142362878 	 0.9976593726 
356.0000000000 	 0.0139611130 	 0.0084931420 	 0.0139068479 	 0.9976557682 
356.5000000000 	 0.0136336964 	 0.0097958954 	 0.0135786859 	 0.9976534796 
357.0000000000 	 0.0132882138 	 0.0112007621 	 0.0132395712 	 0.9976508206 
357.5000000000 	 0.0129593837 	 0.0126895832 	 0.0129081833 	 0.9976481870 
358.0000000000 	 0.0126586770 	 0.0142589754 	 0.0125972339 	 0.9976459116 
358.5000000000 	 0.0123538918 	 0.0159086776 	 0.0122914353 	 0.9976447774 
359.0000000000 	 0.0120548346 	 0.0176341431 	 0.0119879055 	 0.9976428407 
359.5000000000 	 0.0117742389 	 0.0194234571 	 0.0117065861 	 0.9976386419 
360.0000000000 	 0.0114929288 	 0.0212595758 	 0.0114379624 	 0.9976363472 
360.5000000000 	 0.0112358905 	 0.0231194743 	 0.0111853057 	 0.9976309227 
361.0000000000 	 0.0110036472 	 0.0249995987 	 0.0109549591 	 0.9976231814 
361.5000000000 	 0.0107863361 	 0.0268768140 	 0.0107400451 	 0.9976205765 
362.0000000000 	 0.0105822872 	 0.0287443821 	 0.0105333546 	 0.9976185213 
362.5000000000 	 0.0103957471 	 0.0305745205 	 0.0103388082 	 0.9976163455 
363.0000000000 	 0.0102223805 	 0.0323612977 	 0.0101664626 	 0.9976094226 
363.5000000000 	 0.0100645490 	 0.0340835087 	 0.0100165892 	 0.9976049353 
364.0000000000 	 0.0099153430 	 0.0357319522 	 0.0098596484 	 0.9976008256 
364.5000000000 	 0.0097755149 	 0.0373022396 	 0.0097150304 	 0.9975976646 
365.0000000000 	 0.0096474032 	 0.0388034967 	 0.0095818707 	 0.9975919996 
365.5000000000 	 0.0095343642 	 0.0401750692 	 0.0094660445 	 0.9975840185 
366.0000000000 	 0.0094238884 	 0.0414618188 	 0.0093525169 	 0.9975799961 
366.5000000000 	 0.0093025763 	 0.0426136650 	 0.0092452520 	 0.9975746263 
367.0000000000 	 0.0091931282 	 0.0436395428 	 0.0091426575 	 0.9975663216 
367.5000000000 	 0.0090934043 	 0.0445295713 	 0.0090419182 	 0.9975562564 
368.0000000000 	 0.0089933361 	 0.0452845360 	 0.0089507818 	 0.9975507603 
368.5000000000 	 0.0088991793 	 0.0459139814 	 0.0088586925 	 0.9975474908 
369.0000000000 	 0.0088133467 	 0.0464255451 	 0.0087677161 	 0.9975465553 
369.5000000000 	 0.0086987931 	 0.0468016291 	 0.0086633321 	 0.9975433177 
370.0000000000 	 0.0086033258 	 0.0470465747 	 0.0085727782 	 0.9975337204 
370.5000000000 	 0.0085153354 	 0.0471711515 	 0.0084929268 	 0.9975310155 
371.0000000000 	 0.0084314953 	 0.0471704196 	 0.0084106539 	 0.9975274881 
371.5000000000 	 0.0083631276 	 0.0470862280 	 0.0083255977 	 0.9975225143 
372.0000000000 	 0.0082872400 	 0.0468843774 	 0.0082548083 	 0.9975169116 
372.5000000000 	 0.0082206460 	 0.0465950865 	 0.0081850423 	 0.9975160835 
373.0000000000 	 0.0081650472 	 0.0461748440 	 0.0081223403 	 0.9975122397 
373.5000000000 	 0.0081171767 	 0.0457096763 	 0.0080764594 	 0.9975087276 
374.0000000000 	 0.0080792294 	 0.0451859315 	 0.0080367637 	 0.9975047039 
374.5000000000 	 0.0080496108 	 0.0446037893 	 0.0080044809 	 0.9975026768 
375.0000000000 	 0.0080307477 	 0.0439803168 	 0.0079859260 	 0.9975014538 
375.5000000000 	 0.0080301969 	 0.0433262359 	 0.0079834047 	 0.9974943294 
376.0000000000 	 0.0080490244 	 0.0426607108 	 0.0080012695 	 0.9974918933 
376.5000000000 	 0.0080874447 	 0.0419932449 	 0.0080388879 	 0.9974887164 
377.0000000000 	 0.0081437647 	 0.0413339316 	 0.0080922016 	 0.9974871136 
377.5000000000 	 0.0082242736 	 0.0406784984 	 0.0081715434 	 0.9974857274 
378.0000000000 	 0.0083271403 	 0.0400130976 	 0.0082721700 	 0.9974824253 
378.5000000000 	 0.0084569199 	 0.0394052359 	 0.0083965785 	 0.9974674915 
379.0000000000 	 0.0086065251 	 0.0387844577 	 0.0085470043 	 0.9974615670 
379.5000000000 	 0.0087722195 	 0.0381976252 	 0.0087158879 	 0.9974566103 
380.0000000000 	 0.0089541578 	 0.0376605094 	 0.0089007059 	 0.9974539302 
380.5000000000 	 0.0091576826 	 0.0371540856 	 0.0091070905 	 0.9974485556 
381.0000000000 	 0.0093706593 	 0.0366921987 	 0.0093241683 	 0.9974447141 
381.5000000000 	 0.0096007488 	 0.0362515320 	 0.0095589919 	 0.9974399106 
382.0000000000 	 0.0098427039 	 0.0358355291 	 0.0098041420 	 0.9974347552 
382.5000000000 	 0.0100949861 	 0.0354543730 	 0.0100612469 	 0.9974270216 
383.0000000000 	 0.0103533530 	 0.0351231224 	 0.0103236921 	 0.9974235943 
383.5000000000 	 0.0106110366 	 0.0348070740 	 0.0105892826 	 0.9974185848 
384.0000000000 	 0.0108699678 	 0.0345025499 	 0.0108508673 	 0.9974214623 
384.5000000000 	 0.0111272590 	 0.0341931347 	 0.0111110346 	 0.9974173312 
385.0000000000 	 0.0113838130 	 0.0339039033 	 0.0113671510 	 0.9974143552 
385.5000000000 	 0.0116345975 	 0.0336265684 	 0.0116143484 	 0.9974096228 
386.0000000000 	 0.0118769928 	 0.0333597586 	 0.0118533979 	 0.9974066686 
386.5000000000 	 0.0120947718 	 0.0331031115 	 0.0120691855 	 0.9974017893 
387.0000000000 	 0.0123021890 	 0.0328505855 	 0.0122749563 	 0.9973985315 
387.5000000000 	 0.0124945549 	 0.0325925499 	 0.0124586659 	 0.9973943801 
388.0000000000 	 0.0126748783 	 0.0323266641 	 0.0126323083 	 0.9973913391 
388.5000000000 	 0.0128252431 	 0.0320492356 	 0.0127780225 	 0.9973882035 
389.0000000000 	 0.0129541160 	 0.0317552329 	 0.0129000430 	 0.9973854038 
389.5000000000 	 0.0130591188 	 0.0314404971 	 0.0129994904 	 0.9973826490 
390.0000000000 	 0.0131304738 	 0.0310983951 	 0.0130738313 	 0.9973784418 
390.5000000000 	 0.0131746717 	 0.0307264382 	 0.0131239845 	 0.9973756307 
391.0000000000 	 0.0131881067 	 0.0303264578 	 0.0131410347 	 0.9973725146 
391.5000000000 	 0.0131798695 	 0.0298927288 	 0.0131329974 	 0.9973695067 
392.0000000000 	 0.0131453132 	 0.0294347012 	 0.0130954227 	 0.9973660989 
392.5000000000 	 0.0130873012 	 0.0289443410 	 0.0130344441 	 0.9973651120 
393.0000000000 	 0.0130067927 	 0.0284295813 	 0.0129542579 	 0.9973623996 
393.5000000000 	 0.0128987930 	 0.0278886971 	 0.0128479372 	 0.9973603873 
394.0000000000 	 0.0127796180 	 0.0273206350 	 0.0127330630 	 0.9973600189 
394.5000000000 	 0.0126359812 	 0.0267357414 	 0.0125983359 	 0.9973538282 
395.0000000000 	 0.0124795491 	 0.0261201483 	 0.0124327939 	 0.9973517435 
395.5000000000 	 0.0123049510 	 0.0254781990 	 0.0122528983 	 0.9973499247 
396.0000000000 	 0.0121173848 	 0.0248179084 	 0.0120651362 	 0.9973481138 
396.5000000000 	 0.0119261976 	 0.0241406969 	 0.0118728934 	 0.9973463979 
397.0000000000 	 0.0117353487 	 0.0234492966 	 0.0116756811 	 0.9973421156 
397.5000000000 	 0.0115347844 	 0.0227427366 	 0.0114693579 	 0.9973417505 
398.0000000000 	 0.0113251817 	 0.0220245357 	 0.0112498682 	 0.9973272193 
398.5000000000 	 0.0111172408 	 0.0212980511 	 0.0110397798 	 0.9973248148 
399.0000000000 	 0.0109163357 	 0.0205662679 	 0.0108303245 	 0.9973226725 
399.5000000000 	 0.0107152158 	 0.0198303105 	 0.0106317626 	 0.9973172448 
# end of calculation 2019_09_03_10_13_07 
# time difference 00_00_00_01_-29_-45 -- in Minutes 31 in Seconds 1815 
