##input
##{
##time_step=0.5;
##time_end = 600;
##Gamma_l =0.50;
##Gamma_m =0.50;
##Gamma_r =0.50;
##Nbin =2;
##svdcutoff = 1E-7;
##maxnumberofSV = 5000;
##feedback_time = 10; //ATTENTION avoid feedback 2, avoid feedback times uneven
##init_000 = 0.; 
##init_001 = 0.0; 
##init_010 = 0.0; 
##init_011 = 0.; 
##init_100 = 0.0; 
##init_101 = 0.; 
##init_110 = 0.; 
##init_111 = 1.; 
##phi_l = 0.20;  // as multiple of pi
##phi_m = 0.00;  // as multiple of pi
##phi_r = 1.80;  // as multiple of pi
##}
##// =ATTENTION feedback counts between left and right, middle is half the feedback, effective first feedback effect after fb/2
##// =ATTENTION exclude feedback time of 2, i.e. no distance between left - middle - right bin
##// =ATTENTION exclude uneven feedback times of 2n+1, i.e. asymmetric swap necessary between left - middle - right bin
##// =ATTENTION exclude complex valued initial states, not yet implemented
##
##// 1./sqrt(2.) = 0.70710678118
##// 1./sqrt(3.) = 0.57735027
0.0000000000 	0.0000000000 	0.0000000000 	0.0000000000 	0.0000000000 	0.0000000000 	0.0000000000 	0.0000000000 	1.0000000000 	1.0000000000 	
0.5000000000 	0.0121429101 	0.0406874917 	0.0406874917 	0.1363312842 	0.0406874917 	0.1363312842 	0.1363312842 	0.4568018181 	1.0000010559 	
1.0000000000 	0.0673530795 	0.0981879209 	0.0981879209 	0.1431389344 	0.0981879209 	0.1431389344 	0.1431389344 	0.2086679010 	1.0000015463 	
1.5000000000 	0.1602783327 	0.1347861647 	0.1347861447 	0.1133483632 	0.1347861689 	0.1133483594 	0.1133483651 	0.0953198766 	1.0000017752 	
2.0000000000 	0.2723418570 	0.1478135367 	0.1478135104 	0.0802257150 	0.1478135429 	0.0802257106 	0.0802257171 	0.0435422929 	1.0000018826 	
2.5000000000 	0.3875099803 	0.1440132439 	0.1440132204 	0.0535206800 	0.1440132514 	0.0535206768 	0.0535206820 	0.0198901986 	1.0000019333 	
3.0000000000 	0.4613914833 	0.1327572472 	0.1439126971 	0.0400644084 	0.1327572689 	0.0380122173 	0.0400644130 	0.0110422103 	1.0000019455 	
3.5000000000 	0.5121856375 	0.1199610214 	0.1413047293 	0.0355059431 	0.1199611036 	0.0273299562 	0.0355058212 	0.0082475904 	1.0000018027 	
4.0000000000 	0.5431542382 	0.1098206016 	0.1397668731 	0.0350666954 	0.1098226231 	0.0203005393 	0.0350658420 	0.0070042244 	1.0000016371 	
4.5000000000 	0.5620092082 	0.1030241517 	0.1387934383 	0.0358361268 	0.1030216625 	0.0154458499 	0.0358369920 	0.0060339124 	1.0000013417 	
5.0000000000 	0.5753455153 	0.0989048310 	0.1376374664 	0.0361420526 	0.0989012359 	0.0119066010 	0.0361438973 	0.0050187452 	1.0000003446 	
5.5000000000 	0.5599490727 	0.1099371063 	0.1466678123 	0.0318267601 	0.1099316229 	0.0083224531 	0.0318305809 	0.0015339559 	0.9999993641 	
6.0000000000 	0.5376843652 	0.1228222430 	0.1528483982 	0.0270795186 	0.1228197785 	0.0093211094 	0.0270807110 	0.0003409297 	0.9999970537 	
6.5000000000 	0.5249594006 	0.1315319053 	0.1547978935 	0.0228658514 	0.1315386027 	0.0113912373 	0.0228685480 	0.0000423623 	0.9999958011 	
7.0000000000 	0.5257782410 	0.1346123415 	0.1528843762 	0.0197611759 	0.1346256279 	0.0125646392 	0.0197667591 	0.0000000031 	0.9999931640 	
7.5000000000 	0.5379835224 	0.1328660751 	0.1483866765 	0.0178323455 	0.1328603878 	0.0122151387 	0.0178373010 	0.0000100031 	0.9999914502 	
8.0000000000 	0.5601266046 	0.1277175781 	0.1416105998 	0.0160134082 	0.1277131672 	0.0107775349 	0.0160139278 	0.0000171306 	0.9999899512 	
8.5000000000 	0.5886009748 	0.1204608526 	0.1340532435 	0.0136664210 	0.1204584318 	0.0090685166 	0.0136670783 	0.0000125903 	0.9999881089 	
9.0000000000 	0.6163651128 	0.1123834837 	0.1287343508 	0.0112579332 	0.1123798529 	0.0075970403 	0.0112614837 	0.0000072233 	0.9999864806 	
9.5000000000 	0.6390569608 	0.1045782681 	0.1271140770 	0.0090344268 	0.1045752265 	0.0065846872 	0.0090377270 	0.0000033346 	0.9999847080 	
10.0000000000 	0.6552389069 	0.0977223847 	0.1290887745 	0.0071056414 	0.0977198223 	0.0059969326 	0.0071087350 	0.0000006430 	0.9999818405 	
10.5000000000 	0.6641636483 	0.0928856377 	0.1328801746 	0.0057582657 	0.0928844294 	0.0056459429 	0.0057603960 	0.0000001687 	0.9999786634 	
11.0000000000 	0.6664924667 	0.0907883467 	0.1365175291 	0.0050156005 	0.0907901047 	0.0053527000 	0.0050170797 	0.0000027196 	0.9999765471 	
11.5000000000 	0.6655667000 	0.0906231511 	0.1389080983 	0.0045868543 	0.0906271976 	0.0050669742 	0.0045874112 	0.0000075621 	0.9999739486 	
12.0000000000 	0.6643075149 	0.0913531369 	0.1395338348 	0.0042923667 	0.0913579324 	0.0048227186 	0.0042926207 	0.0000111264 	0.9999712515 	
12.5000000000 	0.6647662231 	0.0920545491 	0.1384012243 	0.0040236117 	0.0920578599 	0.0046300623 	0.0040238061 	0.0000105583 	0.9999678947 	
13.0000000000 	0.6678044773 	0.0922122051 	0.1358344637 	0.0037245968 	0.0922178211 	0.0044429174 	0.0037229209 	0.0000064794 	0.9999658818 	
13.5000000000 	0.6732665975 	0.0917382941 	0.1322413885 	0.0033865991 	0.0917454396 	0.0041970496 	0.0033850885 	0.0000022664 	0.9999627234 	
14.0000000000 	0.6804187311 	0.0907372548 	0.1281240496 	0.0030379660 	0.0907409214 	0.0038656082 	0.0030355878 	0.0000001554 	0.9999602743 	
14.5000000000 	0.6883546547 	0.0893584441 	0.1239906954 	0.0027111669 	0.0893587074 	0.0034734046 	0.0027101429 	0.0000002799 	0.9999574958 	
15.0000000000 	0.6961717554 	0.0877890639 	0.1202875877 	0.0024295176 	0.0877880754 	0.0030602786 	0.0024288842 	0.0000013482 	0.9999565109 	
15.5000000000 	0.7031237542 	0.0862638723 	0.1172464212 	0.0021962130 	0.0862591687 	0.0026658758 	0.0021961347 	0.0000023041 	0.9999537440 	
16.0000000000 	0.7086275514 	0.0850390199 	0.1149076986 	0.0020060743 	0.0850370284 	0.0023244946 	0.0020062388 	0.0000028612 	0.9999509672 	
16.5000000000 	0.7124467584 	0.0843036877 	0.1131527146 	0.0018464207 	0.0843015827 	0.0020489149 	0.0018455805 	0.0000031156 	0.9999487750 	
17.0000000000 	0.7148115552 	0.0840762216 	0.1117479917 	0.0017040375 	0.0840694762 	0.0018296445 	0.0017045321 	0.0000031111 	0.9999465699 	
17.5000000000 	0.7162434339 	0.0842330398 	0.1104418258 	0.0015728607 	0.0842277213 	0.0016480325 	0.0015748055 	0.0000029702 	0.9999446897 	
18.0000000000 	0.7173543944 	0.0845769477 	0.1090368410 	0.0014519207 	0.0845737477 	0.0014913230 	0.0014525276 	0.0000027299 	0.9999404320 	
18.5000000000 	0.7186744805 	0.0849080071 	0.1074152951 	0.0013390611 	0.0849105416 	0.0013500979 	0.0013377018 	0.0000024114 	0.9999375966 	
19.0000000000 	0.7204899710 	0.0850806313 	0.1055903185 	0.0012328290 	0.0850868938 	0.0012214299 	0.0012311055 	0.0000020554 	0.9999352345 	
19.5000000000 	0.7228670750 	0.0850249277 	0.1036342112 	0.0011348267 	0.0850319079 	0.0011049229 	0.0011329192 	0.0000016669 	0.9999324575 	
20.0000000000 	0.7256598501 	0.0847435957 	0.1016864830 	0.0010448671 	0.0847528336 	0.0009984163 	0.0010436965 	0.0000013343 	0.9999310766 	
20.5000000000 	0.7286337790 	0.0842957820 	0.0998696457 	0.0009631609 	0.0843006952 	0.0009018936 	0.0009624855 	0.0000010607 	0.9999285025 	
21.0000000000 	0.7315246177 	0.0837532575 	0.0982844975 	0.0008886684 	0.0837708351 	0.0008179655 	0.0008866455 	0.0000008722 	0.9999273594 	
21.5000000000 	0.7341182077 	0.0832144516 	0.0969728570 	0.0008221653 	0.0832312523 	0.0007458225 	0.0008201493 	0.0000007457 	0.9999256513 	
22.0000000000 	0.7362894852 	0.0827500206 	0.0959134485 	0.0007617001 	0.0827643733 	0.0006846248 	0.0007598005 	0.0000006618 	0.9999241149 	
22.5000000000 	0.7380056137 	0.0823938876 	0.0950696507 	0.0007064852 	0.0824104442 	0.0006314216 	0.0007044911 	0.0000005855 	0.9999225796 	
23.0000000000 	0.7393327589 	0.0821620278 	0.0943553716 	0.0006554525 	0.0821782839 	0.0005831066 	0.0006524988 	0.0000005015 	0.9999200015 	
23.5000000000 	0.7403823878 	0.0820286346 	0.0937120200 	0.0006074965 	0.0820458077 	0.0005381480 	0.0006041603 	0.0000004230 	0.9999190778 	
24.0000000000 	0.7412760117 	0.0819555814 	0.0931001206 	0.0005619555 	0.0819708562 	0.0004936333 	0.0005581813 	0.0000003507 	0.9999166907 	
24.5000000000 	0.7421203058 	0.0819066174 	0.0924887573 	0.0005171527 	0.0819172937 	0.0004499261 	0.0005141449 	0.0000002876 	0.9999144856 	
25.0000000000 	0.7429822224 	0.0818385542 	0.0918860155 	0.0004756020 	0.0818486866 	0.0004091147 	0.0004730451 	0.0000002296 	0.9999134699 	
25.5000000000 	0.7438537065 	0.0817399843 	0.0913317227 	0.0004364183 	0.0817451187 	0.0003704854 	0.0004340833 	0.0000001836 	0.9999117028 	
26.0000000000 	0.7447378876 	0.0815973796 	0.0908412760 	0.0003997851 	0.0816008004 	0.0003360448 	0.0003978908 	0.0000001416 	0.9999112059 	
26.5000000000 	0.7455968825 	0.0814141593 	0.0904531183 	0.0003651984 	0.0814105425 	0.0003053192 	0.0003638774 	0.0000001050 	0.9999092025 	
27.0000000000 	0.7463685751 	0.0812064827 	0.0901835815 	0.0003333619 	0.0812035380 	0.0002788281 	0.0003324120 	0.0000000012 	0.9999067805 	
27.5000000000 	0.7470362741 	0.0809843947 	0.0900342144 	0.0003038954 	0.0809816398 	0.0002550905 	0.0003032820 	0.0000000007 	0.9998987916 	
28.0000000000 	0.7476122169 	0.0807510277 	0.0899910070 	0.0002769040 	0.0807550615 	0.0002347204 	0.0002764986 	0.0000000003 	0.9998974365 	
28.5000000000 	0.7480675608 	0.0805288101 	0.0900387006 	0.0002527530 	0.0805395253 	0.0002165711 	0.0002521683 	0.0000000003 	0.9998960895 	
29.0000000000 	0.7484717806 	0.0803082652 	0.0901381184 	0.0002305508 	0.0803160291 	0.0001999456 	0.0002298484 	0.0000000001 	0.9998945382 	
29.5000000000 	0.7488407113 	0.0800866462 	0.0902628685 	0.0002097440 	0.0800994726 	0.0001846522 	0.0002095443 	0.0000000003 	0.9998936393 	
30.0000000000 	0.7492016347 	0.0798719158 	0.0903938285 	0.0001913996 	0.0798719716 	0.0001702540 	0.0001908853 	0.0000000003 	0.9998918899 	
30.5000000000 	0.7496048098 	0.0796416483 	0.0904999817 	0.0001742750 	0.0796391357 	0.0001569187 	0.0001741202 	0.0000000002 	0.9998908896 	
31.0000000000 	0.7500167837 	0.0794028745 	0.0906041863 	0.0001590287 	0.0794030222 	0.0001442923 	0.0001588376 	0.0000000001 	0.9998890253 	
31.5000000000 	0.7504737846 	0.0791461504 	0.0906924251 	0.0001446776 	0.0791531964 	0.0001327597 	0.0001448731 	0.0000000002 	0.9998878670 	
32.0000000000 	0.7509324680 	0.0788910858 	0.0907834809 	0.0001316222 	0.0788953745 	0.0001222017 	0.0001322386 	0.0000000002 	0.9998884719 	
32.5000000000 	0.7513763755 	0.0786322247 	0.0908810730 	0.0001200482 	0.0786443811 	0.0001126361 	0.0001205524 	0.0000000001 	0.9998872911 	
33.0000000000 	0.7517846967 	0.0783843092 	0.0910029867 	0.0001093959 	0.0783899849 	0.0001041310 	0.0001099890 	0.0000000001 	0.9998854935 	
33.5000000000 	0.7521359523 	0.0781383970 	0.0911567655 	0.0000999232 	0.0781557257 	0.0000964745 	0.0001003321 	0.0000000000 	0.9998835704 	
34.0000000000 	0.7524121833 	0.0779021653 	0.0913707908 	0.0000912148 	0.0779245265 	0.0000894089 	0.0000917209 	0.0000000000 	0.9998820105 	
34.5000000000 	0.7526262161 	0.0776683066 	0.0916486914 	0.0000830420 	0.0776864362 	0.0000831108 	0.0000839194 	0.0000000000 	0.9998797226 	
35.0000000000 	0.7527541381 	0.0774534524 	0.0919657140 	0.0000754100 	0.0774755007 	0.0000772459 	0.0000766452 	0.0000000001 	0.9998781064 	
35.5000000000 	0.7528345520 	0.0772195615 	0.0923568308 	0.0000684866 	0.0772553099 	0.0000717777 	0.0000701014 	0.0000000001 	0.9998766199 	
36.0000000000 	0.7528348599 	0.0770030862 	0.0928118874 	0.0000621247 	0.0770329715 	0.0000665625 	0.0000641776 	0.0000000000 	0.9998756699 	
36.5000000000 	0.7528067349 	0.0767592266 	0.0933312918 	0.0000568037 	0.0767996919 	0.0000616238 	0.0000587666 	0.0000000000 	0.9998741394 	
37.0000000000 	0.7527498731 	0.0764969361 	0.0939227157 	0.0000514049 	0.0765409170 	0.0000569210 	0.0000538787 	0.0000000000 	0.9998726466 	
37.5000000000 	0.7526697369 	0.0762092179 	0.0945780483 	0.0000468582 	0.0762658083 	0.0000525791 	0.0000491662 	0.0000000000 	0.9998714149 	
38.0000000000 	0.7525625457 	0.0759142561 	0.0952900712 	0.0000426464 	0.0759670568 	0.0000485131 	0.0000449481 	0.0000000000 	0.9998700375 	
38.5000000000 	0.7524228939 	0.0756038975 	0.0960533246 	0.0000388637 	0.0756635054 	0.0000447839 	0.0000411262 	0.0000000000 	0.9998683952 	
39.0000000000 	0.7522961584 	0.0752727863 	0.0968521211 	0.0000353593 	0.0753320154 	0.0000413819 	0.0000375871 	0.0000000000 	0.9998674096 	
39.5000000000 	0.7521479919 	0.0749176997 	0.0977127014 	0.0000323846 	0.0749828281 	0.0000382916 	0.0000343705 	0.0000000000 	0.9998662677 	
40.0000000000 	0.7520086590 	0.0745518430 	0.0985826694 	0.0000297339 	0.0746252945 	0.0000354853 	0.0000312738 	0.0000000000 	0.9998649590 	
40.5000000000 	0.7518797118 	0.0741801831 	0.0994584921 	0.0000273638 	0.0742571046 	0.0000327899 	0.0000284396 	0.0000000000 	0.9998640850 	
41.0000000000 	0.7517472249 	0.0738024376 	0.1003454415 	0.0000250035 	0.0738865024 	0.0000303062 	0.0000259838 	0.0000000000 	0.9998628999 	
41.5000000000 	0.7516176677 	0.0734283070 	0.1012323119 	0.0000228082 	0.0735092591 	0.0000278938 	0.0000238825 	0.0000000000 	0.9998621302 	
42.0000000000 	0.7515224509 	0.0730494813 	0.1020801106 	0.0000207703 	0.0731406900 	0.0000256245 	0.0000219356 	0.0000000000 	0.9998610631 	
42.5000000000 	0.7514243339 	0.0726798852 	0.1029290827 	0.0000189650 	0.0727641098 	0.0000235326 	0.0000201430 	0.0000000000 	0.9998600521 	
43.0000000000 	0.7513442231 	0.0723191910 	0.1037475863 	0.0000172957 	0.0723903515 	0.0000215479 	0.0000185129 	0.0000000000 	0.9998587083 	
43.5000000000 	0.7512757492 	0.0719722342 	0.1045359409 	0.0000159111 	0.0720202691 	0.0000196800 	0.0000169146 	0.0000000001 	0.9998566992 	
44.0000000000 	0.7512166880 	0.0716251326 	0.1053057444 	0.0000147088 	0.0716602239 	0.0000179418 	0.0000155201 	0.0000000001 	0.9998559598 	
44.5000000000 	0.7511466437 	0.0712869957 	0.1060560613 	0.0000135733 	0.0713197435 	0.0000163025 	0.0000142336 	0.0000000001 	0.9998535536 	
45.0000000000 	0.7511075837 	0.0709517262 	0.1067692743 	0.0000125977 	0.0709828392 	0.0000147815 	0.0000131338 	0.0000000001 	0.9998519364 	
45.5000000000 	0.7510664080 	0.0706274016 	0.1074609530 	0.0000116898 	0.0706587918 	0.0000134259 	0.0000121782 	0.0000000000 	0.9998508483 	
46.0000000000 	0.7510394458 	0.0703063410 	0.1081379887 	0.0000107549 	0.0703318606 	0.0000123177 	0.0000112652 	0.0000000001 	0.9998499739 	
46.5000000000 	0.7510312541 	0.0699914900 	0.1087859411 	0.0000099394 	0.0700080898 	0.0000113009 	0.0000104452 	0.0000000001 	0.9998484605 	
47.0000000000 	0.7510079322 	0.0696795892 	0.1094330560 	0.0000091853 	0.0696972909 	0.0000102823 	0.0000096643 	0.0000000001 	0.9998470004 	
47.5000000000 	0.7509768012 	0.0693838630 	0.1100634404 	0.0000085285 	0.0693946328 	0.0000093751 	0.0000089641 	0.0000000000 	0.9998456049 	
48.0000000000 	0.7509642552 	0.0690851013 	0.1106791856 	0.0000078927 	0.0690911401 	0.0000085991 	0.0000082812 	0.0000000000 	0.9998444552 	
48.5000000000 	0.7509557311 	0.0687882725 	0.1112899665 	0.0000073651 	0.0687863862 	0.0000078937 	0.0000076321 	0.0000000000 	0.9998432473 	
49.0000000000 	0.7509575239 	0.0684954186 	0.1118718770 	0.0000068125 	0.0684966732 	0.0000071569 	0.0000070502 	0.0000000000 	0.9998425124 	
49.5000000000 	0.7509785033 	0.0682026774 	0.1124445422 	0.0000063448 	0.0681966782 	0.0000064926 	0.0000065058 	0.0000000000 	0.9998417443 	
50.0000000000 	0.7510262428 	0.0679069438 	0.1129883268 	0.0000058558 	0.0679015191 	0.0000059298 	0.0000059799 	0.0000000000 	0.9998407979 	
50.5000000000 	0.7510876106 	0.0676154541 	0.1135107621 	0.0000054098 	0.0676099857 	0.0000053938 	0.0000054901 	0.0000000000 	0.9998401062 	
51.0000000000 	0.7511750012 	0.0673240337 	0.1140043519 	0.0000049522 	0.0673209842 	0.0000049218 	0.0000050180 	0.0000000000 	0.9998392631 	
51.5000000000 	0.7512832929 	0.0670402523 	0.1144652374 	0.0000045395 	0.0670361449 	0.0000044918 	0.0000046293 	0.0000000000 	0.9998385882 	
52.0000000000 	0.7514210812 	0.0667572019 	0.1148906313 	0.0000041750 	0.0667562641 	0.0000041100 	0.0000043067 	0.0000000000 	0.9998377703 	
52.5000000000 	0.7515759036 	0.0664851874 	0.1152769938 	0.0000038537 	0.0664875582 	0.0000037269 	0.0000039790 	0.0000000001 	0.9998372026 	
53.0000000000 	0.7517643268 	0.0662202638 	0.1156191133 	0.0000035724 	0.0662222158 	0.0000033755 	0.0000036678 	0.0000000000 	0.9998365355 	
53.5000000000 	0.7519895654 	0.0659604826 	0.1159079483 	0.0000032916 	0.0659676506 	0.0000030513 	0.0000033846 	0.0000000000 	0.9998353746 	
54.0000000000 	0.7522383960 	0.0657179677 	0.1161462658 	0.0000030351 	0.0657233087 	0.0000027687 	0.0000031051 	0.0000000001 	0.9998348473 	
54.5000000000 	0.7525173350 	0.0654823165 	0.1163351978 	0.0000027983 	0.0654916485 	0.0000025176 	0.0000028624 	0.0000000000 	0.9998346761 	
55.0000000000 	0.7528247127 	0.0652598276 	0.1164725209 	0.0000025978 	0.0652694053 	0.0000022990 	0.0000026649 	0.0000000001 	0.9998340283 	
55.5000000000 	0.7531525708 	0.0650504648 	0.1165601356 	0.0000024053 	0.0650632524 	0.0000020949 	0.0000024598 	0.0000000001 	0.9998333836 	
56.0000000000 	0.7535161530 	0.0648557470 	0.1165866440 	0.0000022141 	0.0648671957 	0.0000019192 	0.0000022641 	0.0000000001 	0.9998321371 	
56.5000000000 	0.7539029626 	0.0646759645 	0.1165606168 	0.0000020357 	0.0646856993 	0.0000017486 	0.0000020850 	0.0000000001 	0.9998311126 	
57.0000000000 	0.7543195017 	0.0645074231 	0.1164849822 	0.0000018676 	0.0645132791 	0.0000016032 	0.0000019040 	0.0000000002 	0.9998305611 	
57.5000000000 	0.7547645408 	0.0643475131 	0.1163588834 	0.0000017294 	0.0643541169 	0.0000014746 	0.0000017516 	0.0000000003 	0.9998300100 	
58.0000000000 	0.7552306410 	0.0641999147 	0.1161855888 	0.0000015630 	0.0642087373 	0.0000013510 	0.0000015883 	0.0000000005 	0.9998293847 	
58.5000000000 	0.7557231506 	0.0640679806 	0.1159581315 	0.0000014181 	0.0640744722 	0.0000012328 	0.0000014558 	0.0000000003 	0.9998278418 	
59.0000000000 	0.7562366418 	0.0639462313 	0.1156882597 	0.0000012880 	0.0639517465 	0.0000011327 	0.0000013451 	0.0000000002 	0.9998266453 	
59.5000000000 	0.7567732938 	0.0638347460 	0.1153753914 	0.0000011635 	0.0638389461 	0.0000010444 	0.0000012379 	0.0000000003 	0.9998258234 	
60.0000000000 	0.7573278986 	0.0637361146 	0.1150197524 	0.0000010566 	0.0637381624 	0.0000009668 	0.0000011081 	0.0000000003 	0.9998250599 	
60.5000000000 	0.7579192543 	0.0636441039 	0.1146147293 	0.0000009756 	0.0636438695 	0.0000008826 	0.0000010138 	0.0000000002 	0.9998248291 	
61.0000000000 	0.7585245436 	0.0635634011 	0.1141705385 	0.0000008930 	0.0635630325 	0.0000007988 	0.0000009299 	0.0000000002 	0.9998241376 	
61.5000000000 	0.7591499595 	0.0634900609 	0.1136911201 	0.0000008363 	0.0634900156 	0.0000007314 	0.0000008594 	0.0000000001 	0.9998235834 	
62.0000000000 	0.7598025468 	0.0634246733 	0.1131666538 	0.0000007807 	0.0634268988 	0.0000006676 	0.0000007857 	0.0000000001 	0.9998230069 	
62.5000000000 	0.7604765337 	0.0633688540 	0.1126041958 	0.0000007159 	0.0633709651 	0.0000006019 	0.0000007142 	0.0000000002 	0.9998225808 	
63.0000000000 	0.7611664468 	0.0633268524 	0.1119963733 	0.0000006576 	0.0633303052 	0.0000005548 	0.0000006515 	0.0000000002 	0.9998218417 	
63.5000000000 	0.7618731303 	0.0632903577 	0.1113614980 	0.0000005893 	0.0632944262 	0.0000005104 	0.0000005785 	0.0000000002 	0.9998210906 	
64.0000000000 	0.7626054288 	0.0632669661 	0.1106833895 	0.0000005188 	0.0632633318 	0.0000004678 	0.0000005263 	0.0000000001 	0.9998206291 	
64.5000000000 	0.7633587268 	0.0632473407 	0.1099687252 	0.0000004685 	0.0632439726 	0.0000004350 	0.0000004746 	0.0000000001 	0.9998201436 	
65.0000000000 	0.7641329938 	0.0632374921 	0.1092102561 	0.0000004249 	0.0632377159 	0.0000004016 	0.0000004232 	0.0000000000 	0.9998197076 	
65.5000000000 	0.7649152491 	0.0632395898 	0.1084280787 	0.0000003852 	0.0632350620 	0.0000003786 	0.0000003823 	0.0000000001 	0.9998191259 	
66.0000000000 	0.7657236931 	0.0632432793 	0.1076067597 	0.0000003540 	0.0632438659 	0.0000003515 	0.0000003514 	0.0000000001 	0.9998186550 	
66.5000000000 	0.7665345116 	0.0632632427 	0.1067578247 	0.0000003188 	0.0632616209 	0.0000003251 	0.0000003162 	0.0000000000 	0.9998181600 	
67.0000000000 	0.7673677150 	0.0632884447 	0.1058743558 	0.0000002933 	0.0632865969 	0.0000002960 	0.0000002836 	0.0000000000 	0.9998179854 	
67.5000000000 	0.7682046582 	0.0633214506 	0.1049717742 	0.0000002746 	0.0633190532 	0.0000002699 	0.0000002520 	0.0000000001 	0.9998177328 	
68.0000000000 	0.7690606630 	0.0633591437 	0.1040376635 	0.0000002487 	0.0633589223 	0.0000002482 	0.0000002240 	0.0000000002 	0.9998171135 	
68.5000000000 	0.7699179273 	0.0634045446 	0.1030885096 	0.0000002300 	0.0634051080 	0.0000002296 	0.0000002002 	0.0000000001 	0.9998167493 	
69.0000000000 	0.7707862976 	0.0634558236 	0.1021146369 	0.0000002060 	0.0634589133 	0.0000002074 	0.0000001787 	0.0000000001 	0.9998162636 	
69.5000000000 	0.7716606500 	0.0635136552 	0.1011229862 	0.0000001793 	0.0635180878 	0.0000001958 	0.0000001643 	0.0000000002 	0.9998159189 	
70.0000000000 	0.7725268161 	0.0635817022 	0.1001238362 	0.0000001644 	0.0635825676 	0.0000001792 	0.0000001452 	0.0000000001 	0.9998154111 	
70.5000000000 	0.7733990878 	0.0636552531 	0.0991080953 	0.0000001508 	0.0636519374 	0.0000001709 	0.0000001334 	0.0000000001 	0.9998148288 	
71.0000000000 	0.7742864796 	0.0637244256 	0.0980777575 	0.0000001341 	0.0637252431 	0.0000001493 	0.0000001263 	0.0000000001 	0.9998143155 	
71.5000000000 	0.7751649090 	0.0638009781 	0.0970474465 	0.0000001269 	0.0638002359 	0.0000001419 	0.0000001139 	0.0000000001 	0.9998139522 	
72.0000000000 	0.7760435580 	0.0638800097 	0.0960064580 	0.0000001213 	0.0638826670 	0.0000001339 	0.0000001032 	0.0000000002 	0.9998130515 	
72.5000000000 	0.7769166237 	0.0639635430 	0.0949639644 	0.0000001085 	0.0639658615 	0.0000001124 	0.0000000980 	0.0000000001 	0.9998103118 	
73.0000000000 	0.7777921479 	0.0640447559 	0.0939198746 	0.0000000965 	0.0640529573 	0.0000000198 	0.0000000849 	0.0000000001 	0.9998099370 	
73.5000000000 	0.7786637179 	0.0641311026 	0.0928758174 	0.0000000932 	0.0641378271 	0.0000000149 	0.0000000770 	0.0000000002 	0.9998086503 	
74.0000000000 	0.7795317674 	0.0642133890 	0.0918408762 	0.0000000795 	0.0642216702 	0.0000000113 	0.0000000706 	0.0000000001 	0.9998078643 	
74.5000000000 	0.7803934928 	0.0642992242 	0.0908086288 	0.0000000700 	0.0643062225 	0.0000000100 	0.0000000653 	0.0000000001 	0.9998077136 	
75.0000000000 	0.7812411880 	0.0643854235 	0.0897900502 	0.0000000603 	0.0643908098 	0.0000000093 	0.0000000636 	0.0000000001 	0.9998076048 	
75.5000000000 	0.7820814902 	0.0644685655 	0.0887826768 	0.0000000542 	0.0644746256 	0.0000000077 	0.0000000575 	0.0000000001 	0.9998074776 	
76.0000000000 	0.7829058259 	0.0645528601 	0.0877897325 	0.0000000500 	0.0645588789 	0.0000000082 	0.0000000523 	0.0000000000 	0.9998074079 	
76.5000000000 	0.7837201597 	0.0646329813 	0.0868123644 	0.0000000454 	0.0646417414 	0.0000000067 	0.0000000492 	0.0000000001 	0.9998073481 	
77.0000000000 	0.7845192913 	0.0647134651 	0.0858527518 	0.0000000013 	0.0647216819 	0.0000000035 	0.0000000038 	0.0000000000 	0.9998071987 	
77.5000000000 	0.7853079288 	0.0647900921 	0.0849125474 	0.0000000011 	0.0647963347 	0.0000000032 	0.0000000022 	0.0000000000 	0.9998069094 	
78.0000000000 	0.7860801446 	0.0648629608 	0.0839944446 	0.0000000007 	0.0648693483 	0.0000000023 	0.0000000016 	0.0000000000 	0.9998069030 	
78.5000000000 	0.7868360849 	0.0649320050 	0.0831003629 	0.0000000007 	0.0649384427 	0.0000000020 	0.0000000011 	0.0000000000 	0.9998068993 	
79.0000000000 	0.7875736270 	0.0649973154 	0.0822327164 	0.0000000007 	0.0650032339 	0.0000000017 	0.0000000007 	0.0000000000 	0.9998068959 	
79.5000000000 	0.7882925698 	0.0650582395 	0.0813927605 	0.0000000006 	0.0650633200 	0.0000000014 	0.0000000005 	0.0000000000 	0.9998068923 	
80.0000000000 	0.7889919033 	0.0651141625 	0.0805822192 	0.0000000007 	0.0651186033 	0.0000000011 	0.0000000006 	0.0000000000 	0.9998068906 	
80.5000000000 	0.7896715081 	0.0651642315 	0.0798026849 	0.0000000007 	0.0651684631 	0.0000000009 	0.0000000005 	0.0000000000 	0.9998068896 	
81.0000000000 	0.7903300768 	0.0652086310 	0.0790557378 	0.0000000006 	0.0652124414 	0.0000000007 	0.0000000005 	0.0000000000 	0.9998068889 	
81.5000000000 	0.7909671631 	0.0652467154 	0.0783428455 	0.0000000006 	0.0652501627 	0.0000000006 	0.0000000004 	0.0000000000 	0.9998068883 	
82.0000000000 	0.7915818771 	0.0652781093 	0.0776654324 	0.0000000005 	0.0652814676 	0.0000000005 	0.0000000004 	0.0000000000 	0.9998068878 	
82.5000000000 	0.7921736783 	0.0653025039 	0.0770248316 	0.0000000005 	0.0653058722 	0.0000000004 	0.0000000003 	0.0000000000 	0.9998068873 	
83.0000000000 	0.7927420811 	0.0653195310 	0.0764222541 	0.0000000005 	0.0653230196 	0.0000000004 	0.0000000003 	0.0000000000 	0.9998068869 	
83.5000000000 	0.7932866135 	0.0653288903 	0.0758587940 	0.0000000004 	0.0653325878 	0.0000000003 	0.0000000003 	0.0000000000 	0.9998068865 	
84.0000000000 	0.7938068892 	0.0653303037 	0.0753354230 	0.0000000004 	0.0653342695 	0.0000000002 	0.0000000003 	0.0000000000 	0.9998068862 	
84.5000000000 	0.7943025968 	0.0653235058 	0.0748530105 	0.0000000003 	0.0653277720 	0.0000000002 	0.0000000002 	0.0000000000 	0.9998068860 	
85.0000000000 	0.7947734791 	0.0653082662 	0.0744123213 	0.0000000003 	0.0653128184 	0.0000000002 	0.0000000002 	0.0000000000 	0.9998068857 	
85.5000000000 	0.7952193516 	0.0652843751 	0.0740139920 	0.0000000003 	0.0652891662 	0.0000000001 	0.0000000002 	0.0000000000 	0.9998068855 	
86.0000000000 	0.7956400694 	0.0652516352 	0.0736585575 	0.0000000002 	0.0652566227 	0.0000000001 	0.0000000002 	0.0000000000 	0.9998068853 	
86.5000000000 	0.7960355069 	0.0652098878 	0.0733464463 	0.0000000002 	0.0652150437 	0.0000000001 	0.0000000002 	0.0000000000 	0.9998068851 	
87.0000000000 	0.7964056230 	0.0651590040 	0.0730779668 	0.0000000002 	0.0651642908 	0.0000000001 	0.0000000002 	0.0000000000 	0.9998068850 	
87.5000000000 	0.7967504624 	0.0650988795 	0.0728532979 	0.0000000001 	0.0651042447 	0.0000000001 	0.0000000002 	0.0000000000 	0.9998068849 	
88.0000000000 	0.7970701460 	0.0650294344 	0.0726724907 	0.0000000001 	0.0650348132 	0.0000000001 	0.0000000001 	0.0000000000 	0.9998068847 	
88.5000000000 	0.7973648775 	0.0649505987 	0.0725354751 	0.0000000001 	0.0649559330 	0.0000000001 	0.0000000001 	0.0000000000 	0.9998068846 	
89.0000000000 	0.7976349284 	0.0648623226 	0.0724420656 	0.0000000001 	0.0648675678 	0.0000000001 	0.0000000001 	0.0000000000 	0.9998068845 	
89.5000000000 	0.7978806286 	0.0647645838 	0.0723919643 	0.0000000001 	0.0647697075 	0.0000000000 	0.0000000001 	0.0000000000 	0.9998068845 	
90.0000000000 	0.7981023642 	0.0646573904 	0.0723847585 	0.0000000001 	0.0646623711 	0.0000000000 	0.0000000001 	0.0000000000 	0.9998068844 	
90.5000000000 	0.7983005799 	0.0645407777 	0.0724199203 	0.0000000001 	0.0645456062 	0.0000000000 	0.0000000001 	0.0000000000 	0.9998068843 	
91.0000000000 	0.7984757818 	0.0644148057 	0.0724968093 	0.0000000001 	0.0644194874 	0.0000000000 	0.0000000001 	0.0000000000 	0.9998068843 	
91.5000000000 	0.7986285391 	0.0642795608 	0.0726146722 	0.0000000000 	0.0642841119 	0.0000000000 	0.0000000001 	0.0000000000 	0.9998068842 	
92.0000000000 	0.7987594830 	0.0641351570 	0.0727726447 	0.0000000000 	0.0641395994 	0.0000000000 	0.0000000000 	0.0000000000 	0.9998068842 	
92.5000000000 	0.7988693017 	0.0639817341 	0.0729697549 	0.0000000000 	0.0639860934 	0.0000000000 	0.0000000000 	0.0000000000 	0.9998068841 	
93.0000000000 	0.7989587375 	0.0638194579 	0.0732049272 	0.0000000000 	0.0638237614 	0.0000000000 	0.0000000000 	0.0000000000 	0.9998068841 	
93.5000000000 	0.7990285837 	0.0636485189 	0.0734769870 	0.0000000000 	0.0636527944 	0.0000000000 	0.0000000000 	0.0000000000 	0.9998068841 	
94.0000000000 	0.7990796817 	0.0634691322 	0.0737846646 	0.0000000000 	0.0634734055 	0.0000000000 	0.0000000000 	0.0000000000 	0.9998068841 	
94.5000000000 	0.7991129175 	0.0632815366 	0.0741265994 	0.0000000000 	0.0632858304 	0.0000000000 	0.0000000000 	0.0000000000 	0.9998068840 	
95.0000000000 	0.7991292188 	0.0630859944 	0.0745013444 	0.0000000000 	0.0630903264 	0.0000000000 	0.0000000000 	0.0000000000 	0.9998068840 	
95.5000000000 	0.7991295523 	0.0628827893 	0.0749073710 	0.0000000000 	0.0628871714 	0.0000000000 	0.0000000000 	0.0000000000 	0.9998068840 	
96.0000000000 	0.7991149210 	0.0626722256 	0.0753430733 	0.0000000000 	0.0626766640 	0.0000000000 	0.0000000000 	0.0000000000 	0.9998068840 	
96.5000000000 	0.7990863621 	0.0624546268 	0.0758067734 	0.0000000000 	0.0624591216 	0.0000000000 	0.0000000000 	0.0000000000 	0.9998068840 	
97.0000000000 	0.7990449432 	0.0622303337 	0.0762967264 	0.0000000000 	0.0622348806 	0.0000000000 	0.0000000000 	0.0000000000 	0.9998068840 	
97.5000000000 	0.7989917596 	0.0619997038 	0.0768111259 	0.0000000000 	0.0620042946 	0.0000000000 	0.0000000000 	0.0000000000 	0.9998068840 	
98.0000000000 	0.7989279315 	0.0617631099 	0.0773481087 	0.0000000000 	0.0617677339 	0.0000000000 	0.0000000000 	0.0000000000 	0.9998068840 	
98.5000000000 	0.7988546011 	0.0615209389 	0.0779057601 	0.0000000000 	0.0615255838 	0.0000000000 	0.0000000000 	0.0000000000 	0.9998068840 	
99.0000000000 	0.7987729305 	0.0612735912 	0.0784821184 	0.0000000000 	0.0612782438 	0.0000000000 	0.0000000000 	0.0000000000 	0.9998068840 	
99.5000000000 	0.7986840991 	0.0610214786 	0.0790751798 	0.0000000000 	0.0610261264 	0.0000000000 	0.0000000000 	0.0000000000 	0.9998068839 	
100.0000000000 	0.7985893010 	0.0607650238 	0.0796829036 	0.0000000000 	0.0607696556 	0.0000000000 	0.0000000000 	0.0000000000 	0.9998068839 	
100.5000000000 	0.7984897416 	0.0605046593 	0.0803032171 	0.0000000000 	0.0605092659 	0.0000000000 	0.0000000000 	0.0000000000 	0.9998068839 	
101.0000000000 	0.7983866350 	0.0602408265 	0.0809340214 	0.0000000000 	0.0602454011 	0.0000000000 	0.0000000000 	0.0000000000 	0.9998068839 	
101.5000000000 	0.7982811998 	0.0599739747 	0.0815731959 	0.0000000000 	0.0599785135 	0.0000000000 	0.0000000000 	0.0000000000 	0.9998068839 	
102.0000000000 	0.7981746565 	0.0597045605 	0.0822186047 	0.0000000000 	0.0597090623 	0.0000000000 	0.0000000000 	0.0000000000 	0.9998068839 	
102.5000000000 	0.7980682233 	0.0594330465 	0.0828681013 	0.0000000000 	0.0594375128 	0.0000000000 	0.0000000000 	0.0000000000 	0.9998068839 	
103.0000000000 	0.7979631138 	0.0591599005 	0.0835195348 	0.0000000000 	0.0591643348 	0.0000000000 	0.0000000000 	0.0000000000 	0.9998068839 	
103.5000000000 	0.7978605327 	0.0588855942 	0.0841707555 	0.0000000000 	0.0588900015 	0.0000000000 	0.0000000000 	0.0000000000 	0.9998068839 	
104.0000000000 	0.7977616730 	0.0586106022 	0.0848196203 	0.0000000000 	0.0586149884 	0.0000000000 	0.0000000000 	0.0000000000 	0.9998068839 	
104.5000000000 	0.7976677125 	0.0583354004 	0.0854639993 	0.0000000000 	0.0583397717 	0.0000000000 	0.0000000000 	0.0000000000 	0.9998068839 	
105.0000000000 	0.7975798103 	0.0580604651 	0.0861017813 	0.0000000000 	0.0580648272 	0.0000000000 	0.0000000000 	0.0000000000 	0.9998068839 	
105.5000000000 	0.7974991036 	0.0577862711 	0.0867308799 	0.0000000000 	0.0577906292 	0.0000000000 	0.0000000000 	0.0000000000 	0.9998068839 	
106.0000000000 	0.7974267047 	0.0575132909 	0.0873492392 	0.0000000000 	0.0575176491 	0.0000000000 	0.0000000000 	0.0000000000 	0.9998068839 	
106.5000000000 	0.7973636974 	0.0572419928 	0.0879548399 	0.0000000000 	0.0572463538 	0.0000000000 	0.0000000000 	0.0000000000 	0.9998068839 	
107.0000000000 	0.7973111348 	0.0569728396 	0.0885457047 	0.0000000000 	0.0569772049 	0.0000000000 	0.0000000000 	0.0000000000 	0.9998068839 	
107.5000000000 	0.7972700356 	0.0567062873 	0.0891199038 	0.0000000000 	0.0567106573 	0.0000000000 	0.0000000000 	0.0000000000 	0.9998068839 	
108.0000000000 	0.7972413825 	0.0564427837 	0.0896755601 	0.0000000000 	0.0564471576 	0.0000000000 	0.0000000000 	0.0000000000 	0.9998068839 	
108.5000000000 	0.7972261187 	0.0561827672 	0.0902108547 	0.0000000000 	0.0561871433 	0.0000000000 	0.0000000000 	0.0000000000 	0.9998068839 	
109.0000000000 	0.7972251463 	0.0559266651 	0.0907240312 	0.0000000000 	0.0559310413 	0.0000000000 	0.0000000000 	0.0000000000 	0.9998068839 	
109.5000000000 	0.7972393236 	0.0556748931 	0.0912134003 	0.0000000000 	0.0556792669 	0.0000000000 	0.0000000000 	0.0000000000 	0.9998068839 	
110.0000000000 	0.7972694633 	0.0554278537 	0.0916773446 	0.0000000000 	0.0554322224 	0.0000000000 	0.0000000000 	0.0000000000 	0.9998068839 	
110.5000000000 	0.7973163306 	0.0551859350 	0.0921143218 	0.0000000000 	0.0551902965 	0.0000000000 	0.0000000000 	0.0000000000 	0.9998068839 	
111.0000000000 	0.7973806414 	0.0549495106 	0.0925228693 	0.0000000000 	0.0549538627 	0.0000000000 	0.0000000000 	0.0000000000 	0.9998068839 	
111.5000000000 	0.7974630606 	0.0547189375 	0.0929016070 	0.0000000000 	0.0547232788 	0.0000000000 	0.0000000000 	0.0000000000 	0.9998068839 	
112.0000000000 	0.7975642006 	0.0544945564 	0.0932492412 	0.0000000000 	0.0544988858 	0.0000000000 	0.0000000000 	0.0000000000 	0.9998068840 	
112.5000000000 	0.7976846200 	0.0542766900 	0.0935645668 	0.0000000000 	0.0542810072 	0.0000000000 	0.0000000000 	0.0000000000 	0.9998068840 	
113.0000000000 	0.7978248222 	0.0540656429 	0.0938464709 	0.0000000000 	0.0540699479 	0.0000000000 	0.0000000000 	0.0000000000 	0.9998068840 	
113.5000000000 	0.7979852545 	0.0538617007 	0.0940939347 	0.0000000000 	0.0538659940 	0.0000000000 	0.0000000000 	0.0000000000 	0.9998068840 	
114.0000000000 	0.7981663066 	0.0536651293 	0.0943060362 	0.0000000000 	0.0536694118 	0.0000000000 	0.0000000000 	0.0000000000 	0.9998068840 	
114.5000000000 	0.7983683103 	0.0534761744 	0.0944819521 	0.0000000000 	0.0534804472 	0.0000000000 	0.0000000000 	0.0000000000 	0.9998068840 	
115.0000000000 	0.7985915383 	0.0532950611 	0.0946209594 	0.0000000000 	0.0532993252 	0.0000000000 	0.0000000000 	0.0000000000 	0.9998068840 	
115.5000000000 	0.7988362039 	0.0531219930 	0.0947224375 	0.0000000000 	0.0531262496 	0.0000000000 	0.0000000000 	0.0000000000 	0.9998068840 	
116.0000000000 	0.7991024605 	0.0529571521 	0.0947858691 	0.0000000000 	0.0529614023 	0.0000000000 	0.0000000000 	0.0000000000 	0.9998068840 	
116.5000000000 	0.7993904012 	0.0528006983 	0.0948108418 	0.0000000000 	0.0528049428 	0.0000000000 	0.0000000000 	0.0000000000 	0.9998068840 	
117.0000000000 	0.7997000589 	0.0526527688 	0.0947970480 	0.0000000000 	0.0526570082 	0.0000000000 	0.0000000000 	0.0000000000 	0.9998068840 	
117.5000000000 	0.8000314063 	0.0525134781 	0.0947442868 	0.0000000000 	0.0525177127 	0.0000000000 	0.0000000000 	0.0000000000 	0.9998068840 	
118.0000000000 	0.8003843561 	0.0523829176 	0.0946524629 	0.0000000000 	0.0523871474 	0.0000000000 	0.0000000000 	0.0000000000 	0.9998068840 	
118.5000000000 	0.8007587615 	0.0522611551 	0.0945215876 	0.0000000000 	0.0522653798 	0.0000000000 	0.0000000000 	0.0000000000 	0.9998068840 	
119.0000000000 	0.8011544164 	0.0521482351 	0.0943517781 	0.0000000000 	0.0521524544 	0.0000000000 	0.0000000000 	0.0000000000 	0.9998068840 	
119.5000000000 	0.8015710569 	0.0520441784 	0.0941432568 	0.0000000000 	0.0520483918 	0.0000000000 	0.0000000000 	0.0000000000 	0.9998068840 	
120.0000000000 	0.8020083616 	0.0519489824 	0.0938963508 	0.0000000000 	0.0519531892 	0.0000000000 	0.0000000000 	0.0000000000 	0.9998068840 	
120.5000000000 	0.8024659526 	0.0518626208 	0.0936114902 	0.0000000000 	0.0518668204 	0.0000000000 	0.0000000000 	0.0000000000 	0.9998068840 	
121.0000000000 	0.8029433974 	0.0517850439 	0.0932892069 	0.0000000000 	0.0517892358 	0.0000000000 	0.0000000000 	0.0000000000 	0.9998068840 	
121.5000000000 	0.8034402096 	0.0517161789 	0.0929301329 	0.0000000000 	0.0517203626 	0.0000000000 	0.0000000000 	0.0000000000 	0.9998068840 	
122.0000000000 	0.8039558507 	0.0516559299 	0.0925349982 	0.0000000000 	0.0516601051 	0.0000000000 	0.0000000000 	0.0000000000 	0.9998068840 	
122.5000000000 	0.8044897319 	0.0516041787 	0.0921046282 	0.0000000000 	0.0516083453 	0.0000000000 	0.0000000000 	0.0000000000 	0.9998068840 	
123.0000000000 	0.8050412155 	0.0515607846 	0.0916399413 	0.0000000000 	0.0515649426 	0.0000000000 	0.0000000000 	0.0000000000 	0.9998068840 	
123.5000000000 	0.8056096171 	0.0515255855 	0.0911419464 	0.0000000000 	0.0515297350 	0.0000000000 	0.0000000000 	0.0000000000 	0.9998068840 	
124.0000000000 	0.8061942078 	0.0514983979 	0.0906117391 	0.0000000000 	0.0515025392 	0.0000000000 	0.0000000000 	0.0000000000 	0.9998068840 	
124.5000000000 	0.8067942157 	0.0514790178 	0.0900504991 	0.0000000000 	0.0514831513 	0.0000000000 	0.0000000000 	0.0000000000 	0.9998068840 	
125.0000000000 	0.8074088289 	0.0514672214 	0.0894594863 	0.0000000000 	0.0514713474 	0.0000000000 	0.0000000000 	0.0000000000 	0.9998068840 	
125.5000000000 	0.8080371971 	0.0514627654 	0.0888400371 	0.0000000000 	0.0514668844 	0.0000000000 	0.0000000000 	0.0000000000 	0.9998068840 	
126.0000000000 	0.8086784347 	0.0514653882 	0.0881935607 	0.0000000000 	0.0514695004 	0.0000000000 	0.0000000000 	0.0000000000 	0.9998068840 	
126.5000000000 	0.8093316229 	0.0514748102 	0.0875215348 	0.0000000000 	0.0514789161 	0.0000000000 	0.0000000000 	0.0000000000 	0.9998068840 	
127.0000000000 	0.8099958122 	0.0514907351 	0.0868255017 	0.0000000000 	0.0514948349 	0.0000000000 	0.0000000000 	0.0000000000 	0.9998068840 	
127.5000000000 	0.8106700255 	0.0515128506 	0.0861070636 	0.0000000000 	0.0515169444 	0.0000000000 	0.0000000000 	0.0000000000 	0.9998068840 	
128.0000000000 	0.8113532603 	0.0515408288 	0.0853678781 	0.0000000000 	0.0515449168 	0.0000000000 	0.0000000000 	0.0000000000 	0.9998068840 	
128.5000000000 	0.8120444920 	0.0515743281 	0.0846096538 	0.0000000000 	0.0515784101 	0.0000000000 	0.0000000000 	0.0000000000 	0.9998068840 	
129.0000000000 	0.8127426763 	0.0516129933 	0.0838341452 	0.0000000000 	0.0516170693 	0.0000000000 	0.0000000000 	0.0000000000 	0.9998068840 	
129.5000000000 	0.8134467522 	0.0516564570 	0.0830431481 	0.0000000000 	0.0516605267 	0.0000000000 	0.0000000000 	0.0000000000 	0.9998068840 	
130.0000000000 	0.8141556451 	0.0517043405 	0.0822384947 	0.0000000000 	0.0517084037 	0.0000000000 	0.0000000000 	0.0000000000 	0.9998068840 	
130.5000000000 	0.8148682697 	0.0517562548 	0.0814220481 	0.0000000000 	0.0517603114 	0.0000000000 	0.0000000000 	0.0000000000 	0.9998068840 	
131.0000000000 	0.8155835325 	0.0518118021 	0.0805956977 	0.0000000000 	0.0518158518 	0.0000000000 	0.0000000000 	0.0000000000 	0.9998068840 	
131.5000000000 	0.8163003356 	0.0518705762 	0.0797613536 	0.0000000000 	0.0518746187 	0.0000000000 	0.0000000000 	0.0000000000 	0.9998068840 	
132.0000000000 	0.8170175788 	0.0519321641 	0.0789209417 	0.0000000000 	0.0519361993 	0.0000000000 	0.0000000000 	0.0000000000 	0.9998068840 	
132.5000000000 	0.8177341635 	0.0519961472 	0.0780763985 	0.0000000000 	0.0520001749 	0.0000000000 	0.0000000000 	0.0000000000 	0.9998068840 	
133.0000000000 	0.8184489947 	0.0520621018 	0.0772296655 	0.0000000000 	0.0520661220 	0.0000000000 	0.0000000000 	0.0000000000 	0.9998068840 	
133.5000000000 	0.8191609847 	0.0521296013 	0.0763826841 	0.0000000000 	0.0521336140 	0.0000000000 	0.0000000000 	0.0000000000 	0.9998068840 	
134.0000000000 	0.8198690557 	0.0521982163 	0.0755373906 	0.0000000000 	0.0522022215 	0.0000000000 	0.0000000000 	0.0000000000 	0.9998068840 	
134.5000000000 	0.8205721426 	0.0522675165 	0.0746957106 	0.0000000000 	0.0522715143 	0.0000000000 	0.0000000000 	0.0000000000 	0.9998068841 	
135.0000000000 	0.8212691962 	0.0523370716 	0.0738595542 	0.0000000000 	0.0523410621 	0.0000000000 	0.0000000000 	0.0000000000 	0.9998068841 	
135.5000000000 	0.8219591854 	0.0524064523 	0.0730308106 	0.0000000000 	0.0524104357 	0.0000000000 	0.0000000000 	0.0000000000 	0.9998068841 	
136.0000000000 	0.8226411005 	0.0524752319 	0.0722113432 	0.0000000000 	0.0524792084 	0.0000000000 	0.0000000000 	0.0000000000 	0.9998068841 	
136.5000000000 	0.8233139555 	0.0525429871 	0.0714029846 	0.0000000000 	0.0525469568 	0.0000000000 	0.0000000000 	0.0000000000 	0.9998068841 	
137.0000000000 	0.8239767909 	0.0526092990 	0.0706075320 	0.0000000000 	0.0526132621 	0.0000000000 	0.0000000000 	0.0000000000 	0.9998068841 	
137.5000000000 	0.8246286759 	0.0526737548 	0.0698267421 	0.0000000000 	0.0526777114 	0.0000000000 	0.0000000000 	0.0000000000 	0.9998068841 	
138.0000000000 	0.8252687110 	0.0527359481 	0.0690623266 	0.0000000000 	0.0527398983 	0.0000000000 	0.0000000000 	0.0000000000 	0.9998068841 	
138.5000000000 	0.8258960307 	0.0527954808 	0.0683159479 	0.0000000000 	0.0527994247 	0.0000000000 	0.0000000000 	0.0000000000 	0.9998068841 	
139.0000000000 	0.8265098049 	0.0528519635 	0.0675892147 	0.0000000000 	0.0528559010 	0.0000000000 	0.0000000000 	0.0000000000 	0.9998068841 	
139.5000000000 	0.8271092416 	0.0529050167 	0.0668836778 	0.0000000000 	0.0529089480 	0.0000000000 	0.0000000000 	0.0000000000 	0.9998068841 	
140.0000000000 	0.8276935888 	0.0529542722 	0.0662008260 	0.0000000000 	0.0529581971 	0.0000000000 	0.0000000000 	0.0000000000 	0.9998068841 	
140.5000000000 	0.8282621365 	0.0529993732 	0.0655420825 	0.0000000000 	0.0530032918 	0.0000000000 	0.0000000000 	0.0000000000 	0.9998068841 	
141.0000000000 	0.8288142181 	0.0530399762 	0.0649088014 	0.0000000000 	0.0530438883 	0.0000000000 	0.0000000000 	0.0000000000 	0.9998068841 	
141.5000000000 	0.8293492125 	0.0530757511 	0.0643022638 	0.0000000000 	0.0530796567 	0.0000000000 	0.0000000000 	0.0000000000 	0.9998068841 	
142.0000000000 	0.8298665452 	0.0531063825 	0.0637236750 	0.0000000000 	0.0531102814 	0.0000000000 	0.0000000000 	0.0000000000 	0.9998068841 	
142.5000000000 	0.8303656901 	0.0531315701 	0.0631741615 	0.0000000000 	0.0531354624 	0.0000000000 	0.0000000000 	0.0000000000 	0.9998068841 	
143.0000000000 	0.8308461704 	0.0531510301 	0.0626547680 	0.0000000000 	0.0531549156 	0.0000000000 	0.0000000000 	0.0000000000 	0.9998068841 	
143.5000000000 	0.8313075602 	0.0531644951 	0.0621664550 	0.0000000000 	0.0531683739 	0.0000000000 	0.0000000000 	0.0000000000 	0.9998068841 	
144.0000000000 	0.8317494847 	0.0531717154 	0.0617100965 	0.0000000000 	0.0531755874 	0.0000000000 	0.0000000000 	0.0000000000 	0.9998068841 	
144.5000000000 	0.8321716220 	0.0531724595 	0.0612864780 	0.0000000000 	0.0531763246 	0.0000000000 	0.0000000000 	0.0000000000 	0.9998068841 	
145.0000000000 	0.8325737029 	0.0531665142 	0.0608962945 	0.0000000000 	0.0531703725 	0.0000000000 	0.0000000000 	0.0000000000 	0.9998068841 	
145.5000000000 	0.8329555121 	0.0531536857 	0.0605401489 	0.0000000000 	0.0531575373 	0.0000000000 	0.0000000000 	0.0000000000 	0.9998068841 	
146.0000000000 	0.8333168881 	0.0531337999 	0.0602185512 	0.0000000000 	0.0531376448 	0.0000000000 	0.0000000000 	0.0000000000 	0.9998068841 	
146.5000000000 	0.8336577241 	0.0531067025 	0.0599319167 	0.0000000000 	0.0531105407 	0.0000000000 	0.0000000000 	0.0000000000 	0.9998068841 	
147.0000000000 	0.8339779673 	0.0530722598 	0.0596805658 	0.0000000000 	0.0530760913 	0.0000000000 	0.0000000000 	0.0000000000 	0.9998068841 	
147.5000000000 	0.8342776194 	0.0530303584 	0.0594647229 	0.0000000000 	0.0530341834 	0.0000000000 	0.0000000000 	0.0000000000 	0.9998068841 	
148.0000000000 	0.8345567363 	0.0529809062 	0.0592845168 	0.0000000000 	0.0529847247 	0.0000000000 	0.0000000000 	0.0000000000 	0.9998068841 	
148.5000000000 	0.8348154279 	0.0529238320 	0.0591399801 	0.0000000000 	0.0529276441 	0.0000000000 	0.0000000000 	0.0000000000 	0.9998068841 	
149.0000000000 	0.8350538572 	0.0528590858 	0.0590310497 	0.0000000000 	0.0528628914 	0.0000000000 	0.0000000000 	0.0000000000 	0.9998068841 	
149.5000000000 	0.8352722401 	0.0527866388 	0.0589575672 	0.0000000000 	0.0527904381 	0.0000000000 	0.0000000000 	0.0000000000 	0.9998068841 	
150.0000000000 	0.8354708444 	0.0527064835 	0.0589192798 	0.0000000000 	0.0527102765 	0.0000000000 	0.0000000000 	0.0000000000 	0.9998068841 	
150.5000000000 	0.8356499890 	0.0526186337 	0.0589158410 	0.0000000000 	0.0526224203 	0.0000000000 	0.0000000000 	0.0000000000 	0.9998068841 	
151.0000000000 	0.8358100431 	0.0525231242 	0.0589468124 	0.0000000000 	0.0525269045 	0.0000000000 	0.0000000000 	0.0000000000 	0.9998068841 	
151.5000000000 	0.8359514244 	0.0524200107 	0.0590116644 	0.0000000000 	0.0524237846 	0.0000000000 	0.0000000000 	0.0000000000 	0.9998068841 	
152.0000000000 	0.8360745984 	0.0523093697 	0.0591097788 	0.0000000000 	0.0523131372 	0.0000000000 	0.0000000000 	0.0000000000 	0.9998068841 	
152.5000000000 	0.8361800770 	0.0521912979 	0.0592404500 	0.0000000000 	0.0521950592 	0.0000000000 	0.0000000000 	0.0000000000 	0.9998068841 	
153.0000000000 	0.8362684163 	0.0520659125 	0.0594028878 	0.0000000000 	0.0520696674 	0.0000000000 	0.0000000000 	0.0000000000 	0.9998068841 	
153.5000000000 	0.8363402159 	0.0519333502 	0.0595962195 	0.0000000000 	0.0519370986 	0.0000000000 	0.0000000000 	0.0000000000 	0.9998068841 	
154.0000000000 	0.8363961162 	0.0517937667 	0.0598194924 	0.0000000000 	0.0517975088 	0.0000000000 	0.0000000000 	0.0000000000 	0.9998068841 	
154.5000000000 	0.8364367973 	0.0516473370 	0.0600716771 	0.0000000000 	0.0516510727 	0.0000000000 	0.0000000000 	0.0000000000 	0.9998068841 	
155.0000000000 	0.8364629767 	0.0514942540 	0.0603516701 	0.0000000000 	0.0514979833 	0.0000000000 	0.0000000000 	0.0000000000 	0.9998068841 	
155.5000000000 	0.8364754069 	0.0513347285 	0.0606582974 	0.0000000000 	0.0513384514 	0.0000000000 	0.0000000000 	0.0000000000 	0.9998068841 	
156.0000000000 	0.8364748741 	0.0511689880 	0.0609903175 	0.0000000000 	0.0511727045 	0.0000000000 	0.0000000000 	0.0000000000 	0.9998068841 	
156.5000000000 	0.8364621952 	0.0509972768 	0.0613464252 	0.0000000000 	0.0510009869 	0.0000000000 	0.0000000000 	0.0000000000 	0.9998068841 	
157.0000000000 	0.8364382157 	0.0508198546 	0.0617252556 	0.0000000000 	0.0508235583 	0.0000000000 	0.0000000000 	0.0000000000 	0.9998068841 	
157.5000000000 	0.8364038077 	0.0506369959 	0.0621253872 	0.0000000000 	0.0506406933 	0.0000000000 	0.0000000000 	0.0000000000 	0.9998068841 	
158.0000000000 	0.8363598669 	0.0504489897 	0.0625453468 	0.0000000000 	0.0504526808 	0.0000000000 	0.0000000000 	0.0000000000 	0.9998068841 	
158.5000000000 	0.8363073103 	0.0502561379 	0.0629836133 	0.0000000000 	0.0502598227 	0.0000000000 	0.0000000000 	0.0000000000 	0.9998068841 	
159.0000000000 	0.8362470741 	0.0500587549 	0.0634386217 	0.0000000000 	0.0500624334 	0.0000000000 	0.0000000000 	0.0000000000 	0.9998068841 	
159.5000000000 	0.8361801103 	0.0498571669 	0.0639087678 	0.0000000000 	0.0498608391 	0.0000000000 	0.0000000000 	0.0000000000 	0.9998068841 	
160.0000000000 	0.8361073848 	0.0496517103 	0.0643924127 	0.0000000000 	0.0496553763 	0.0000000000 	0.0000000000 	0.0000000000 	0.9998068841 	
160.5000000000 	0.8360298742 	0.0494427315 	0.0648878871 	0.0000000000 	0.0494463913 	0.0000000000 	0.0000000000 	0.0000000000 	0.9998068841 	
161.0000000000 	0.8359485637 	0.0492305855 	0.0653934959 	0.0000000000 	0.0492342391 	0.0000000000 	0.0000000000 	0.0000000000 	0.9998068842 	
161.5000000000 	0.8358644438 	0.0490156349 	0.0659075232 	0.0000000000 	0.0490192823 	0.0000000000 	0.0000000000 	0.0000000000 	0.9998068842 	
162.0000000000 	0.8357785082 	0.0487982490 	0.0664282366 	0.0000000000 	0.0488018903 	0.0000000000 	0.0000000000 	0.0000000000 	0.9998068842 	
162.5000000000 	0.8356917506 	0.0485788031 	0.0669538922 	0.0000000000 	0.0485824382 	0.0000000000 	0.0000000000 	0.0000000000 	0.9998068842 	
163.0000000000 	0.8356051624 	0.0483576768 	0.0674827392 	0.0000000000 	0.0483613057 	0.0000000000 	0.0000000000 	0.0000000000 	0.9998068842 	
163.5000000000 	0.8355197298 	0.0481352535 	0.0680130246 	0.0000000000 	0.0481388762 	0.0000000000 	0.0000000000 	0.0000000000 	0.9998068842 	
164.0000000000 	0.8354364313 	0.0479119190 	0.0685429982 	0.0000000000 	0.0479155356 	0.0000000000 	0.0000000000 	0.0000000000 	0.9998068842 	
164.5000000000 	0.8353562350 	0.0476880609 	0.0690709170 	0.0000000000 	0.0476916713 	0.0000000000 	0.0000000000 	0.0000000000 	0.9998068842 	
165.0000000000 	0.8352800961 	0.0474640670 	0.0695950499 	0.0000000000 	0.0474676712 	0.0000000000 	0.0000000000 	0.0000000000 	0.9998068842 	
165.5000000000 	0.8352089543 	0.0472403245 	0.0701136827 	0.0000000000 	0.0472439227 	0.0000000000 	0.0000000000 	0.0000000000 	0.9998068842 	
166.0000000000 	0.8351437314 	0.0470172193 	0.0706251223 	0.0000000000 	0.0470208113 	0.0000000000 	0.0000000000 	0.0000000000 	0.9998068842 	
166.5000000000 	0.8350853288 	0.0467951342 	0.0711277010 	0.0000000000 	0.0467987201 	0.0000000000 	0.0000000000 	0.0000000000 	0.9998068842 	
167.0000000000 	0.8350346251 	0.0465744488 	0.0716197817 	0.0000000000 	0.0465780286 	0.0000000000 	0.0000000000 	0.0000000000 	0.9998068842 	
167.5000000000 	0.8349924741 	0.0463555375 	0.0720997614 	0.0000000000 	0.0463591112 	0.0000000000 	0.0000000000 	0.0000000000 	0.9998068842 	
168.0000000000 	0.8349597022 	0.0461387693 	0.0725660757 	0.0000000000 	0.0461423370 	0.0000000000 	0.0000000000 	0.0000000000 	0.9998068842 	
168.5000000000 	0.8349371064 	0.0459245066 	0.0730172030 	0.0000000000 	0.0459280682 	0.0000000000 	0.0000000000 	0.0000000000 	0.9998068842 	
169.0000000000 	0.8349254523 	0.0457131040 	0.0734516684 	0.0000000000 	0.0457166595 	0.0000000000 	0.0000000000 	0.0000000000 	0.9998068842 	
169.5000000000 	0.8349254723 	0.0455049076 	0.0738680473 	0.0000000000 	0.0455084570 	0.0000000000 	0.0000000000 	0.0000000000 	0.9998068842 	
170.0000000000 	0.8349378633 	0.0453002540 	0.0742649695 	0.0000000000 	0.0453037974 	0.0000000000 	0.0000000000 	0.0000000000 	0.9998068842 	
170.5000000000 	0.8349632855 	0.0450994696 	0.0746411222 	0.0000000000 	0.0451030069 	0.0000000000 	0.0000000000 	0.0000000000 	0.9998068842 	
171.0000000000 	0.8350023601 	0.0449028694 	0.0749952539 	0.0000000000 	0.0449064008 	0.0000000000 	0.0000000000 	0.0000000000 	0.9998068842 	
171.5000000000 	0.8350556686 	0.0447107567 	0.0753261769 	0.0000000000 	0.0447142820 	0.0000000000 	0.0000000000 	0.0000000000 	0.9998068842 	
172.0000000000 	0.8351237504 	0.0445234217 	0.0756327711 	0.0000000000 	0.0445269410 	0.0000000000 	0.0000000000 	0.0000000000 	0.9998068842 	
172.5000000000 	0.8352071022 	0.0443411414 	0.0759139859 	0.0000000000 	0.0443446547 	0.0000000000 	0.0000000000 	0.0000000000 	0.9998068842 	
173.0000000000 	0.8353061767 	0.0441641783 	0.0761688436 	0.0000000000 	0.0441676857 	0.0000000000 	0.0000000000 	0.0000000000 	0.9998068842 	
173.5000000000 	0.8354213811 	0.0439927802 	0.0763964412 	0.0000000000 	0.0439962817 	0.0000000000 	0.0000000000 	0.0000000000 	0.9998068842 	
174.0000000000 	0.8355530768 	0.0438271795 	0.0765959529 	0.0000000000 	0.0438306750 	0.0000000000 	0.0000000000 	0.0000000000 	0.9998068842 	
174.5000000000 	0.8357015780 	0.0436675923 	0.0767666321 	0.0000000000 	0.0436710818 	0.0000000000 	0.0000000000 	0.0000000000 	0.9998068842 	
175.0000000000 	0.8358671515 	0.0435142181 	0.0769078128 	0.0000000000 	0.0435177017 	0.0000000000 	0.0000000000 	0.0000000000 	0.9998068842 	
175.5000000000 	0.8360500157 	0.0433672397 	0.0770189115 	0.0000000000 	0.0433707173 	0.0000000000 	0.0000000000 	0.0000000000 	0.9998068842 	
176.0000000000 	0.8362503405 	0.0432268219 	0.0770994283 	0.0000000000 	0.0432302936 	0.0000000000 	0.0000000000 	0.0000000000 	0.9998068842 	
176.5000000000 	0.8364682468 	0.0430931118 	0.0771489479 	0.0000000000 	0.0430965777 	0.0000000000 	0.0000000000 	0.0000000000 	0.9998068842 	
177.0000000000 	0.8367038067 	0.0429662385 	0.0771671406 	0.0000000000 	0.0429696984 	0.0000000000 	0.0000000000 	0.0000000000 	0.9998068842 	
177.5000000000 	0.8369570430 	0.0428463122 	0.0771537629 	0.0000000000 	0.0428497662 	0.0000000000 	0.0000000000 	0.0000000000 	0.9998068842 	
178.0000000000 	0.8372279294 	0.0427334244 	0.0771086577 	0.0000000000 	0.0427368726 	0.0000000000 	0.0000000000 	0.0000000000 	0.9998068842 	
178.5000000000 	0.8375163913 	0.0426276480 	0.0770317546 	0.0000000000 	0.0426310903 	0.0000000000 	0.0000000000 	0.0000000000 	0.9998068842 	
179.0000000000 	0.8378223052 	0.0425290365 	0.0769230696 	0.0000000000 	0.0425324729 	0.0000000000 	0.0000000000 	0.0000000000 	0.9998068842 	
179.5000000000 	0.8381455002 	0.0424376242 	0.0767827050 	0.0000000000 	0.0424410548 	0.0000000000 	0.0000000000 	0.0000000000 	0.9998068842 	
180.0000000000 	0.8384857578 	0.0423534265 	0.0766108486 	0.0000000000 	0.0423568513 	0.0000000000 	0.0000000000 	0.0000000000 	0.9998068842 	
180.5000000000 	0.8388428133 	0.0422764395 	0.0764077730 	0.0000000000 	0.0422798584 	0.0000000000 	0.0000000000 	0.0000000000 	0.9998068842 	
181.0000000000 	0.8392163562 	0.0422066401 	0.0761738346 	0.0000000000 	0.0422100532 	0.0000000000 	0.0000000000 	0.0000000000 	0.9998068842 	
181.5000000000 	0.8396060314 	0.0421439865 	0.0759094726 	0.0000000000 	0.0421473938 	0.0000000000 	0.0000000000 	0.0000000000 	0.9998068842 	
182.0000000000 	0.8400114404 	0.0420884178 	0.0756152067 	0.0000000000 	0.0420918193 	0.0000000000 	0.0000000000 	0.0000000000 	0.9998068842 	
182.5000000000 	0.8404321423 	0.0420398548 	0.0752916366 	0.0000000000 	0.0420432505 	0.0000000000 	0.0000000000 	0.0000000000 	0.9998068842 	
183.0000000000 	0.8408676552 	0.0419981999 	0.0749394392 	0.0000000000 	0.0420015899 	0.0000000000 	0.0000000000 	0.0000000000 	0.9998068842 	
183.5000000000 	0.8413174579 	0.0419633377 	0.0745593667 	0.0000000000 	0.0419667219 	0.0000000000 	0.0000000000 	0.0000000000 	0.9998068842 	
184.0000000000 	0.8417809911 	0.0419351350 	0.0741522446 	0.0000000000 	0.0419385135 	0.0000000000 	0.0000000000 	0.0000000000 	0.9998068842 	
184.5000000000 	0.8422576591 	0.0419134417 	0.0737189691 	0.0000000000 	0.0419168143 	0.0000000000 	0.0000000000 	0.0000000000 	0.9998068842 	
185.0000000000 	0.8427468318 	0.0418980906 	0.0732605043 	0.0000000000 	0.0419014575 	0.0000000000 	0.0000000000 	0.0000000000 	0.9998068842 	
185.5000000000 	0.8432478461 	0.0418888987 	0.0727778795 	0.0000000000 	0.0418922599 	0.0000000000 	0.0000000000 	0.0000000000 	0.9998068842 	
186.0000000000 	0.8437600083 	0.0418856672 	0.0722721860 	0.0000000000 	0.0418890227 	0.0000000000 	0.0000000000 	0.0000000000 	0.9998068842 	
186.5000000000 	0.8442825955 	0.0418881823 	0.0717445744 	0.0000000000 	0.0418915321 	0.0000000000 	0.0000000000 	0.0000000000 	0.9998068842 	
187.0000000000 	0.8448148581 	0.0418962156 	0.0711962508 	0.0000000000 	0.0418995597 	0.0000000000 	0.0000000000 	0.0000000000 	0.9998068842 	
187.5000000000 	0.8453560219 	0.0419095252 	0.0706284736 	0.0000000000 	0.0419128636 	0.0000000000 	0.0000000000 	0.0000000000 	0.9998068843 	
188.0000000000 	0.8459052898 	0.0419278559 	0.0700425499 	0.0000000000 	0.0419311886 	0.0000000000 	0.0000000000 	0.0000000000 	0.9998068843 	
188.5000000000 	0.8464618449 	0.0419509403 	0.0694398317 	0.0000000000 	0.0419542674 	0.0000000000 	0.0000000000 	0.0000000000 	0.9998068843 	
189.0000000000 	0.8470248516 	0.0419784994 	0.0688217124 	0.0000000000 	0.0419818208 	0.0000000000 	0.0000000000 	0.0000000000 	0.9998068843 	
189.5000000000 	0.8475934591 	0.0420102435 	0.0681896225 	0.0000000000 	0.0420135592 	0.0000000000 	0.0000000000 	0.0000000000 	0.9998068843 	
190.0000000000 	0.8481668030 	0.0420458726 	0.0675450259 	0.0000000000 	0.0420491827 	0.0000000000 	0.0000000000 	0.0000000000 	0.9998068843 	
190.5000000000 	0.8487440078 	0.0420850781 	0.0668894158 	0.0000000000 	0.0420883826 	0.0000000000 	0.0000000000 	0.0000000000 	0.9998068843 	
191.0000000000 	0.8493241895 	0.0421275428 	0.0662243103 	0.0000000000 	0.0421308416 	0.0000000000 	0.0000000000 	0.0000000000 	0.9998068843 	
191.5000000000 	0.8499064581 	0.0421729421 	0.0655512488 	0.0000000000 	0.0421762353 	0.0000000000 	0.0000000000 	0.0000000000 	0.9998068843 	
192.0000000000 	0.8504899194 	0.0422209451 	0.0648717870 	0.0000000000 	0.0422242328 	0.0000000000 	0.0000000000 	0.0000000000 	0.9998068843 	
192.5000000000 	0.8510736782 	0.0422712153 	0.0641874933 	0.0000000000 	0.0422744974 	0.0000000000 	0.0000000000 	0.0000000000 	0.9998068843 	
193.0000000000 	0.8516568403 	0.0423234116 	0.0634999444 	0.0000000000 	0.0423266880 	0.0000000000 	0.0000000000 	0.0000000000 	0.9998068843 	
193.5000000000 	0.8522385150 	0.0423771889 	0.0628107205 	0.0000000000 	0.0423804598 	0.0000000000 	0.0000000000 	0.0000000000 	0.9998068843 	
194.0000000000 	0.8528178173 	0.0424321999 	0.0621214019 	0.0000000000 	0.0424354652 	0.0000000000 	0.0000000000 	0.0000000000 	0.9998068843 	
194.5000000000 	0.8533938708 	0.0424880949 	0.0614335640 	0.0000000000 	0.0424913546 	0.0000000000 	0.0000000000 	0.0000000000 	0.9998068843 	
195.0000000000 	0.8539658093 	0.0425445237 	0.0607487733 	0.0000000000 	0.0425477779 	0.0000000000 	0.0000000000 	0.0000000000 	0.9998068843 	
195.5000000000 	0.8545327798 	0.0426011362 	0.0600685834 	0.0000000000 	0.0426043849 	0.0000000000 	0.0000000000 	0.0000000000 	0.9998068843 	
196.0000000000 	0.8550939443 	0.0426575831 	0.0593945307 	0.0000000000 	0.0426608262 	0.0000000000 	0.0000000000 	0.0000000000 	0.9998068843 	
196.5000000000 	0.8556484822 	0.0427135172 	0.0587281300 	0.0000000000 	0.0427167548 	0.0000000000 	0.0000000000 	0.0000000000 	0.9998068843 	
197.0000000000 	0.8561955925 	0.0427685943 	0.0580708711 	0.0000000000 	0.0427718264 	0.0000000000 	0.0000000000 	0.0000000000 	0.9998068843 	
197.5000000000 	0.8567344956 	0.0428224738 	0.0574242146 	0.0000000000 	0.0428257004 	0.0000000000 	0.0000000000 	0.0000000000 	0.9998068843 	
198.0000000000 	0.8572644357 	0.0428748199 	0.0567895877 	0.0000000000 	0.0428780410 	0.0000000000 	0.0000000000 	0.0000000000 	0.9998068843 	
198.5000000000 	0.8577846826 	0.0429253025 	0.0561683811 	0.0000000000 	0.0429285181 	0.0000000000 	0.0000000000 	0.0000000000 	0.9998068843 	
199.0000000000 	0.8582945335 	0.0429735979 	0.0555619448 	0.0000000000 	0.0429768081 	0.0000000000 	0.0000000000 	0.0000000000 	0.9998068843 	
199.5000000000 	0.8587933151 	0.0430193897 	0.0549715851 	0.0000000000 	0.0430225944 	0.0000000000 	0.0000000000 	0.0000000000 	0.9998068843 	
200.0000000000 	0.8592803849 	0.0430623697 	0.0543985607 	0.0000000000 	0.0430655690 	0.0000000000 	0.0000000000 	0.0000000000 	0.9998068843 	
200.5000000000 	0.8597551330 	0.0431022387 	0.0538440800 	0.0000000000 	0.0431054326 	0.0000000000 	0.0000000000 	0.0000000000 	0.9998068843 	
201.0000000000 	0.8602169840 	0.0431387072 	0.0533092975 	0.0000000000 	0.0431418956 	0.0000000000 	0.0000000000 	0.0000000000 	0.9998068843 	
201.5000000000 	0.8606653977 	0.0431714961 	0.0527953114 	0.0000000000 	0.0431746791 	0.0000000000 	0.0000000000 	0.0000000000 	0.9998068843 	
202.0000000000 	0.8610998712 	0.0432003377 	0.0523031602 	0.0000000000 	0.0432035152 	0.0000000000 	0.0000000000 	0.0000000000 	0.9998068843 	
202.5000000000 	0.8615199396 	0.0432249759 	0.0518338208 	0.0000000000 	0.0432281480 	0.0000000000 	0.0000000000 	0.0000000000 	0.9998068843 	
203.0000000000 	0.8619251772 	0.0432451674 	0.0513882056 	0.0000000000 	0.0432483341 	0.0000000000 	0.0000000000 	0.0000000000 	0.9998068843 	
203.5000000000 	0.8623151990 	0.0432606819 	0.0509671602 	0.0000000000 	0.0432638432 	0.0000000000 	0.0000000000 	0.0000000000 	0.9998068843 	
204.0000000000 	0.8626896609 	0.0432713029 	0.0505714617 	0.0000000000 	0.0432744588 	0.0000000000 	0.0000000000 	0.0000000000 	0.9998068843 	
204.5000000000 	0.8630482609 	0.0432768280 	0.0502018167 	0.0000000000 	0.0432799786 	0.0000000000 	0.0000000000 	0.0000000000 	0.9998068843 	
205.0000000000 	0.8633907398 	0.0432770699 	0.0498588595 	0.0000000000 	0.0432802151 	0.0000000000 	0.0000000000 	0.0000000000 	0.9998068843 	
205.5000000000 	0.8637168816 	0.0432718561 	0.0495431508 	0.0000000000 	0.0432749960 	0.0000000000 	0.0000000000 	0.0000000000 	0.9998068843 	
206.0000000000 	0.8640265138 	0.0432610299 	0.0492551762 	0.0000000000 	0.0432641645 	0.0000000000 	0.0000000000 	0.0000000000 	0.9998068843 	
206.5000000000 	0.8643195081 	0.0432444507 	0.0489953455 	0.0000000000 	0.0432475799 	0.0000000000 	0.0000000000 	0.0000000000 	0.9998068843 	
207.0000000000 	0.8645957805 	0.0432219941 	0.0487639916 	0.0000000000 	0.0432251180 	0.0000000000 	0.0000000000 	0.0000000000 	0.9998068843 	
207.5000000000 	0.8648552911 	0.0431935523 	0.0485613700 	0.0000000000 	0.0431966709 	0.0000000000 	0.0000000000 	0.0000000000 	0.9998068843 	
208.0000000000 	0.8650980443 	0.0431590343 	0.0483876581 	0.0000000000 	0.0431621476 	0.0000000000 	0.0000000000 	0.0000000000 	0.9998068843 	
208.5000000000 	0.8653240884 	0.0431183663 	0.0482429554 	0.0000000000 	0.0431214743 	0.0000000000 	0.0000000000 	0.0000000000 	0.9998068843 	
209.0000000000 	0.8655335159 	0.0430714913 	0.0481272830 	0.0000000000 	0.0430745940 	0.0000000000 	0.0000000000 	0.0000000000 	0.9998068843 	
209.5000000000 	0.8657264624 	0.0430183700 	0.0480405845 	0.0000000000 	0.0430214674 	0.0000000000 	0.0000000000 	0.0000000000 	0.9998068843 	
210.0000000000 	0.8659031065 	0.0429589800 	0.0479827257 	0.0000000000 	0.0429620721 	0.0000000000 	0.0000000000 	0.0000000000 	0.9998068843 	
210.5000000000 	0.8660636690 	0.0428933164 	0.0479534955 	0.0000000000 	0.0428964033 	0.0000000000 	0.0000000000 	0.0000000000 	0.9998068843 	
211.0000000000 	0.8662084123 	0.0428213917 	0.0479526071 	0.0000000000 	0.0428244733 	0.0000000000 	0.0000000000 	0.0000000000 	0.9998068843 	
211.5000000000 	0.8663376395 	0.0427432351 	0.0479796982 	0.0000000000 	0.0427463115 	0.0000000000 	0.0000000000 	0.0000000000 	0.9998068843 	
212.0000000000 	0.8664516933 	0.0426588934 	0.0480343331 	0.0000000000 	0.0426619645 	0.0000000000 	0.0000000000 	0.0000000000 	0.9998068843 	
212.5000000000 	0.8665509552 	0.0425684297 	0.0481160037 	0.0000000000 	0.0425714957 	0.0000000000 	0.0000000000 	0.0000000000 	0.9998068843 	
213.0000000000 	0.8666358443 	0.0424719242 	0.0482241309 	0.0000000000 	0.0424749849 	0.0000000000 	0.0000000000 	0.0000000000 	0.9998068843 	
213.5000000000 	0.8667068157 	0.0423694730 	0.0483580671 	0.0000000000 	0.0423725286 	0.0000000000 	0.0000000000 	0.0000000000 	0.9998068843 	
214.0000000000 	0.8667643596 	0.0422611886 	0.0485170973 	0.0000000000 	0.0422642389 	0.0000000000 	0.0000000000 	0.0000000000 	0.9998068843 	
214.5000000000 	0.8668089996 	0.0421471989 	0.0487004419 	0.0000000000 	0.0421502440 	0.0000000000 	0.0000000000 	0.0000000000 	0.9998068843 	
215.0000000000 	0.8668412912 	0.0420276471 	0.0489072590 	0.0000000000 	0.0420306870 	0.0000000000 	0.0000000000 	0.0000000000 	0.9998068843 	
215.5000000000 	0.8668618205 	0.0419026914 	0.0491366463 	0.0000000000 	0.0419057262 	0.0000000000 	0.0000000000 	0.0000000000 	0.9998068843 	
216.0000000000 	0.8668712019 	0.0417725042 	0.0493876445 	0.0000000000 	0.0417755338 	0.0000000000 	0.0000000000 	0.0000000000 	0.9998068843 	
216.5000000000 	0.8668700769 	0.0416372717 	0.0496592396 	0.0000000000 	0.0416402961 	0.0000000000 	0.0000000000 	0.0000000000 	0.9998068843 	
217.0000000000 	0.8668591121 	0.0414971935 	0.0499503659 	0.0000000000 	0.0415002128 	0.0000000000 	0.0000000000 	0.0000000000 	0.9998068843 	
217.5000000000 	0.8668389973 	0.0413524819 	0.0502599092 	0.0000000000 	0.0413554960 	0.0000000000 	0.0000000000 	0.0000000000 	0.9998068843 	
218.0000000000 	0.8668104434 	0.0412033611 	0.0505867096 	0.0000000000 	0.0412063702 	0.0000000000 	0.0000000000 	0.0000000000 	0.9998068844 	
218.5000000000 	0.8667741809 	0.0410500671 	0.0509295654 	0.0000000000 	0.0410530710 	0.0000000000 	0.0000000000 	0.0000000000 	0.9998068844 	
219.0000000000 	0.8667309571 	0.0408928462 	0.0512872359 	0.0000000000 	0.0408958451 	0.0000000000 	0.0000000000 	0.0000000000 	0.9998068844 	
219.5000000000 	0.8666815350 	0.0407319552 	0.0516584452 	0.0000000000 	0.0407349490 	0.0000000000 	0.0000000000 	0.0000000000 	0.9998068844 	
220.0000000000 	0.8666266902 	0.0405676600 	0.0520418855 	0.0000000000 	0.0405706486 	0.0000000000 	0.0000000000 	0.0000000000 	0.9998068844 	
220.5000000000 	0.8665672096 	0.0404002350 	0.0524362212 	0.0000000000 	0.0404032186 	0.0000000000 	0.0000000000 	0.0000000000 	0.9998068844 	
221.0000000000 	0.8665038885 	0.0402299627 	0.0528400920 	0.0000000000 	0.0402329411 	0.0000000000 	0.0000000000 	0.0000000000 	0.9998068844 	
221.5000000000 	0.8664375292 	0.0400571323 	0.0532521172 	0.0000000000 	0.0400601057 	0.0000000000 	0.0000000000 	0.0000000000 	0.9998068844 	
222.0000000000 	0.8663689381 	0.0398820395 	0.0536708990 	0.0000000000 	0.0398850078 	0.0000000000 	0.0000000000 	0.0000000000 	0.9998068844 	
222.5000000000 	0.8662989240 	0.0397049852 	0.0540950267 	0.0000000000 	0.0397079485 	0.0000000000 	0.0000000000 	0.0000000000 	0.9998068844 	
223.0000000000 	0.8662282956 	0.0395262750 	0.0545230804 	0.0000000000 	0.0395292333 	0.0000000000 	0.0000000000 	0.0000000000 	0.9998068844 	
223.5000000000 	0.8661578596 	0.0393462183 	0.0549536350 	0.0000000000 	0.0393491715 	0.0000000000 	0.0000000000 	0.0000000000 	0.9998068844 	
224.0000000000 	0.8660884184 	0.0391651271 	0.0553852636 	0.0000000000 	0.0391680753 	0.0000000000 	0.0000000000 	0.0000000000 	0.9998068844 	
224.5000000000 	0.8660207678 	0.0389833157 	0.0558165421 	0.0000000000 	0.0389862588 	0.0000000000 	0.0000000000 	0.0000000000 	0.9998068844 	
225.0000000000 	0.8659556951 	0.0388010994 	0.0562460523 	0.0000000000 	0.0388040375 	0.0000000000 	0.0000000000 	0.0000000000 	0.9998068844 	
225.5000000000 	0.8658939771 	0.0386187940 	0.0566723862 	0.0000000000 	0.0386217271 	0.0000000000 	0.0000000000 	0.0000000000 	0.9998068844 	
226.0000000000 	0.8658363775 	0.0384367146 	0.0570941496 	0.0000000000 	0.0384396427 	0.0000000000 	0.0000000000 	0.0000000000 	0.9998068844 	
226.5000000000 	0.8657836456 	0.0382551750 	0.0575099656 	0.0000000000 	0.0382580982 	0.0000000000 	0.0000000000 	0.0000000000 	0.9998068844 	
227.0000000000 	0.8657365139 	0.0380744868 	0.0579184787 	0.0000000000 	0.0380774050 	0.0000000000 	0.0000000000 	0.0000000000 	0.9998068844 	
227.5000000000 	0.8656956961 	0.0378949585 	0.0583183581 	0.0000000000 	0.0378978717 	0.0000000000 	0.0000000000 	0.0000000000 	0.9998068844 	
228.0000000000 	0.8656618857 	0.0377168947 	0.0587083010 	0.0000000000 	0.0377198030 	0.0000000000 	0.0000000000 	0.0000000000 	0.9998068844 	
228.5000000000 	0.8656357536 	0.0375405954 	0.0590870366 	0.0000000000 	0.0375434988 	0.0000000000 	0.0000000000 	0.0000000000 	0.9998068844 	
229.0000000000 	0.8656179470 	0.0373663551 	0.0594533288 	0.0000000000 	0.0373692535 	0.0000000000 	0.0000000000 	0.0000000000 	0.9998068844 	
229.5000000000 	0.8656090872 	0.0371944619 	0.0598059799 	0.0000000000 	0.0371973554 	0.0000000000 	0.0000000000 	0.0000000000 	0.9998068844 	
230.0000000000 	0.8656097683 	0.0370251971 	0.0601438334 	0.0000000000 	0.0370280856 	0.0000000000 	0.0000000000 	0.0000000000 	0.9998068844 	
230.5000000000 	0.8656205556 	0.0368588340 	0.0604657771 	0.0000000000 	0.0368617177 	0.0000000000 	0.0000000000 	0.0000000000 	0.9998068844 	
231.0000000000 	0.8656419843 	0.0366956378 	0.0607707457 	0.0000000000 	0.0366985165 	0.0000000000 	0.0000000000 	0.0000000000 	0.9998068844 	
231.5000000000 	0.8656745580 	0.0365358642 	0.0610577242 	0.0000000000 	0.0365387380 	0.0000000000 	0.0000000000 	0.0000000000 	0.9998068844 	
232.0000000000 	0.8657187473 	0.0363797593 	0.0613257496 	0.0000000000 	0.0363826282 	0.0000000000 	0.0000000000 	0.0000000000 	0.9998068844 	
232.5000000000 	0.8657749893 	0.0362275586 	0.0615739138 	0.0000000000 	0.0362304227 	0.0000000000 	0.0000000000 	0.0000000000 	0.9998068844 	
233.0000000000 	0.8658436857 	0.0360794868 	0.0618013658 	0.0000000000 	0.0360823460 	0.0000000000 	0.0000000000 	0.0000000000 	0.9998068844 	
233.5000000000 	0.8659252025 	0.0359357568 	0.0620073140 	0.0000000000 	0.0359386111 	0.0000000000 	0.0000000000 	0.0000000000 	0.9998068844 	
234.0000000000 	0.8660198686 	0.0357965694 	0.0621910275 	0.0000000000 	0.0357994189 	0.0000000000 	0.0000000000 	0.0000000000 	0.9998068844 	
234.5000000000 	0.8661279755 	0.0356621128 	0.0623518387 	0.0000000000 	0.0356649574 	0.0000000000 	0.0000000000 	0.0000000000 	0.9998068844 	
235.0000000000 	0.8662497764 	0.0355325620 	0.0624891441 	0.0000000000 	0.0355354018 	0.0000000000 	0.0000000000 	0.0000000000 	0.9998068844 	
235.5000000000 	0.8663854858 	0.0354080787 	0.0626024063 	0.0000000000 	0.0354109136 	0.0000000000 	0.0000000000 	0.0000000000 	0.9998068844 	
236.0000000000 	0.8665352788 	0.0352888103 	0.0626911549 	0.0000000000 	0.0352916404 	0.0000000000 	0.0000000000 	0.0000000000 	0.9998068844 	
236.5000000000 	0.8666992909 	0.0351748902 	0.0627549877 	0.0000000000 	0.0351777155 	0.0000000000 	0.0000000000 	0.0000000000 	0.9998068844 	
237.0000000000 	0.8668776180 	0.0350664372 	0.0627935715 	0.0000000000 	0.0350692577 	0.0000000000 	0.0000000000 	0.0000000000 	0.9998068844 	
237.5000000000 	0.8670703158 	0.0349635552 	0.0628066425 	0.0000000000 	0.0349663709 	0.0000000000 	0.0000000000 	0.0000000000 	0.9998068844 	
238.0000000000 	0.8672774003 	0.0348663328 	0.0627940074 	0.0000000000 	0.0348691438 	0.0000000000 	0.0000000000 	0.0000000000 	0.9998068844 	
238.5000000000 	0.8674988475 	0.0347748438 	0.0627555431 	0.0000000000 	0.0347776499 	0.0000000000 	0.0000000000 	0.0000000000 	0.9998068844 	
239.0000000000 	0.8677345938 	0.0346891461 	0.0626911971 	0.0000000000 	0.0346919474 	0.0000000000 	0.0000000000 	0.0000000000 	0.9998068844 	
239.5000000000 	0.8679845362 	0.0346092823 	0.0626009871 	0.0000000000 	0.0346120789 	0.0000000000 	0.0000000000 	0.0000000000 	0.9998068844 	
240.0000000000 	0.8682485328 	0.0345352793 	0.0624850011 	0.0000000000 	0.0345380712 	0.0000000000 	0.0000000000 	0.0000000000 	0.9998068844 	
240.5000000000 	0.8685264034 	0.0344671486 	0.0623433967 	0.0000000000 	0.0344699357 	0.0000000000 	0.0000000000 	0.0000000000 	0.9998068844 	
241.0000000000 	0.8688179299 	0.0344048859 	0.0621764004 	0.0000000000 	0.0344076683 	0.0000000000 	0.0000000000 	0.0000000000 	0.9998068844 	
241.5000000000 	0.8691228570 	0.0343484714 	0.0619843070 	0.0000000000 	0.0343512490 	0.0000000000 	0.0000000000 	0.0000000000 	0.9998068844 	
242.0000000000 	0.8694408934 	0.0342978700 	0.0617674782 	0.0000000000 	0.0343006429 	0.0000000000 	0.0000000000 	0.0000000000 	0.9998068844 	
242.5000000000 	0.8697717123 	0.0342530311 	0.0615263417 	0.0000000000 	0.0342557993 	0.0000000000 	0.0000000000 	0.0000000000 	0.9998068844 	
243.0000000000 	0.8701149526 	0.0342138893 	0.0612613897 	0.0000000000 	0.0342166528 	0.0000000000 	0.0000000000 	0.0000000000 	0.9998068844 	
243.5000000000 	0.8704702199 	0.0341803641 	0.0609731774 	0.0000000000 	0.0341831229 	0.0000000000 	0.0000000000 	0.0000000000 	0.9998068844 	
244.0000000000 	0.8708370879 	0.0341523606 	0.0606623212 	0.0000000000 	0.0341551147 	0.0000000000 	0.0000000000 	0.0000000000 	0.9998068844 	
244.5000000000 	0.8712150991 	0.0341297695 	0.0603294970 	0.0000000000 	0.0341325189 	0.0000000000 	0.0000000000 	0.0000000000 	0.9998068844 	
245.0000000000 	0.8716037670 	0.0341124675 	0.0599754378 	0.0000000000 	0.0341152122 	0.0000000000 	0.0000000000 	0.0000000000 	0.9998068844 	
245.5000000000 	0.8720025766 	0.0341003178 	0.0596009322 	0.0000000000 	0.0341030578 	0.0000000000 	0.0000000000 	0.0000000000 	0.9998068844 	
246.0000000000 	0.8724109868 	0.0340931706 	0.0592068212 	0.0000000000 	0.0340959059 	0.0000000000 	0.0000000000 	0.0000000000 	0.9998068844 	
246.5000000000 	0.8728284310 	0.0340908631 	0.0587939966 	0.0000000000 	0.0340935938 	0.0000000000 	0.0000000000 	0.0000000000 	0.9998068844 	
247.0000000000 	0.8732543195 	0.0340932205 	0.0583633978 	0.0000000000 	0.0340959466 	0.0000000000 	0.0000000000 	0.0000000000 	0.9998068844 	
247.5000000000 	0.8736880408 	0.0341000563 	0.0579160097 	0.0000000000 	0.0341027777 	0.0000000000 	0.0000000000 	0.0000000000 	0.9998068844 	
248.0000000000 	0.8741289634 	0.0341111726 	0.0574528590 	0.0000000000 	0.0341138894 	0.0000000000 	0.0000000000 	0.0000000000 	0.9998068844 	
248.5000000000 	0.8745764374 	0.0341263613 	0.0569750123 	0.0000000000 	0.0341290735 	0.0000000000 	0.0000000000 	0.0000000000 	0.9998068844 	
249.0000000000 	0.8750297967 	0.0341454039 	0.0564835724 	0.0000000000 	0.0341481114 	0.0000000000 	0.0000000000 	0.0000000000 	0.9998068844 	
249.5000000000 	0.8754883606 	0.0341680727 	0.0559796755 	0.0000000000 	0.0341707757 	0.0000000000 	0.0000000000 	0.0000000000 	0.9998068844 	
250.0000000000 	0.8759514355 	0.0341941314 	0.0554644878 	0.0000000000 	0.0341968297 	0.0000000000 	0.0000000000 	0.0000000000 	0.9998068844 	
250.5000000000 	0.8764183174 	0.0342233354 	0.0549392025 	0.0000000000 	0.0342260292 	0.0000000000 	0.0000000000 	0.0000000000 	0.9998068844 	
251.0000000000 	0.8768882931 	0.0342554328 	0.0544050364 	0.0000000000 	0.0342581220 	0.0000000000 	0.0000000000 	0.0000000000 	0.9998068845 	
251.5000000000 	0.8773606429 	0.0342901652 	0.0538632265 	0.0000000000 	0.0342928499 	0.0000000000 	0.0000000000 	0.0000000000 	0.9998068845 	
252.0000000000 	0.8778346418 	0.0343272681 	0.0533150265 	0.0000000000 	0.0343299481 	0.0000000000 	0.0000000000 	0.0000000000 	0.9998068845 	
252.5000000000 	0.8783095621 	0.0343664717 	0.0527617035 	0.0000000000 	0.0343691472 	0.0000000000 	0.0000000000 	0.0000000000 	0.9998068845 	
253.0000000000 	0.8787846752 	0.0344075018 	0.0522045347 	0.0000000000 	0.0344101727 	0.0000000000 	0.0000000000 	0.0000000000 	0.9998068845 	
253.5000000000 	0.8792592534 	0.0344500806 	0.0516448035 	0.0000000000 	0.0344527470 	0.0000000000 	0.0000000000 	0.0000000000 	0.9998068845 	
254.0000000000 	0.8797325720 	0.0344939272 	0.0510837963 	0.0000000000 	0.0344965890 	0.0000000000 	0.0000000000 	0.0000000000 	0.9998068845 	
254.5000000000 	0.8802039111 	0.0345387585 	0.0505227991 	0.0000000000 	0.0345414158 	0.0000000000 	0.0000000000 	0.0000000000 	0.9998068845 	
255.0000000000 	0.8806725579 	0.0345842901 	0.0499630936 	0.0000000000 	0.0345869429 	0.0000000000 	0.0000000000 	0.0000000000 	0.9998068845 	
255.5000000000 	0.8811378081 	0.0346302368 	0.0494059544 	0.0000000000 	0.0346328851 	0.0000000000 	0.0000000000 	0.0000000000 	0.9998068845 	
256.0000000000 	0.8815989683 	0.0346763137 	0.0488526451 	0.0000000000 	0.0346789575 	0.0000000000 	0.0000000000 	0.0000000000 	0.9998068845 	
256.5000000000 	0.8820553571 	0.0347222366 	0.0483044149 	0.0000000000 	0.0347248759 	0.0000000000 	0.0000000000 	0.0000000000 	0.9998068845 	
257.0000000000 	0.8825063079 	0.0347677231 	0.0477624956 	0.0000000000 	0.0347703579 	0.0000000000 	0.0000000000 	0.0000000000 	0.9998068845 	
257.5000000000 	0.8829511696 	0.0348124931 	0.0472280983 	0.0000000000 	0.0348151235 	0.0000000000 	0.0000000000 	0.0000000000 	0.9998068845 	
258.0000000000 	0.8833893092 	0.0348562698 	0.0467024098 	0.0000000000 	0.0348588956 	0.0000000000 	0.0000000000 	0.0000000000 	0.9998068845 	
258.5000000000 	0.8838201129 	0.0348987801 	0.0461865900 	0.0000000000 	0.0349014015 	0.0000000000 	0.0000000000 	0.0000000000 	0.9998068845 	
259.0000000000 	0.8842429877 	0.0349397556 	0.0456817685 	0.0000000000 	0.0349423726 	0.0000000000 	0.0000000000 	0.0000000000 	0.9998068845 	
259.5000000000 	0.8846573634 	0.0349789334 	0.0451890419 	0.0000000000 	0.0349815458 	0.0000000000 	0.0000000000 	0.0000000000 	0.9998068845 	
260.0000000000 	0.8850626934 	0.0350160562 	0.0447094707 	0.0000000000 	0.0350186642 	0.0000000000 	0.0000000000 	0.0000000000 	0.9998068845 	
260.5000000000 	0.8854584566 	0.0350508738 	0.0442440768 	0.0000000000 	0.0350534774 	0.0000000000 	0.0000000000 	0.0000000000 	0.9998068845 	
261.0000000000 	0.8858441586 	0.0350831430 	0.0437938407 	0.0000000000 	0.0350857422 	0.0000000000 	0.0000000000 	0.0000000000 	0.9998068845 	
261.5000000000 	0.8862193327 	0.0351126289 	0.0433596991 	0.0000000000 	0.0351152237 	0.0000000000 	0.0000000000 	0.0000000000 	0.9998068845 	
262.0000000000 	0.8865835416 	0.0351391050 	0.0429425426 	0.0000000000 	0.0351416953 	0.0000000000 	0.0000000000 	0.0000000000 	0.9998068845 	
262.5000000000 	0.8869363778 	0.0351623538 	0.0425432132 	0.0000000000 	0.0351649397 	0.0000000000 	0.0000000000 	0.0000000000 	0.9998068845 	
263.0000000000 	0.8872774652 	0.0351821677 	0.0421625023 	0.0000000000 	0.0351847493 	0.0000000000 	0.0000000000 	0.0000000000 	0.9998068845 	
263.5000000000 	0.8876064595 	0.0351983495 	0.0418011489 	0.0000000000 	0.0352009266 	0.0000000000 	0.0000000000 	0.0000000000 	0.9998068845 	
264.0000000000 	0.8879230495 	0.0352107123 	0.0414598377 	0.0000000000 	0.0352132850 	0.0000000000 	0.0000000000 	0.0000000000 	0.9998068845 	
264.5000000000 	0.8882269576 	0.0352190807 	0.0411391972 	0.0000000000 	0.0352216490 	0.0000000000 	0.0000000000 	0.0000000000 	0.9998068845 	
265.0000000000 	0.8885179402 	0.0352232909 	0.0408397986 	0.0000000000 	0.0352258548 	0.0000000000 	0.0000000000 	0.0000000000 	0.9998068845 	
265.5000000000 	0.8887957887 	0.0352231910 	0.0405621541 	0.0000000000 	0.0352257507 	0.0000000000 	0.0000000000 	0.0000000000 	0.9998068845 	
266.0000000000 	0.8890603298 	0.0352186418 	0.0403067159 	0.0000000000 	0.0352211970 	0.0000000000 	0.0000000000 	0.0000000000 	0.9998068845 	
266.5000000000 	0.8893114254 	0.0352095164 	0.0400738752 	0.0000000000 	0.0352120674 	0.0000000000 	0.0000000000 	0.0000000000 	0.9998068845 	
267.0000000000 	0.8895489737 	0.0351957014 	0.0398639613 	0.0000000000 	0.0351982480 	0.0000000000 	0.0000000000 	0.0000000000 	0.9998068845 	
267.5000000000 	0.8897729086 	0.0351770964 	0.0396772408 	0.0000000000 	0.0351796386 	0.0000000000 	0.0000000000 	0.0000000000 	0.9998068845 	
268.0000000000 	0.8899832002 	0.0351536145 	0.0395139174 	0.0000000000 	0.0351561524 	0.0000000000 	0.0000000000 	0.0000000000 	0.9998068845 	
268.5000000000 	0.8901798543 	0.0351251827 	0.0393741312 	0.0000000000 	0.0351277163 	0.0000000000 	0.0000000000 	0.0000000000 	0.9998068845 	
269.0000000000 	0.8903629129 	0.0350917418 	0.0392579588 	0.0000000000 	0.0350942711 	0.0000000000 	0.0000000000 	0.0000000000 	0.9998068845 	
269.5000000000 	0.8905324535 	0.0350532464 	0.0391654132 	0.0000000000 	0.0350557714 	0.0000000000 	0.0000000000 	0.0000000000 	0.9998068845 	
270.0000000000 	0.8906885890 	0.0350096654 	0.0390964441 	0.0000000000 	0.0350121861 	0.0000000000 	0.0000000000 	0.0000000000 	0.9998068845 	
270.5000000000 	0.8908314670 	0.0349609816 	0.0390509380 	0.0000000000 	0.0349634980 	0.0000000000 	0.0000000000 	0.0000000000 	0.9998068845 	
271.0000000000 	0.8909612695 	0.0349071920 	0.0390287190 	0.0000000000 	0.0349097041 	0.0000000000 	0.0000000000 	0.0000000000 	0.9998068845 	
271.5000000000 	0.8910782124 	0.0348483075 	0.0390295493 	0.0000000000 	0.0348508153 	0.0000000000 	0.0000000000 	0.0000000000 	0.9998068845 	
272.0000000000 	0.8911825446 	0.0347843531 	0.0390531301 	0.0000000000 	0.0347868567 	0.0000000000 	0.0000000000 	0.0000000000 	0.9998068845 	
272.5000000000 	0.8912745472 	0.0347153676 	0.0390991028 	0.0000000000 	0.0347178669 	0.0000000000 	0.0000000000 	0.0000000000 	0.9998068845 	
273.0000000000 	0.8913545328 	0.0346414035 	0.0391670496 	0.0000000000 	0.0346438986 	0.0000000000 	0.0000000000 	0.0000000000 	0.9998068845 	
273.5000000000 	0.8914228445 	0.0345625267 	0.0392564957 	0.0000000000 	0.0345650176 	0.0000000000 	0.0000000000 	0.0000000000 	0.9998068845 	
274.0000000000 	0.8914798547 	0.0344788166 	0.0393669100 	0.0000000000 	0.0344813032 	0.0000000000 	0.0000000000 	0.0000000000 	0.9998068845 	
274.5000000000 	0.8915259643 	0.0343903654 	0.0394977071 	0.0000000000 	0.0343928478 	0.0000000000 	0.0000000000 	0.0000000000 	0.9998068845 	
275.0000000000 	0.8915616011 	0.0342972782 	0.0396482489 	0.0000000000 	0.0342997563 	0.0000000000 	0.0000000000 	0.0000000000 	0.9998068845 	
275.5000000000 	0.8915872192 	0.0341996723 	0.0398178467 	0.0000000000 	0.0342021463 	0.0000000000 	0.0000000000 	0.0000000000 	0.9998068845 	
276.0000000000 	0.8916032970 	0.0340976774 	0.0400057630 	0.0000000000 	0.0341001471 	0.0000000000 	0.0000000000 	0.0000000000 	0.9998068845 	
276.5000000000 	0.8916103363 	0.0339914343 	0.0402112140 	0.0000000000 	0.0339938999 	0.0000000000 	0.0000000000 	0.0000000000 	0.9998068845 	
277.0000000000 	0.8916088605 	0.0338810957 	0.0404333713 	0.0000000000 	0.0338835570 	0.0000000000 	0.0000000000 	0.0000000000 	0.9998068845 	
277.5000000000 	0.8915994136 	0.0337668244 	0.0406713649 	0.0000000000 	0.0337692816 	0.0000000000 	0.0000000000 	0.0000000000 	0.9998068845 	
278.0000000000 	0.8915825580 	0.0336487941 	0.0409242853 	0.0000000000 	0.0336512471 	0.0000000000 	0.0000000000 	0.0000000000 	0.9998068845 	
278.5000000000 	0.8915588738 	0.0335271879 	0.0411911861 	0.0000000000 	0.0335296367 	0.0000000000 	0.0000000000 	0.0000000000 	0.9998068845 	
279.0000000000 	0.8915289562 	0.0334021984 	0.0414710869 	0.0000000000 	0.0334046430 	0.0000000000 	0.0000000000 	0.0000000000 	0.9998068845 	
279.5000000000 	0.8914934146 	0.0332740267 	0.0417629760 	0.0000000000 	0.0332764672 	0.0000000000 	0.0000000000 	0.0000000000 	0.9998068845 	
280.0000000000 	0.8914528706 	0.0331428824 	0.0420658129 	0.0000000000 	0.0331453187 	0.0000000000 	0.0000000000 	0.0000000000 	0.9998068845 	
280.5000000000 	0.8914079562 	0.0330089822 	0.0423785318 	0.0000000000 	0.0330114143 	0.0000000000 	0.0000000000 	0.0000000000 	0.9998068845 	
281.0000000000 	0.8913593124 	0.0328725501 	0.0427000440 	0.0000000000 	0.0328749781 	0.0000000000 	0.0000000000 	0.0000000000 	0.9998068845 	
281.5000000000 	0.8913075869 	0.0327338163 	0.0430292411 	0.0000000000 	0.0327362402 	0.0000000000 	0.0000000000 	0.0000000000 	0.9998068845 	
282.0000000000 	0.8912534330 	0.0325930167 	0.0433649984 	0.0000000000 	0.0325954365 	0.0000000000 	0.0000000000 	0.0000000000 	0.9998068845 	
282.5000000000 	0.8911975071 	0.0324503921 	0.0437061775 	0.0000000000 	0.0324528078 	0.0000000000 	0.0000000000 	0.0000000000 	0.9998068845 	
283.0000000000 	0.8911404678 	0.0323061879 	0.0440516294 	0.0000000000 	0.0323085994 	0.0000000000 	0.0000000000 	0.0000000000 	0.9998068845 	
283.5000000000 	0.8910829730 	0.0321606529 	0.0444001983 	0.0000000000 	0.0321630603 	0.0000000000 	0.0000000000 	0.0000000000 	0.9998068845 	
284.0000000000 	0.8910256793 	0.0320140390 	0.0447507239 	0.0000000000 	0.0320164424 	0.0000000000 	0.0000000000 	0.0000000000 	0.9998068845 	
284.5000000000 	0.8909692392 	0.0318666005 	0.0451020450 	0.0000000000 	0.0318689998 	0.0000000000 	0.0000000000 	0.0000000000 	0.9998068845 	
285.0000000000 	0.8909143002 	0.0317185932 	0.0454530026 	0.0000000000 	0.0317209884 	0.0000000000 	0.0000000000 	0.0000000000 	0.9998068845 	
285.5000000000 	0.8908615026 	0.0315702738 	0.0458024432 	0.0000000000 	0.0315726649 	0.0000000000 	0.0000000000 	0.0000000000 	0.9998068845 	
286.0000000000 	0.8908114778 	0.0314218993 	0.0461492212 	0.0000000000 	0.0314242863 	0.0000000000 	0.0000000000 	0.0000000000 	0.9998068845 	
286.5000000000 	0.8907648467 	0.0312737260 	0.0464922028 	0.0000000000 	0.0312761090 	0.0000000000 	0.0000000000 	0.0000000000 	0.9998068845 	
287.0000000000 	0.8907222183 	0.0311260094 	0.0468302685 	0.0000000000 	0.0311283883 	0.0000000000 	0.0000000000 	0.0000000000 	0.9998068845 	
287.5000000000 	0.8906841878 	0.0309790028 	0.0471623163 	0.0000000000 	0.0309813777 	0.0000000000 	0.0000000000 	0.0000000000 	0.9998068845 	
288.0000000000 	0.8906513350 	0.0308329572 	0.0474872644 	0.0000000000 	0.0308353280 	0.0000000000 	0.0000000000 	0.0000000000 	0.9998068845 	
288.5000000000 	0.8906242231 	0.0306881202 	0.0478040542 	0.0000000000 	0.0306904870 	0.0000000000 	0.0000000000 	0.0000000000 	0.9998068845 	
289.0000000000 	0.8906033970 	0.0305447358 	0.0481116533 	0.0000000000 	0.0305470985 	0.0000000000 	0.0000000000 	0.0000000000 	0.9998068846 	
289.5000000000 	0.8905893819 	0.0304030431 	0.0484090576 	0.0000000000 	0.0304054019 	0.0000000000 	0.0000000000 	0.0000000000 	0.9998068846 	
290.0000000000 	0.8905826822 	0.0302632766 	0.0486952944 	0.0000000000 	0.0302656313 	0.0000000000 	0.0000000000 	0.0000000000 	0.9998068846 	
290.5000000000 	0.8905837798 	0.0301256646 	0.0489694249 	0.0000000000 	0.0301280153 	0.0000000000 	0.0000000000 	0.0000000000 	0.9998068846 	
291.0000000000 	0.8905931332 	0.0299904292 	0.0492305463 	0.0000000000 	0.0299927759 	0.0000000000 	0.0000000000 	0.0000000000 	0.9998068846 	
291.5000000000 	0.8906111762 	0.0298577856 	0.0494777945 	0.0000000000 	0.0298601283 	0.0000000000 	0.0000000000 	0.0000000000 	0.9998068846 	
292.0000000000 	0.8906383169 	0.0297279415 	0.0497103458 	0.0000000000 	0.0297302803 	0.0000000000 	0.0000000000 	0.0000000000 	0.9998068846 	
292.5000000000 	0.8906749368 	0.0296010967 	0.0499274197 	0.0000000000 	0.0296034314 	0.0000000000 	0.0000000000 	0.0000000000 	0.9998068846 	
293.0000000000 	0.8907213893 	0.0294774422 	0.0501282801 	0.0000000000 	0.0294797730 	0.0000000000 	0.0000000000 	0.0000000000 	0.9998068846 	
293.5000000000 	0.8907779997 	0.0293571602 	0.0503122376 	0.0000000000 	0.0293594871 	0.0000000000 	0.0000000000 	0.0000000000 	0.9998068846 	
294.0000000000 	0.8908450636 	0.0292404235 	0.0504786511 	0.0000000000 	0.0292427464 	0.0000000000 	0.0000000000 	0.0000000000 	0.9998068846 	
294.5000000000 	0.8909228469 	0.0291273947 	0.0506269293 	0.0000000000 	0.0291297136 	0.0000000000 	0.0000000000 	0.0000000000 	0.9998068846 	
295.0000000000 	0.8910115847 	0.0290182263 	0.0507565322 	0.0000000000 	0.0290205413 	0.0000000000 	0.0000000000 	0.0000000000 	0.9998068846 	
295.5000000000 	0.8911114810 	0.0289130600 	0.0508669724 	0.0000000000 	0.0289153711 	0.0000000000 	0.0000000000 	0.0000000000 	0.9998068846 	
296.0000000000 	0.8912227080 	0.0288120267 	0.0509578161 	0.0000000000 	0.0288143338 	0.0000000000 	0.0000000000 	0.0000000000 	0.9998068846 	
296.5000000000 	0.8913454062 	0.0287152455 	0.0510286841 	0.0000000000 	0.0287175487 	0.0000000000 	0.0000000000 	0.0000000000 	0.9998068846 	
297.0000000000 	0.8914796838 	0.0286228243 	0.0510792529 	0.0000000000 	0.0286251236 	0.0000000000 	0.0000000000 	0.0000000000 	0.9998068846 	
297.5000000000 	0.8916256164 	0.0285348589 	0.0511092551 	0.0000000000 	0.0285371542 	0.0000000000 	0.0000000000 	0.0000000000 	0.9998068846 	
298.0000000000 	0.8917832473 	0.0284514329 	0.0511184800 	0.0000000000 	0.0284537244 	0.0000000000 	0.0000000000 	0.0000000000 	0.9998068846 	
298.5000000000 	0.8919525873 	0.0283726179 	0.0511067739 	0.0000000000 	0.0283749055 	0.0000000000 	0.0000000000 	0.0000000000 	0.9998068846 	
299.0000000000 	0.8921336146 	0.0282984728 	0.0510740407 	0.0000000000 	0.0283007565 	0.0000000000 	0.0000000000 	0.0000000000 	0.9998068846 	
299.5000000000 	0.8923262753 	0.0282290440 	0.0510202414 	0.0000000000 	0.0282313238 	0.0000000000 	0.0000000000 	0.0000000000 	0.9998068846 	
# end of calculation 2019_08_30_15_43_46 
# time difference 00_00_00_00_01_45 -- in Minutes 1 in Seconds 105 
