0.0000000000 	 0.0119946192 	  -0.000000 	 0.0002479451 
0.5000000000 	 0.0119771467 	  -0.000001 	 0.0002358305 
1.0000000000 	 0.0119275472 	  -0.000001 	 0.0002232869 
1.5000000000 	 0.0118476455 	   0.000001 	 0.0002110223 
2.0000000000 	 0.0117371171 	   0.000001 	 0.0001991979 
2.5000000000 	 0.0115999269 	   0.000002 	 0.0001874882 
3.0000000000 	 0.0114358757 	   0.000003 	 0.0001761875 
3.5000000000 	 0.0112533525 	   0.000003 	 0.0001657890 
4.0000000000 	 0.0110464846 	   0.000003 	 0.0001561044 
4.5000000000 	 0.0108207434 	   0.000003 	 0.0001470293 
5.0000000000 	 0.0105770599 	   0.000004 	 0.0001386860 
5.5000000000 	 0.0103175658 	   0.000003 	 0.0001312653 
6.0000000000 	 0.0100446123 	   0.000003 	 0.0001243267 
6.5000000000 	 0.0097595384 	   0.000002 	 0.0001180230 
7.0000000000 	 0.0094652100 	   0.000002 	 0.0001122728 
7.5000000000 	 0.0091601763 	   0.000002 	 0.0001070730 
8.0000000000 	 0.0088484949 	   0.000002 	 0.0001026412 
8.5000000000 	 0.0085338618 	   0.000002 	 0.0000988424 
9.0000000000 	 0.0082159564 	   0.000001 	 0.0000957874 
9.5000000000 	 0.0079019296 	   0.000000 	 0.0000932570 
10.0000000000 	 0.0075815974 	   0.000000 	 0.0000911075 
10.5000000000 	 0.0072621014 	   0.000001 	 0.0000895234 
11.0000000000 	 0.0069404287 	   0.000004 	 0.0000884632 
11.5000000000 	 0.0066279599 	   0.000005 	 0.0000879787 
12.0000000000 	 0.0063169723 	   0.000006 	 0.0000879401 
12.5000000000 	 0.0060129418 	   0.000003 	 0.0000883687 
13.0000000000 	 0.0057163086 	   0.000001 	 0.0000895153 
13.5000000000 	 0.0054205884 	   0.000001 	 0.0000910939 
14.0000000000 	 0.0051370682 	   0.000002 	 0.0000930548 
14.5000000000 	 0.0048608198 	   0.000003 	 0.0000952171 
15.0000000000 	 0.0045900317 	   0.000003 	 0.0000977937 
15.5000000000 	 0.0043264597 	   0.000005 	 0.0001006626 
16.0000000000 	 0.0040705648 	   0.000006 	 0.0001038772 
16.5000000000 	 0.0038250341 	   0.000004 	 0.0001072766 
17.0000000000 	 0.0035858647 	   0.000003 	 0.0001109075 
17.5000000000 	 0.0033587288 	   0.000002 	 0.0001146526 
18.0000000000 	 0.0031394244 	  -0.000001 	 0.0001183782 
18.5000000000 	 0.0029279049 	  -0.000001 	 0.0001222312 
19.0000000000 	 0.0027252586 	   0.000002 	 0.0001261924 
19.5000000000 	 0.0025288432 	   0.000004 	 0.0001299181 
20.0000000000 	 0.0023414235 	   0.000005 	 0.0001336866 
20.5000000000 	 0.0021640712 	   0.000004 	 0.0001373323 
21.0000000000 	 0.0019915786 	   0.000003 	 0.0001409036 
21.5000000000 	 0.0018252068 	   0.000003 	 0.0001443116 
22.0000000000 	 0.0016677810 	   0.000000 	 0.0001477292 
22.5000000000 	 0.0015165902 	  -0.000000 	 0.0001510989 
23.0000000000 	 0.0013696776 	   0.000001 	 0.0001542642 
23.5000000000 	 0.0012274457 	   0.000002 	 0.0001572087 
24.0000000000 	 0.0010911763 	   0.000003 	 0.0001599336 
24.5000000000 	 0.0009596266 	   0.000004 	 0.0001624753 
25.0000000000 	 0.0008307938 	   0.000003 	 0.0001646097 
25.5000000000 	 0.0007047527 	   0.000002 	 0.0001664113 
26.0000000000 	 0.0005821272 	   0.000001 	 0.0001677790 
26.5000000000 	 0.0004613183 	  -0.000000 	 0.0001688542 
27.0000000000 	 0.0003419209 	  -0.000000 	 0.0001697366 
27.5000000000 	 0.0002218762 	  -0.000000 	 0.0001704116 
28.0000000000 	 0.0001041311 	   0.000000 	 0.0001708272 
28.5000000000 	 -0.0000137826 	   0.000002 	 0.0001708629 
29.0000000000 	 -0.0001309966 	   0.000002 	 0.0001706118 
29.5000000000 	 -0.0002496205 	   0.000003 	 0.0001701085 
30.0000000000 	 -0.0003688902 	   0.000002 	 0.0001691868 
30.5000000000 	 -0.0004903548 	   0.000000 	 0.0001679482 
31.0000000000 	 -0.0006138112 	   0.000000 	 0.0001665208 
31.5000000000 	 -0.0007414357 	   0.000001 	 0.0001648542 
32.0000000000 	 -0.0008679614 	   0.000001 	 0.0001629694 
32.5000000000 	 -0.0009988659 	   0.000001 	 0.0001609416 
33.0000000000 	 -0.0011308984 	   0.000001 	 0.0001586344 
33.5000000000 	 -0.0012648618 	   0.000001 	 0.0001562338 
34.0000000000 	 -0.0014023551 	   0.000001 	 0.0001537464 
34.5000000000 	 -0.0015431215 	   0.000000 	 0.0001511245 
35.0000000000 	 -0.0016887724 	  -0.000001 	 0.0001482905 
35.5000000000 	 -0.0018382232 	  -0.000002 	 0.0001454359 
36.0000000000 	 -0.0019898729 	  -0.000002 	 0.0001424991 
36.5000000000 	 -0.0021426575 	  -0.000001 	 0.0001396128 
37.0000000000 	 -0.0022993811 	  -0.000001 	 0.0001365959 
37.5000000000 	 -0.0024582233 	  -0.000000 	 0.0001336803 
38.0000000000 	 -0.0026187861 	  -0.000001 	 0.0001308936 
38.5000000000 	 -0.0027806571 	  -0.000001 	 0.0001283086 
39.0000000000 	 -0.0029438087 	  -0.000001 	 0.0001258051 
39.5000000000 	 -0.0031085420 	  -0.000001 	 0.0001234715 
40.0000000000 	 -0.0032714571 	  -0.000001 	 0.0001212858 
40.5000000000 	 -0.0034354065 	  -0.000001 	 0.0001193734 
41.0000000000 	 -0.0035991347 	  -0.000001 	 0.0001176631 
41.5000000000 	 -0.0037615144 	  -0.000001 	 0.0001162370 
42.0000000000 	 -0.0039222395 	  -0.000000 	 0.0001151018 
42.5000000000 	 -0.0040778692 	  -0.000000 	 0.0001142372 
43.0000000000 	 -0.0042298692 	  -0.000000 	 0.0001137539 
43.5000000000 	 -0.0043783140 	  -0.000001 	 0.0001135819 
44.0000000000 	 -0.0045213185 	  -0.000001 	 0.0001138293 
44.5000000000 	 -0.0046535653 	  -0.000000 	 0.0001143959 
45.0000000000 	 -0.0047806611 	   0.000000 	 0.0001154755 
45.5000000000 	 -0.0048998165 	   0.000000 	 0.0001170467 
46.0000000000 	 -0.0050083867 	  -0.000000 	 0.0001191782 
46.5000000000 	 -0.0051071648 	  -0.000001 	 0.0001217068 
47.0000000000 	 -0.0051946351 	  -0.000002 	 0.0001245625 
47.5000000000 	 -0.0052700002 	  -0.000003 	 0.0001276130 
48.0000000000 	 -0.0053285672 	  -0.000002 	 0.0001303228 
48.5000000000 	 -0.0053738665 	  -0.000002 	 0.0001323497 
49.0000000000 	 -0.0054051593 	  -0.000002 	 0.0001340465 
49.5000000000 	 -0.0054205126 	  -0.000003 	 0.0001345713 
50.0000000000 	 -0.0054207381 	  -0.000003 	 0.0001336907 
50.5000000000 	 -0.0054069690 	  -0.000002 	 0.0001313815 
51.0000000000 	 -0.0053784379 	  -0.000001 	 0.0001284455 
51.5000000000 	 -0.0053365886 	  -0.000001 	 0.0001248571 
52.0000000000 	 -0.0052789649 	  -0.000001 	 0.0001201943 
52.5000000000 	 -0.0052113725 	  -0.000001 	 0.0001152707 
53.0000000000 	 -0.0051320823 	  -0.000000 	 0.0001105279 
53.5000000000 	 -0.0050421348 	  -0.000001 	 0.0001060221 
54.0000000000 	 -0.0049420652 	   0.000000 	 0.0001017888 
54.5000000000 	 -0.0048332727 	  -0.000000 	 0.0000979618 
55.0000000000 	 -0.0047190027 	   0.000000 	 0.0000947029 
55.5000000000 	 -0.0045976478 	   0.000001 	 0.0000918896 
56.0000000000 	 -0.0044714846 	   0.000000 	 0.0000894771 
56.5000000000 	 -0.0043403962 	  -0.000001 	 0.0000874953 
57.0000000000 	 -0.0042063257 	  -0.000002 	 0.0000859365 
57.5000000000 	 -0.0040670505 	  -0.000002 	 0.0000847517 
58.0000000000 	 -0.0039281893 	  -0.000003 	 0.0000839730 
58.5000000000 	 -0.0037888830 	  -0.000002 	 0.0000835615 
59.0000000000 	 -0.0036478100 	  -0.000002 	 0.0000835018 
59.5000000000 	 -0.0035056751 	  -0.000002 	 0.0000838017 
60.0000000000 	 -0.0033646150 	  -0.000003 	 0.0000844053 
60.5000000000 	 -0.0032245659 	  -0.000004 	 0.0000853937 
61.0000000000 	 -0.0030937025 	  -0.000004 	 0.0000866688 
61.5000000000 	 -0.0029623464 	  -0.000005 	 0.0000881726 
62.0000000000 	 -0.0028303355 	  -0.000005 	 0.0000899397 
62.5000000000 	 -0.0027007504 	  -0.000005 	 0.0000919499 
63.0000000000 	 -0.0025732269 	  -0.000005 	 0.0000941918 
63.5000000000 	 -0.0024499489 	  -0.000004 	 0.0000966429 
64.0000000000 	 -0.0023282648 	  -0.000003 	 0.0000993228 
64.5000000000 	 -0.0022144917 	  -0.000003 	 0.0001021782 
65.0000000000 	 -0.0021066872 	  -0.000004 	 0.0001051489 
65.5000000000 	 -0.0019985453 	  -0.000004 	 0.0001082709 
66.0000000000 	 -0.0018938422 	  -0.000005 	 0.0001114705 
66.5000000000 	 -0.0017944184 	  -0.000005 	 0.0001146899 
67.0000000000 	 -0.0016980627 	  -0.000006 	 0.0001180208 
67.5000000000 	 -0.0016041138 	  -0.000005 	 0.0001213887 
68.0000000000 	 -0.0015107538 	  -0.000005 	 0.0001247842 
68.5000000000 	 -0.0014182970 	  -0.000006 	 0.0001282263 
69.0000000000 	 -0.0013352279 	  -0.000005 	 0.0001316986 
69.5000000000 	 -0.0012599254 	  -0.000006 	 0.0001351061 
70.0000000000 	 -0.0011865425 	  -0.000005 	 0.0001383564 
70.5000000000 	 -0.0011137571 	  -0.000004 	 0.0001416130 
71.0000000000 	 -0.0010456588 	  -0.000004 	 0.0001448003 
71.5000000000 	 -0.0009824523 	  -0.000004 	 0.0001478941 
72.0000000000 	 -0.0009199008 	  -0.000003 	 0.0001508762 
72.5000000000 	 -0.0008603987 	  -0.000003 	 0.0001537343 
73.0000000000 	 -0.0008038798 	  -0.000003 	 0.0001564870 
73.5000000000 	 -0.0007505801 	  -0.000003 	 0.0001590493 
74.0000000000 	 -0.0007018669 	  -0.000004 	 0.0001614062 
74.5000000000 	 -0.0006547304 	  -0.000004 	 0.0001635530 
75.0000000000 	 -0.0006098475 	  -0.000005 	 0.0001656087 
75.5000000000 	 -0.0005685223 	  -0.000005 	 0.0001674654 
76.0000000000 	 -0.0005286278 	  -0.000005 	 0.0001691530 
76.5000000000 	 -0.0004904673 	  -0.000005 	 0.0001707153 
77.0000000000 	 -0.0004537156 	  -0.000004 	 0.0001720555 
77.5000000000 	 -0.0004207031 	  -0.000003 	 0.0001732244 
78.0000000000 	 -0.0003912470 	  -0.000003 	 0.0001741865 
78.5000000000 	 -0.0003645128 	  -0.000003 	 0.0001749633 
79.0000000000 	 -0.0003404271 	  -0.000003 	 0.0001755521 
79.5000000000 	 -0.0003170998 	  -0.000003 	 0.0001759189 
80.0000000000 	 -0.0002951245 	  -0.000002 	 0.0001761714 
80.5000000000 	 -0.0002751447 	  -0.000001 	 0.0001761954 
81.0000000000 	 -0.0002577632 	  -0.000001 	 0.0001761576 
81.5000000000 	 -0.0002434465 	  -0.000002 	 0.0001759570 
82.0000000000 	 -0.0002302488 	  -0.000002 	 0.0001756326 
82.5000000000 	 -0.0002178025 	  -0.000003 	 0.0001751700 
83.0000000000 	 -0.0002057886 	  -0.000002 	 0.0001744857 
83.5000000000 	 -0.0001963220 	  -0.000002 	 0.0001737358 
84.0000000000 	 -0.0001887060 	  -0.000001 	 0.0001728633 
84.5000000000 	 -0.0001821540 	  -0.000001 	 0.0001718932 
85.0000000000 	 -0.0001781043 	  -0.000001 	 0.0001708644 
85.5000000000 	 -0.0001742579 	  -0.000001 	 0.0001697797 
86.0000000000 	 -0.0001732052 	  -0.000001 	 0.0001686298 
86.5000000000 	 -0.0001729495 	  -0.000001 	 0.0001674332 
87.0000000000 	 -0.0001733133 	  -0.000001 	 0.0001661484 
87.5000000000 	 -0.0001745390 	  -0.000001 	 0.0001648399 
88.0000000000 	 -0.0001752440 	  -0.000001 	 0.0001634073 
88.5000000000 	 -0.0001773859 	  -0.000001 	 0.0001620303 
89.0000000000 	 -0.0001796927 	  -0.000001 	 0.0001606349 
89.5000000000 	 -0.0001835961 	  -0.000001 	 0.0001592668 
90.0000000000 	 -0.0001886265 	  -0.000000 	 0.0001578997 
90.5000000000 	 -0.0001942041 	   0.000001 	 0.0001564083 
91.0000000000 	 -0.0002004742 	   0.000001 	 0.0001549577 
91.5000000000 	 -0.0002064359 	   0.000001 	 0.0001534988 
92.0000000000 	 -0.0002133419 	   0.000001 	 0.0001521493 
92.5000000000 	 -0.0002206023 	   0.000000 	 0.0001507856 
93.0000000000 	 -0.0002287298 	  -0.000000 	 0.0001494606 
93.5000000000 	 -0.0002364825 	  -0.000000 	 0.0001481126 
94.0000000000 	 -0.0002450775 	  -0.000000 	 0.0001467885 
94.5000000000 	 -0.0002538218 	   0.000000 	 0.0001455146 
95.0000000000 	 -0.0002630370 	   0.000001 	 0.0001442992 
95.5000000000 	 -0.0002719792 	   0.000001 	 0.0001430814 
96.0000000000 	 -0.0002815261 	   0.000001 	 0.0001419355 
96.5000000000 	 -0.0002922759 	   0.000001 	 0.0001408577 
97.0000000000 	 -0.0003026557 	   0.000001 	 0.0001398390 
97.5000000000 	 -0.0003126909 	   0.000001 	 0.0001388889 
98.0000000000 	 -0.0003222918 	   0.000001 	 0.0001379792 
98.5000000000 	 -0.0003315135 	   0.000001 	 0.0001369676 
99.0000000000 	 -0.0003407243 	   0.000001 	 0.0001361431 
99.5000000000 	 -0.0003495634 	   0.000001 	 0.0001353383 
100.0000000000 	 -0.0003587689 	   0.000001 	 0.0001346344 
