0.0000000000 	 0.0139728246 	   0.000000 	 0.0002211568 
0.5000000000 	 0.0139610375 	   0.000001 	 0.0002175837 
1.0000000000 	 0.0139254994 	  -0.000001 	 0.0002111846 
1.5000000000 	 0.0138693373 	  -0.000002 	 0.0002053178 
2.0000000000 	 0.0137924799 	  -0.000004 	 0.0001999460 
2.5000000000 	 0.0136968850 	  -0.000006 	 0.0001946321 
3.0000000000 	 0.0135826638 	  -0.000009 	 0.0001899899 
3.5000000000 	 0.0134514204 	  -0.000014 	 0.0001858200 
4.0000000000 	 0.0133048748 	  -0.000021 	 0.0001822248 
4.5000000000 	 0.0131412785 	  -0.000030 	 0.0001788674 
5.0000000000 	 0.0129663130 	  -0.000041 	 0.0001753794 
5.5000000000 	 0.0127770036 	  -0.000055 	 0.0001723253 
6.0000000000 	 0.0125732537 	  -0.000071 	 0.0001695159 
6.5000000000 	 0.0123646867 	  -0.000085 	 0.0001671827 
7.0000000000 	 0.0121450327 	  -0.000103 	 0.0001651149 
7.5000000000 	 0.0119167460 	  -0.000127 	 0.0001637427 
8.0000000000 	 0.0116821691 	  -0.000152 	 0.0001626540 
8.5000000000 	 0.0114385314 	  -0.000181 	 0.0001617373 
9.0000000000 	 0.0111955827 	  -0.000214 	 0.0001610617 
9.5000000000 	 0.0109465397 	  -0.000248 	 0.0001605905 
10.0000000000 	 0.0106905133 	  -0.000285 	 0.0001603868 
10.5000000000 	 0.0104353315 	  -0.000326 	 0.0001603262 
11.0000000000 	 0.0101779428 	  -0.000371 	 0.0001605792 
11.5000000000 	 0.0099226857 	  -0.000420 	 0.0001611117 
12.0000000000 	 0.0096670567 	  -0.000473 	 0.0001618923 
12.5000000000 	 0.0094087217 	  -0.000529 	 0.0001626876 
13.0000000000 	 0.0091524552 	  -0.000585 	 0.0001634613 
13.5000000000 	 0.0088980170 	  -0.000645 	 0.0001645371 
14.0000000000 	 0.0086470479 	  -0.000709 	 0.0001656849 
14.5000000000 	 0.0083974409 	  -0.000778 	 0.0001668966 
15.0000000000 	 0.0081488159 	  -0.000850 	 0.0001680181 
15.5000000000 	 0.0079034586 	  -0.000925 	 0.0001692691 
16.0000000000 	 0.0076682998 	  -0.001002 	 0.0001702889 
16.5000000000 	 0.0074416319 	  -0.001086 	 0.0001713754 
17.0000000000 	 0.0072154272 	  -0.001171 	 0.0001723603 
17.5000000000 	 0.0069921776 	  -0.001261 	 0.0001732305 
18.0000000000 	 0.0067729918 	  -0.001353 	 0.0001741915 
18.5000000000 	 0.0065599715 	  -0.001449 	 0.0001750616 
19.0000000000 	 0.0063510714 	  -0.001549 	 0.0001758287 
19.5000000000 	 0.0061469077 	  -0.001651 	 0.0001765479 
20.0000000000 	 0.0059525768 	  -0.001756 	 0.0001770934 
20.5000000000 	 0.0057591299 	  -0.001864 	 0.0001775203 
21.0000000000 	 0.0055766292 	  -0.001976 	 0.0001779602 
21.5000000000 	 0.0053988161 	  -0.002091 	 0.0001782356 
22.0000000000 	 0.0052287755 	  -0.002208 	 0.0001781437 
22.5000000000 	 0.0050627648 	  -0.002327 	 0.0001778927 
23.0000000000 	 0.0049020356 	  -0.002447 	 0.0001774746 
23.5000000000 	 0.0047490661 	  -0.002566 	 0.0001766996 
24.0000000000 	 0.0045998349 	  -0.002690 	 0.0001758903 
24.5000000000 	 0.0044537478 	  -0.002817 	 0.0001749034 
25.0000000000 	 0.0043158558 	  -0.002948 	 0.0001739333 
25.5000000000 	 0.0041832736 	  -0.003080 	 0.0001729194 
26.0000000000 	 0.0040566052 	  -0.003213 	 0.0001716816 
26.5000000000 	 0.0039354069 	  -0.003345 	 0.0001702852 
27.0000000000 	 0.0038191881 	  -0.003478 	 0.0001687772 
27.5000000000 	 0.0037056676 	  -0.003609 	 0.0001671278 
28.0000000000 	 0.0035996205 	  -0.003740 	 0.0001654077 
28.5000000000 	 0.0034981123 	  -0.003873 	 0.0001637028 
29.0000000000 	 0.0034008305 	  -0.004005 	 0.0001620653 
29.5000000000 	 0.0033075796 	  -0.004138 	 0.0001605874 
30.0000000000 	 0.0032193272 	  -0.004269 	 0.0001590449 
30.5000000000 	 0.0031364695 	  -0.004400 	 0.0001574356 
31.0000000000 	 0.0030568211 	  -0.004528 	 0.0001558424 
31.5000000000 	 0.0029829364 	  -0.004648 	 0.0001542515 
32.0000000000 	 0.0029138309 	  -0.004769 	 0.0001526542 
32.5000000000 	 0.0028479932 	  -0.004885 	 0.0001511223 
33.0000000000 	 0.0027872684 	  -0.004999 	 0.0001495831 
33.5000000000 	 0.0027310823 	  -0.005108 	 0.0001481759 
34.0000000000 	 0.0026787634 	  -0.005213 	 0.0001468443 
34.5000000000 	 0.0026293985 	  -0.005311 	 0.0001457639 
35.0000000000 	 0.0025840145 	  -0.005403 	 0.0001449636 
35.5000000000 	 0.0025434632 	  -0.005489 	 0.0001444866 
36.0000000000 	 0.0025065236 	  -0.005567 	 0.0001442697 
36.5000000000 	 0.0024738407 	  -0.005638 	 0.0001442739 
37.0000000000 	 0.0024430826 	  -0.005700 	 0.0001445810 
37.5000000000 	 0.0024180688 	  -0.005753 	 0.0001453072 
38.0000000000 	 0.0023954291 	  -0.005797 	 0.0001459946 
38.5000000000 	 0.0023763931 	  -0.005829 	 0.0001461385 
39.0000000000 	 0.0023616802 	  -0.005853 	 0.0001462132 
39.5000000000 	 0.0023537231 	  -0.005869 	 0.0001464350 
40.0000000000 	 0.0023460214 	  -0.005875 	 0.0001453993 
40.5000000000 	 0.0023421462 	  -0.005869 	 0.0001439837 
41.0000000000 	 0.0023393575 	  -0.005851 	 0.0001423692 
41.5000000000 	 0.0023396737 	  -0.005826 	 0.0001404088 
42.0000000000 	 0.0023426951 	  -0.005791 	 0.0001384182 
42.5000000000 	 0.0023483272 	  -0.005743 	 0.0001366022 
43.0000000000 	 0.0023546387 	  -0.005687 	 0.0001348823 
43.5000000000 	 0.0023635448 	  -0.005625 	 0.0001334569 
44.0000000000 	 0.0023710249 	  -0.005556 	 0.0001322503 
44.5000000000 	 0.0023798454 	  -0.005479 	 0.0001313486 
45.0000000000 	 0.0023890831 	  -0.005394 	 0.0001307378 
45.5000000000 	 0.0023979040 	  -0.005304 	 0.0001305336 
46.0000000000 	 0.0024070219 	  -0.005209 	 0.0001306202 
46.5000000000 	 0.0024162572 	  -0.005109 	 0.0001309877 
47.0000000000 	 0.0024251978 	  -0.005004 	 0.0001316321 
47.5000000000 	 0.0024345960 	  -0.004898 	 0.0001324923 
48.0000000000 	 0.0024420066 	  -0.004786 	 0.0001336150 
48.5000000000 	 0.0024478752 	  -0.004673 	 0.0001349389 
49.0000000000 	 0.0024503842 	  -0.004557 	 0.0001364643 
49.5000000000 	 0.0024560406 	  -0.004436 	 0.0001382054 
50.0000000000 	 0.0024580771 	  -0.004317 	 0.0001399479 
50.5000000000 	 0.0024583334 	  -0.004198 	 0.0001418516 
51.0000000000 	 0.0024582109 	  -0.004074 	 0.0001438353 
51.5000000000 	 0.0024553398 	  -0.003951 	 0.0001459523 
52.0000000000 	 0.0024527461 	  -0.003828 	 0.0001481996 
52.5000000000 	 0.0024492554 	  -0.003703 	 0.0001505887 
53.0000000000 	 0.0024425437 	  -0.003583 	 0.0001530648 
53.5000000000 	 0.0024371894 	  -0.003462 	 0.0001556039 
54.0000000000 	 0.0024301377 	  -0.003345 	 0.0001580276 
54.5000000000 	 0.0024206484 	  -0.003227 	 0.0001604916 
55.0000000000 	 0.0024081064 	  -0.003110 	 0.0001630554 
55.5000000000 	 0.0023970243 	  -0.002996 	 0.0001655959 
56.0000000000 	 0.0023847680 	  -0.002886 	 0.0001681262 
56.5000000000 	 0.0023732904 	  -0.002776 	 0.0001706304 
57.0000000000 	 0.0023615040 	  -0.002667 	 0.0001730738 
57.5000000000 	 0.0023469474 	  -0.002561 	 0.0001754057 
58.0000000000 	 0.0023329866 	  -0.002455 	 0.0001777263 
58.5000000000 	 0.0023189593 	  -0.002354 	 0.0001798724 
59.0000000000 	 0.0023052958 	  -0.002257 	 0.0001819440 
59.5000000000 	 0.0022918630 	  -0.002162 	 0.0001839664 
60.0000000000 	 0.0022764888 	  -0.002070 	 0.0001859423 
60.5000000000 	 0.0022606610 	  -0.001981 	 0.0001878264 
61.0000000000 	 0.0022428550 	  -0.001897 	 0.0001896142 
61.5000000000 	 0.0022264680 	  -0.001817 	 0.0001912853 
62.0000000000 	 0.0022118417 	  -0.001739 	 0.0001928718 
62.5000000000 	 0.0021988088 	  -0.001662 	 0.0001943171 
63.0000000000 	 0.0021865223 	  -0.001587 	 0.0001956822 
63.5000000000 	 0.0021748698 	  -0.001516 	 0.0001969480 
64.0000000000 	 0.0021600704 	  -0.001449 	 0.0001981345 
64.5000000000 	 0.0021474886 	  -0.001386 	 0.0001991974 
65.0000000000 	 0.0021366116 	  -0.001325 	 0.0002002875 
65.5000000000 	 0.0021252146 	  -0.001267 	 0.0002012801 
66.0000000000 	 0.0021157822 	  -0.001211 	 0.0002021886 
66.5000000000 	 0.0021059001 	  -0.001158 	 0.0002030140 
67.0000000000 	 0.0020981890 	  -0.001109 	 0.0002037072 
67.5000000000 	 0.0020901225 	  -0.001059 	 0.0002042751 
68.0000000000 	 0.0020831914 	  -0.001012 	 0.0002047857 
68.5000000000 	 0.0020764706 	  -0.000971 	 0.0002053294 
69.0000000000 	 0.0020711461 	  -0.000932 	 0.0002057951 
69.5000000000 	 0.0020662048 	  -0.000895 	 0.0002062145 
70.0000000000 	 0.0020626536 	  -0.000860 	 0.0002066464 
70.5000000000 	 0.0020614287 	  -0.000826 	 0.0002069461 
71.0000000000 	 0.0020590951 	  -0.000794 	 0.0002072356 
71.5000000000 	 0.0020566629 	  -0.000766 	 0.0002074747 
72.0000000000 	 0.0020552382 	  -0.000739 	 0.0002076540 
72.5000000000 	 0.0020549573 	  -0.000713 	 0.0002077396 
73.0000000000 	 0.0020562016 	  -0.000690 	 0.0002077683 
73.5000000000 	 0.0020566510 	  -0.000666 	 0.0002079299 
74.0000000000 	 0.0020589327 	  -0.000647 	 0.0002079893 
74.5000000000 	 0.0020620331 	  -0.000629 	 0.0002080246 
75.0000000000 	 0.0020651121 	  -0.000610 	 0.0002080386 
75.5000000000 	 0.0020694711 	  -0.000593 	 0.0002080088 
76.0000000000 	 0.0020738028 	  -0.000578 	 0.0002078799 
76.5000000000 	 0.0020775619 	  -0.000565 	 0.0002077366 
77.0000000000 	 0.0020809937 	  -0.000553 	 0.0002075905 
77.5000000000 	 0.0020845437 	  -0.000542 	 0.0002074945 
78.0000000000 	 0.0020893485 	  -0.000531 	 0.0002073489 
78.5000000000 	 0.0020952962 	  -0.000522 	 0.0002071567 
79.0000000000 	 0.0021011894 	  -0.000512 	 0.0002069349 
79.5000000000 	 0.0021071490 	  -0.000503 	 0.0002066708 
80.0000000000 	 0.0021120728 	  -0.000494 	 0.0002063995 
80.5000000000 	 0.0021171987 	  -0.000486 	 0.0002061098 
81.0000000000 	 0.0021221654 	  -0.000478 	 0.0002057677 
81.5000000000 	 0.0021265444 	  -0.000470 	 0.0002054115 
82.0000000000 	 0.0021315898 	  -0.000462 	 0.0002050776 
82.5000000000 	 0.0021380515 	  -0.000455 	 0.0002047380 
83.0000000000 	 0.0021436683 	  -0.000447 	 0.0002043931 
83.5000000000 	 0.0021484839 	  -0.000439 	 0.0002041340 
84.0000000000 	 0.0021536377 	  -0.000430 	 0.0002038604 
84.5000000000 	 0.0021587147 	  -0.000421 	 0.0002035794 
85.0000000000 	 0.0021638783 	  -0.000412 	 0.0002033118 
85.5000000000 	 0.0021700520 	  -0.000403 	 0.0002030511 
86.0000000000 	 0.0021763798 	  -0.000393 	 0.0002027768 
86.5000000000 	 0.0021829789 	  -0.000382 	 0.0002025549 
87.0000000000 	 0.0021894982 	  -0.000370 	 0.0002023455 
87.5000000000 	 0.0021951719 	  -0.000359 	 0.0002021670 
88.0000000000 	 0.0022020586 	  -0.000346 	 0.0002019782 
88.5000000000 	 0.0022087923 	  -0.000334 	 0.0002017915 
89.0000000000 	 0.0022159988 	  -0.000321 	 0.0002016284 
89.5000000000 	 0.0022232510 	  -0.000307 	 0.0002014685 
90.0000000000 	 0.0022298742 	  -0.000293 	 0.0002013062 
90.5000000000 	 0.0022372633 	  -0.000279 	 0.0002011702 
91.0000000000 	 0.0022448906 	  -0.000263 	 0.0002010112 
91.5000000000 	 0.0022530956 	  -0.000247 	 0.0002009501 
92.0000000000 	 0.0022621795 	  -0.000231 	 0.0002008767 
92.5000000000 	 0.0022713892 	  -0.000214 	 0.0002007923 
93.0000000000 	 0.0022807283 	  -0.000197 	 0.0002007518 
93.5000000000 	 0.0022891469 	  -0.000180 	 0.0002006842 
94.0000000000 	 0.0022984358 	  -0.000164 	 0.0002005844 
94.5000000000 	 0.0023077936 	  -0.000147 	 0.0002005102 
95.0000000000 	 0.0023171457 	  -0.000130 	 0.0002004427 
95.5000000000 	 0.0023265923 	  -0.000113 	 0.0002003687 
96.0000000000 	 0.0023372622 	  -0.000096 	 0.0002002932 
96.5000000000 	 0.0023478282 	  -0.000080 	 0.0002002399 
97.0000000000 	 0.0023589697 	  -0.000063 	 0.0002002602 
97.5000000000 	 0.0023694887 	  -0.000046 	 0.0002002316 
98.0000000000 	 0.0023805560 	  -0.000030 	 0.0002002158 
98.5000000000 	 0.0023906914 	  -0.000013 	 0.0002001821 
99.0000000000 	 0.0024011860 	   0.000002 	 0.0002001533 
99.5000000000 	 0.0024121057 	   0.000017 	 0.0002000935 
100.0000000000 	 0.0024235309 	   0.000032 	 0.0002000645 
