0.0000000000 	 1.0000000000 	 9.9835128227 	 0.0003083646 	 0.0000000000 
0.5000000000 	 0.9999960507 	 9.9832854239 	 0.0003083637 	 -0.0000000005 
1.0000000000 	 0.9999808281 	 9.9825586762 	 0.0003083600 	 -0.0000000011 
1.5000000000 	 0.9999543224 	 9.9813317813 	 0.0003083537 	 -0.0000000016 
2.0000000000 	 0.9999165362 	 9.9796076319 	 0.0003083446 	 -0.0000000021 
2.5000000000 	 0.9998674728 	 9.9773891963 	 0.0003083329 	 -0.0000000026 
3.0000000000 	 0.9998071358 	 9.9746795171 	 0.0003083184 	 -0.0000000032 
3.5000000000 	 0.9997355296 	 9.9714817101 	 0.0003083013 	 -0.0000000037 
4.0000000000 	 0.9996526588 	 9.9677989621 	 0.0003082815 	 -0.0000000042 
4.5000000000 	 0.9995585286 	 9.9636345303 	 0.0003082590 	 -0.0000000047 
5.0000000000 	 0.9994531448 	 9.9589917403 	 0.0003082337 	 -0.0000000052 
5.5000000000 	 0.9993365136 	 9.9538739850 	 0.0003082058 	 -0.0000000057 
6.0000000000 	 0.9992086416 	 9.9482847229 	 0.0003081752 	 -0.0000000062 
6.5000000000 	 0.9990695360 	 9.9422274771 	 0.0003081420 	 -0.0000000067 
7.0000000000 	 0.9989192045 	 9.9357058332 	 0.0003081060 	 -0.0000000071 
7.5000000000 	 0.9987576551 	 9.9287234384 	 0.0003080673 	 -0.0000000076 
8.0000000000 	 0.9985848967 	 9.9212840001 	 0.0003080260 	 -0.0000000080 
8.5000000000 	 0.9984009381 	 9.9133912840 	 0.0003079820 	 -0.0000000085 
9.0000000000 	 0.9982057891 	 9.9050491131 	 0.0003079353 	 -0.0000000089 
9.5000000000 	 0.9979994595 	 9.8962613664 	 0.0003078859 	 -0.0000000093 
10.0000000000 	 0.9977819601 	 9.8870319766 	 0.0003078339 	 -0.0000000097 
10.5000000000 	 0.9975533016 	 9.8773649300 	 0.0003077792 	 -0.0000000101 
11.0000000000 	 0.9973134956 	 9.8672642639 	 0.0003077218 	 -0.0000000105 
11.5000000000 	 0.9970625540 	 9.8567340658 	 0.0003076617 	 -0.0000000109 
12.0000000000 	 0.9968004891 	 9.8457784720 	 0.0003075990 	 -0.0000000112 
12.5000000000 	 0.9965273137 	 9.8344016657 	 0.0003075337 	 -0.0000000115 
13.0000000000 	 0.9962430412 	 9.8226078763 	 0.0003074657 	 -0.0000000118 
13.5000000000 	 0.9959476853 	 9.8104013774 	 0.0003073950 	 -0.0000000121 
14.0000000000 	 0.9956412602 	 9.7977864856 	 0.0003073217 	 -0.0000000124 
14.5000000000 	 0.9953237804 	 9.7847675594 	 0.0003072457 	 -0.0000000127 
15.0000000000 	 0.9949952612 	 9.7713489971 	 0.0003071671 	 -0.0000000129 
15.5000000000 	 0.9946557181 	 9.7575352361 	 0.0003070858 	 -0.0000000131 
16.0000000000 	 0.9943051670 	 9.7433307514 	 0.0003070020 	 -0.0000000133 
16.5000000000 	 0.9939436243 	 9.7287400536 	 0.0003069155 	 -0.0000000135 
17.0000000000 	 0.9935711071 	 9.7137676886 	 0.0003068263 	 -0.0000000137 
17.5000000000 	 0.9931876325 	 9.6984182350 	 0.0003067346 	 -0.0000000138 
18.0000000000 	 0.9927932183 	 9.6826963039 	 0.0003066402 	 -0.0000000140 
18.5000000000 	 0.9923878827 	 9.6666065366 	 0.0003065432 	 -0.0000000141 
19.0000000000 	 0.9919716444 	 9.6501536040 	 0.0003064436 	 -0.0000000141 
19.5000000000 	 0.9915445223 	 9.6333422046 	 0.0003063414 	 -0.0000000142 
20.0000000000 	 0.9911065361 	 9.6161770637 	 0.0003062366 	 -0.0000000142 
20.5000000000 	 0.9906577056 	 9.5986629316 	 0.0003061292 	 -0.0000000142 
21.0000000000 	 0.9901980511 	 9.5808045827 	 0.0003060192 	 -0.0000000142 
21.5000000000 	 0.9897275934 	 9.5626068141 	 0.0003059067 	 -0.0000000142 
22.0000000000 	 0.9892463538 	 9.5440744438 	 0.0003057915 	 -0.0000000141 
22.5000000000 	 0.9887543538 	 9.5252123102 	 0.0003056738 	 -0.0000000140 
23.0000000000 	 0.9882516155 	 9.5060252701 	 0.0003055535 	 -0.0000000139 
23.5000000000 	 0.9877381612 	 9.4865181979 	 0.0003054306 	 -0.0000000137 
24.0000000000 	 0.9872140140 	 9.4666959841 	 0.0003053052 	 -0.0000000136 
24.5000000000 	 0.9866791970 	 9.4465635339 	 0.0003051773 	 -0.0000000134 
25.0000000000 	 0.9861337340 	 9.4261257665 	 0.0003050467 	 -0.0000000131 
25.5000000000 	 0.9855776490 	 9.4053876131 	 0.0003049137 	 -0.0000000129 
26.0000000000 	 0.9850109666 	 9.3843540163 	 0.0003047781 	 -0.0000000126 
26.5000000000 	 0.9844337116 	 9.3630299285 	 0.0003046400 	 -0.0000000123 
27.0000000000 	 0.9838459094 	 9.3414203108 	 0.0003044993 	 -0.0000000119 
27.5000000000 	 0.9832475857 	 9.3195301319 	 0.0003043562 	 -0.0000000116 
28.0000000000 	 0.9826387666 	 9.2973643667 	 0.0003042105 	 -0.0000000112 
28.5000000000 	 0.9820194785 	 9.2749279953 	 0.0003040623 	 -0.0000000107 
29.0000000000 	 0.9813897485 	 9.2522260018 	 0.0003039116 	 -0.0000000103 
29.5000000000 	 0.9807496037 	 9.2292633730 	 0.0003037585 	 -0.0000000098 
30.0000000000 	 0.9800990718 	 9.2060450976 	 0.0003036028 	 -0.0000000093 
30.5000000000 	 0.9794381809 	 9.1825761645 	 0.0003034447 	 -0.0000000087 
31.0000000000 	 0.9787669594 	 9.1588615623 	 0.0003032841 	 -0.0000000081 
31.5000000000 	 0.9780854362 	 9.1349062778 	 0.0003031210 	 -0.0000000075 
32.0000000000 	 0.9773936404 	 9.1107152950 	 0.0003029555 	 -0.0000000068 
32.5000000000 	 0.9766916016 	 9.0862935940 	 0.0003027875 	 -0.0000000061 
33.0000000000 	 0.9759793497 	 9.0616461500 	 0.0003026171 	 -0.0000000054 
33.5000000000 	 0.9752569151 	 9.0367779323 	 0.0003024442 	 -0.0000000047 
34.0000000000 	 0.9745243284 	 9.0116939031 	 0.0003022689 	 -0.0000000039 
34.5000000000 	 0.9737816207 	 8.9863990164 	 0.0003020912 	 -0.0000000031 
35.0000000000 	 0.9730288233 	 8.9608982174 	 0.0003019111 	 -0.0000000022 
35.5000000000 	 0.9722659680 	 8.9351964409 	 0.0003017285 	 -0.0000000013 
36.0000000000 	 0.9714930870 	 8.9092986110 	 0.0003015436 	 -0.0000000004 
36.5000000000 	 0.9707102127 	 8.8832096394 	 0.0003013563 	 0.0000000006 
37.0000000000 	 0.9699173778 	 8.8569344250 	 0.0003011666 	 0.0000000016 
37.5000000000 	 0.9691146156 	 8.8304778528 	 0.0003009745 	 0.0000000026 
38.0000000000 	 0.9683019596 	 8.8038447929 	 0.0003007800 	 0.0000000037 
38.5000000000 	 0.9674794435 	 8.7770400995 	 0.0003005832 	 0.0000000048 
39.0000000000 	 0.9666471017 	 8.7500686102 	 0.0003003841 	 0.0000000060 
39.5000000000 	 0.9658049685 	 8.7229351450 	 0.0003001826 	 0.0000000071 
40.0000000000 	 0.9649530788 	 8.6956445056 	 0.0002999787 	 0.0000000084 
40.5000000000 	 0.9640914679 	 8.6682014741 	 0.0002997726 	 0.0000000096 
41.0000000000 	 0.9632201711 	 8.6406108128 	 0.0002995641 	 0.0000000109 
41.5000000000 	 0.9623392243 	 8.6128772629 	 0.0002993533 	 0.0000000123 
42.0000000000 	 0.9614486636 	 8.5850055436 	 0.0002991402 	 0.0000000136 
42.5000000000 	 0.9605485255 	 8.5570003519 	 0.0002989248 	 0.0000000151 
43.0000000000 	 0.9596388467 	 8.5288663612 	 0.0002987072 	 0.0000000165 
43.5000000000 	 0.9587196643 	 8.5006082208 	 0.0002984872 	 0.0000000180 
44.0000000000 	 0.9577910156 	 8.4722305552 	 0.0002982650 	 0.0000000195 
44.5000000000 	 0.9568529383 	 8.4437379633 	 0.0002980406 	 0.0000000211 
45.0000000000 	 0.9559054704 	 8.4151350175 	 0.0002978139 	 0.0000000227 
45.5000000000 	 0.9549486501 	 8.3864262635 	 0.0002975849 	 0.0000000244 
46.0000000000 	 0.9539825160 	 8.3576162188 	 0.0002973538 	 0.0000000261 
46.5000000000 	 0.9530071069 	 8.3287093729 	 0.0002971204 	 0.0000000278 
47.0000000000 	 0.9520224619 	 8.2997101861 	 0.0002968848 	 0.0000000296 
47.5000000000 	 0.9510286204 	 8.2706230888 	 0.0002966470 	 0.0000000314 
48.0000000000 	 0.9500256221 	 8.2414524815 	 0.0002964070 	 0.0000000332 
48.5000000000 	 0.9490135069 	 8.2122027333 	 0.0002961648 	 0.0000000351 
49.0000000000 	 0.9479923150 	 8.1828781820 	 0.0002959205 	 0.0000000371 
49.5000000000 	 0.9469620870 	 8.1534831332 	 0.0002956739 	 0.0000000391 
50.0000000000 	 0.9459228635 	 8.1240218597 	 0.0002954253 	 0.0000000411 
50.5000000000 	 0.9448746855 	 8.0944986012 	 0.0002951745 	 0.0000000432 
51.0000000000 	 0.9438175943 	 8.0649175635 	 0.0002949216 	 0.0000000453 
51.5000000000 	 0.9427516314 	 8.0352829181 	 0.0002946665 	 0.0000000474 
52.0000000000 	 0.9416768386 	 8.0055988017 	 0.0002944093 	 0.0000000496 
52.5000000000 	 0.9405932577 	 7.9758693155 	 0.0002941500 	 0.0000000518 
53.0000000000 	 0.9395009312 	 7.9460985251 	 0.0002938887 	 0.0000000541 
53.5000000000 	 0.9383999013 	 7.9162904597 	 0.0002936252 	 0.0000000564 
54.0000000000 	 0.9372902109 	 7.8864491119 	 0.0002933597 	 0.0000000588 
54.5000000000 	 0.9361719027 	 7.8565784370 	 0.0002930921 	 0.0000000612 
55.0000000000 	 0.9350450201 	 7.8266823526 	 0.0002928225 	 0.0000000636 
55.5000000000 	 0.9339096064 	 7.7967647387 	 0.0002925508 	 0.0000000661 
56.0000000000 	 0.9327657050 	 7.7668294365 	 0.0002922771 	 0.0000000687 
56.5000000000 	 0.9316133600 	 7.7368802486 	 0.0002920014 	 0.0000000713 
57.0000000000 	 0.9304526151 	 7.7069209386 	 0.0002917236 	 0.0000000739 
57.5000000000 	 0.9292835148 	 7.6769552304 	 0.0002914439 	 0.0000000765 
58.0000000000 	 0.9281061033 	 7.6469868082 	 0.0002911622 	 0.0000000792 
58.5000000000 	 0.9269204253 	 7.6170193160 	 0.0002908785 	 0.0000000820 
59.0000000000 	 0.9257265256 	 7.5870563574 	 0.0002905928 	 0.0000000848 
59.5000000000 	 0.9245244492 	 7.5571014952 	 0.0002903052 	 0.0000000876 
60.0000000000 	 0.9233142412 	 7.5271582512 	 0.0002900156 	 0.0000000905 
60.5000000000 	 0.9220959471 	 7.4972301059 	 0.0002897241 	 0.0000000934 
61.0000000000 	 0.9208696125 	 7.4673204982 	 0.0002894307 	 0.0000000964 
61.5000000000 	 0.9196352829 	 7.4374328253 	 0.0002891353 	 0.0000000994 
62.0000000000 	 0.9183930043 	 7.4075704423 	 0.0002888381 	 0.0000001025 
62.5000000000 	 0.9171428228 	 7.3777366619 	 0.0002885389 	 0.0000001056 
63.0000000000 	 0.9158847846 	 7.3479347548 	 0.0002882379 	 0.0000001087 
63.5000000000 	 0.9146189361 	 7.3181679485 	 0.0002879350 	 0.0000001119 
64.0000000000 	 0.9133453238 	 7.2884394282 	 0.0002876303 	 0.0000001152 
64.5000000000 	 0.9120639944 	 7.2587523357 	 0.0002873237 	 0.0000001184 
65.0000000000 	 0.9107749947 	 7.2291097699 	 0.0002870153 	 0.0000001218 
65.5000000000 	 0.9094783718 	 7.1995147864 	 0.0002867050 	 0.0000001251 
66.0000000000 	 0.9081741728 	 7.1699703974 	 0.0002863930 	 0.0000001285 
66.5000000000 	 0.9068624449 	 7.1404795714 	 0.0002860791 	 0.0000001320 
67.0000000000 	 0.9055432355 	 7.1110452335 	 0.0002857635 	 0.0000001355 
67.5000000000 	 0.9042165922 	 7.0816702650 	 0.0002854460 	 0.0000001390 
68.0000000000 	 0.9028825626 	 7.0523575033 	 0.0002851268 	 0.0000001426 
68.5000000000 	 0.9015411945 	 7.0231097420 	 0.0002848059 	 0.0000001462 
69.0000000000 	 0.9001925358 	 6.9939297309 	 0.0002844832 	 0.0000001499 
69.5000000000 	 0.8988366346 	 6.9648201755 	 0.0002841587 	 0.0000001536 
70.0000000000 	 0.8974735388 	 6.9357837376 	 0.0002838326 	 0.0000001574 
70.5000000000 	 0.8961032969 	 6.9068230347 	 0.0002835047 	 0.0000001612 
71.0000000000 	 0.8947259570 	 6.8779406404 	 0.0002831751 	 0.0000001650 
71.5000000000 	 0.8933415678 	 6.8491390843 	 0.0002828439 	 0.0000001689 
72.0000000000 	 0.8919501776 	 6.8204208516 	 0.0002825110 	 0.0000001728 
72.5000000000 	 0.8905518351 	 6.7917883837 	 0.0002821764 	 0.0000001768 
73.0000000000 	 0.8891465891 	 6.7632440781 	 0.0002818401 	 0.0000001808 
73.5000000000 	 0.8877344883 	 6.7347902880 	 0.0002815023 	 0.0000001848 
74.0000000000 	 0.8863155817 	 6.7064293228 	 0.0002811628 	 0.0000001889 
74.5000000000 	 0.8848899182 	 6.6781634481 	 0.0002808216 	 0.0000001931 
75.0000000000 	 0.8834575468 	 6.6499948855 	 0.0002804789 	 0.0000001972 
75.5000000000 	 0.8820185168 	 6.6219258130 	 0.0002801346 	 0.0000002015 
76.0000000000 	 0.8805728772 	 6.5939583648 	 0.0002797887 	 0.0000002057 
76.5000000000 	 0.8791206773 	 6.5660946317 	 0.0002794412 	 0.0000002100 
77.0000000000 	 0.8776619664 	 6.5383366609 	 0.0002790922 	 0.0000002144 
77.5000000000 	 0.8761967940 	 6.5106864561 	 0.0002787416 	 0.0000002187 
78.0000000000 	 0.8747252094 	 6.4831459781 	 0.0002783895 	 0.0000002232 
78.5000000000 	 0.8732472622 	 6.4557171443 	 0.0002780358 	 0.0000002276 
79.0000000000 	 0.8717630018 	 6.4284018292 	 0.0002776807 	 0.0000002321 
79.5000000000 	 0.8702724779 	 6.4012018644 	 0.0002773240 	 0.0000002367 
80.0000000000 	 0.8687757400 	 6.3741190389 	 0.0002769659 	 0.0000002413 
80.5000000000 	 0.8672728378 	 6.3471550992 	 0.0002766063 	 0.0000002459 
81.0000000000 	 0.8657638210 	 6.3203117493 	 0.0002762452 	 0.0000002506 
81.5000000000 	 0.8642487394 	 6.2935906511 	 0.0002758827 	 0.0000002553 
82.0000000000 	 0.8627276426 	 6.2669934244 	 0.0002755188 	 0.0000002600 
82.5000000000 	 0.8612005805 	 6.2405216473 	 0.0002751534 	 0.0000002648 
83.0000000000 	 0.8596676029 	 6.2141768562 	 0.0002747866 	 0.0000002696 
83.5000000000 	 0.8581287596 	 6.1879605462 	 0.0002744184 	 0.0000002745 
84.0000000000 	 0.8565841003 	 6.1618741710 	 0.0002740488 	 0.0000002794 
84.5000000000 	 0.8550336751 	 6.1359191433 	 0.0002736778 	 0.0000002843 
85.0000000000 	 0.8534775337 	 6.1100968353 	 0.0002733054 	 0.0000002893 
85.5000000000 	 0.8519157261 	 6.0844085785 	 0.0002729317 	 0.0000002943 
86.0000000000 	 0.8503483020 	 6.0588556639 	 0.0002725567 	 0.0000002993 
86.5000000000 	 0.8487753113 	 6.0334393428 	 0.0002721803 	 0.0000003044 
87.0000000000 	 0.8471968040 	 6.0081608264 	 0.0002718026 	 0.0000003095 
87.5000000000 	 0.8456128299 	 5.9830212866 	 0.0002714236 	 0.0000003147 
88.0000000000 	 0.8440234388 	 5.9580218556 	 0.0002710433 	 0.0000003199 
88.5000000000 	 0.8424286806 	 5.9331636270 	 0.0002706617 	 0.0000003251 
89.0000000000 	 0.8408286051 	 5.9084476555 	 0.0002702789 	 0.0000003304 
89.5000000000 	 0.8392232622 	 5.8838749570 	 0.0002698947 	 0.0000003357 
90.0000000000 	 0.8376127016 	 5.8594465097 	 0.0002695094 	 0.0000003410 
90.5000000000 	 0.8359969731 	 5.8351632536 	 0.0002691228 	 0.0000003464 
91.0000000000 	 0.8343761265 	 5.8110260909 	 0.0002687349 	 0.0000003518 
91.5000000000 	 0.8327502115 	 5.7870358869 	 0.0002683459 	 0.0000003572 
92.0000000000 	 0.8311192777 	 5.7631934695 	 0.0002679557 	 0.0000003627 
92.5000000000 	 0.8294833748 	 5.7394996299 	 0.0002675642 	 0.0000003682 
93.0000000000 	 0.8278425525 	 5.7159551232 	 0.0002671716 	 0.0000003737 
93.5000000000 	 0.8261968603 	 5.6925606680 	 0.0002667778 	 0.0000003793 
94.0000000000 	 0.8245463478 	 5.6693169473 	 0.0002663829 	 0.0000003849 
94.5000000000 	 0.8228910644 	 5.6462246086 	 0.0002659869 	 0.0000003905 
95.0000000000 	 0.8212310596 	 5.6232842642 	 0.0002655897 	 0.0000003962 
95.5000000000 	 0.8195663827 	 5.6004964917 	 0.0002651913 	 0.0000004019 
96.0000000000 	 0.8178970833 	 5.5778618340 	 0.0002647919 	 0.0000004076 
96.5000000000 	 0.8162232104 	 5.5553808001 	 0.0002643914 	 0.0000004134 
97.0000000000 	 0.8145448134 	 5.5330538651 	 0.0002639898 	 0.0000004191 
97.5000000000 	 0.8128619415 	 5.5108814704 	 0.0002635871 	 0.0000004250 
98.0000000000 	 0.8111746436 	 5.4888640245 	 0.0002631834 	 0.0000004308 
98.5000000000 	 0.8094829690 	 5.4670019032 	 0.0002627786 	 0.0000004367 
99.0000000000 	 0.8077869665 	 5.4452954497 	 0.0002623728 	 0.0000004426 
99.5000000000 	 0.8060866851 	 5.4237449751 	 0.0002619660 	 0.0000004485 
100.0000000000 	 0.8043821737 	 5.4023507588 	 0.0002615581 	 0.0000004545 
100.5000000000 	 0.8026734808 	 5.3811130489 	 0.0002611493 	 0.0000004605 
101.0000000000 	 0.8009606554 	 5.3600320625 	 0.0002607395 	 0.0000004665 
101.5000000000 	 0.7992437459 	 5.3391079859 	 0.0002603286 	 0.0000004725 
102.0000000000 	 0.7975228010 	 5.3183409753 	 0.0002599169 	 0.0000004786 
102.5000000000 	 0.7957978689 	 5.2977311568 	 0.0002595041 	 0.0000004847 
103.0000000000 	 0.7940689982 	 5.2772786272 	 0.0002590905 	 0.0000004908 
103.5000000000 	 0.7923362370 	 5.2569834538 	 0.0002586758 	 0.0000004970 
104.0000000000 	 0.7905996336 	 5.2368456754 	 0.0002582603 	 0.0000005031 
104.5000000000 	 0.7888592361 	 5.2168653022 	 0.0002578439 	 0.0000005093 
105.0000000000 	 0.7871150923 	 5.1970423162 	 0.0002574266 	 0.0000005155 
105.5000000000 	 0.7853672503 	 5.1773766721 	 0.0002570083 	 0.0000005218 
106.0000000000 	 0.7836157579 	 5.1578682968 	 0.0002565893 	 0.0000005281 
106.5000000000 	 0.7818606627 	 5.1385170906 	 0.0002561693 	 0.0000005343 
107.0000000000 	 0.7801020124 	 5.1193229273 	 0.0002557485 	 0.0000005407 
107.5000000000 	 0.7783398543 	 5.1002856541 	 0.0002553269 	 0.0000005470 
108.0000000000 	 0.7765742361 	 5.0814050929 	 0.0002549044 	 0.0000005533 
108.5000000000 	 0.7748052048 	 5.0626810398 	 0.0002544811 	 0.0000005597 
109.0000000000 	 0.7730328077 	 5.0441132661 	 0.0002540570 	 0.0000005661 
109.5000000000 	 0.7712570919 	 5.0257015182 	 0.0002536321 	 0.0000005726 
110.0000000000 	 0.7694781042 	 5.0074455185 	 0.0002532065 	 0.0000005790 
110.5000000000 	 0.7676958916 	 4.9893449654 	 0.0002527800 	 0.0000005855 
111.0000000000 	 0.7659105007 	 4.9713995336 	 0.0002523528 	 0.0000005919 
111.5000000000 	 0.7641219782 	 4.9536088750 	 0.0002519249 	 0.0000005984 
112.0000000000 	 0.7623303704 	 4.9359726184 	 0.0002514962 	 0.0000006050 
112.5000000000 	 0.7605357239 	 4.9184903705 	 0.0002510668 	 0.0000006115 
113.0000000000 	 0.7587380847 	 4.9011617160 	 0.0002506366 	 0.0000006180 
113.5000000000 	 0.7569374990 	 4.8839862177 	 0.0002502058 	 0.0000006246 
114.0000000000 	 0.7551340128 	 4.8669634175 	 0.0002497743 	 0.0000006312 
114.5000000000 	 0.7533276719 	 4.8500928364 	 0.0002493421 	 0.0000006378 
115.0000000000 	 0.7515185221 	 4.8333739747 	 0.0002489092 	 0.0000006444 
115.5000000000 	 0.7497066089 	 4.8168063130 	 0.0002484756 	 0.0000006511 
116.0000000000 	 0.7478919778 	 4.8003893118 	 0.0002480414 	 0.0000006577 
116.5000000000 	 0.7460746740 	 4.7841224125 	 0.0002476066 	 0.0000006644 
117.0000000000 	 0.7442547429 	 4.7680050376 	 0.0002471711 	 0.0000006711 
117.5000000000 	 0.7424322293 	 4.7520365908 	 0.0002467351 	 0.0000006778 
118.0000000000 	 0.7406071783 	 4.7362164577 	 0.0002462984 	 0.0000006845 
118.5000000000 	 0.7387796346 	 4.7205440062 	 0.0002458611 	 0.0000006912 
119.0000000000 	 0.7369496428 	 4.7050185866 	 0.0002454232 	 0.0000006980 
119.5000000000 	 0.7351172474 	 4.6896395322 	 0.0002449848 	 0.0000007047 
120.0000000000 	 0.7332824927 	 4.6744061594 	 0.0002445458 	 0.0000007115 
120.5000000000 	 0.7314454229 	 4.6593177685 	 0.0002441062 	 0.0000007183 
121.0000000000 	 0.7296060820 	 4.6443736438 	 0.0002436661 	 0.0000007251 
121.5000000000 	 0.7277645140 	 4.6295730537 	 0.0002432254 	 0.0000007319 
122.0000000000 	 0.7259207626 	 4.6149152517 	 0.0002427843 	 0.0000007387 
122.5000000000 	 0.7240748713 	 4.6003994763 	 0.0002423426 	 0.0000007455 
123.0000000000 	 0.7222268836 	 4.5860249513 	 0.0002419004 	 0.0000007523 
123.5000000000 	 0.7203768428 	 4.5717908867 	 0.0002414578 	 0.0000007592 
124.0000000000 	 0.7185247920 	 4.5576964784 	 0.0002410146 	 0.0000007660 
124.5000000000 	 0.7166707742 	 4.5437409089 	 0.0002405710 	 0.0000007729 
125.0000000000 	 0.7148148321 	 4.5299233477 	 0.0002401269 	 0.0000007797 
125.5000000000 	 0.7129570086 	 4.5162429515 	 0.0002396824 	 0.0000007866 
126.0000000000 	 0.7110973460 	 4.5026988645 	 0.0002392374 	 0.0000007935 
126.5000000000 	 0.7092358867 	 4.4892902191 	 0.0002387920 	 0.0000008004 
127.0000000000 	 0.7073726728 	 4.4760161359 	 0.0002383462 	 0.0000008073 
127.5000000000 	 0.7055077465 	 4.4628757239 	 0.0002379000 	 0.0000008142 
128.0000000000 	 0.7036411495 	 4.4498680814 	 0.0002374533 	 0.0000008211 
128.5000000000 	 0.7017729235 	 4.4369922959 	 0.0002370063 	 0.0000008280 
129.0000000000 	 0.6999031101 	 4.4242474446 	 0.0002365589 	 0.0000008349 
129.5000000000 	 0.6980317505 	 4.4116325947 	 0.0002361111 	 0.0000008418 
130.0000000000 	 0.6961588861 	 4.3991468035 	 0.0002356630 	 0.0000008488 
130.5000000000 	 0.6942845578 	 4.3867891194 	 0.0002352145 	 0.0000008557 
131.0000000000 	 0.6924088065 	 4.3745585813 	 0.0002347657 	 0.0000008626 
131.5000000000 	 0.6905316729 	 4.3624542199 	 0.0002343166 	 0.0000008696 
132.0000000000 	 0.6886531975 	 4.3504750570 	 0.0002338671 	 0.0000008765 
132.5000000000 	 0.6867734205 	 4.3386201068 	 0.0002334173 	 0.0000008834 
133.0000000000 	 0.6848923823 	 4.3268883755 	 0.0002329672 	 0.0000008904 
133.5000000000 	 0.6830101228 	 4.3152788619 	 0.0002325168 	 0.0000008973 
134.0000000000 	 0.6811266818 	 4.3037905579 	 0.0002320662 	 0.0000009043 
134.5000000000 	 0.6792420991 	 4.2924224484 	 0.0002316152 	 0.0000009112 
135.0000000000 	 0.6773564140 	 4.2811735119 	 0.0002311640 	 0.0000009182 
135.5000000000 	 0.6754696658 	 4.2700427205 	 0.0002307126 	 0.0000009251 
136.0000000000 	 0.6735818938 	 4.2590290408 	 0.0002302609 	 0.0000009321 
136.5000000000 	 0.6716931369 	 4.2481314334 	 0.0002298090 	 0.0000009390 
137.0000000000 	 0.6698034338 	 4.2373488539 	 0.0002293568 	 0.0000009460 
137.5000000000 	 0.6679128231 	 4.2266802527 	 0.0002289044 	 0.0000009529 
138.0000000000 	 0.6660213434 	 4.2161245756 	 0.0002284518 	 0.0000009599 
138.5000000000 	 0.6641290327 	 4.2056807639 	 0.0002279991 	 0.0000009668 
139.0000000000 	 0.6622359292 	 4.1953477548 	 0.0002275461 	 0.0000009738 
139.5000000000 	 0.6603420708 	 4.1851244816 	 0.0002270929 	 0.0000009807 
140.0000000000 	 0.6584474951 	 4.1750098740 	 0.0002266396 	 0.0000009876 
140.5000000000 	 0.6565522398 	 4.1650028583 	 0.0002261861 	 0.0000009946 
141.0000000000 	 0.6546563421 	 4.1551023580 	 0.0002257325 	 0.0000010015 
141.5000000000 	 0.6527598392 	 4.1453072936 	 0.0002252787 	 0.0000010084 
142.0000000000 	 0.6508627681 	 4.1356165830 	 0.0002248248 	 0.0000010153 
142.5000000000 	 0.6489651656 	 4.1260291422 	 0.0002243707 	 0.0000010223 
143.0000000000 	 0.6470670683 	 4.1165438848 	 0.0002239166 	 0.0000010292 
143.5000000000 	 0.6451685126 	 4.1071597229 	 0.0002234623 	 0.0000010361 
144.0000000000 	 0.6432695349 	 4.0978755671 	 0.0002230079 	 0.0000010430 
144.5000000000 	 0.6413701711 	 4.0886903266 	 0.0002225534 	 0.0000010499 
145.0000000000 	 0.6394704572 	 4.0796029097 	 0.0002220989 	 0.0000010568 
145.5000000000 	 0.6375704288 	 4.0706122240 	 0.0002216443 	 0.0000010636 
146.0000000000 	 0.6356701215 	 4.0617171765 	 0.0002211896 	 0.0000010705 
146.5000000000 	 0.6337695706 	 4.0529166740 	 0.0002207348 	 0.0000010774 
147.0000000000 	 0.6318688113 	 4.0442096231 	 0.0002202800 	 0.0000010842 
147.5000000000 	 0.6299678785 	 4.0355949308 	 0.0002198252 	 0.0000010911 
148.0000000000 	 0.6280668071 	 4.0270715042 	 0.0002193703 	 0.0000010979 
148.5000000000 	 0.6261656315 	 4.0186382514 	 0.0002189154 	 0.0000011047 
149.0000000000 	 0.6242643862 	 4.0102940811 	 0.0002184605 	 0.0000011116 
149.5000000000 	 0.6223631055 	 4.0020379030 	 0.0002180055 	 0.0000011184 
150.0000000000 	 0.6204618233 	 3.9938686284 	 0.0002175506 	 0.0000011252 
150.5000000000 	 0.6185605736 	 3.9857851698 	 0.0002170957 	 0.0000011320 
151.0000000000 	 0.6166593899 	 3.9777864415 	 0.0002166408 	 0.0000011388 
151.5000000000 	 0.6147583058 	 3.9698713597 	 0.0002161859 	 0.0000011455 
152.0000000000 	 0.6128573546 	 3.9620388426 	 0.0002157310 	 0.0000011523 
152.5000000000 	 0.6109565693 	 3.9542878109 	 0.0002152762 	 0.0000011591 
153.0000000000 	 0.6090559830 	 3.9466171876 	 0.0002148215 	 0.0000011658 
153.5000000000 	 0.6071556283 	 3.9390258985 	 0.0002143668 	 0.0000011725 
154.0000000000 	 0.6052555377 	 3.9315128721 	 0.0002139121 	 0.0000011792 
154.5000000000 	 0.6033557437 	 3.9240770402 	 0.0002134575 	 0.0000011859 
155.0000000000 	 0.6014562784 	 3.9167173376 	 0.0002130030 	 0.0000011926 
155.5000000000 	 0.5995571738 	 3.9094327027 	 0.0002125486 	 0.0000011993 
156.0000000000 	 0.5976584618 	 3.9022220772 	 0.0002120943 	 0.0000012060 
156.5000000000 	 0.5957601739 	 3.8950844070 	 0.0002116401 	 0.0000012126 
157.0000000000 	 0.5938623415 	 3.8880186414 	 0.0002111860 	 0.0000012193 
157.5000000000 	 0.5919649960 	 3.8810237342 	 0.0002107320 	 0.0000012259 
158.0000000000 	 0.5900681684 	 3.8740986432 	 0.0002102782 	 0.0000012325 
158.5000000000 	 0.5881718895 	 3.8672423307 	 0.0002098244 	 0.0000012391 
159.0000000000 	 0.5862761900 	 3.8604537636 	 0.0002093708 	 0.0000012457 
159.5000000000 	 0.5843811005 	 3.8537319135 	 0.0002089174 	 0.0000012523 
160.0000000000 	 0.5824866513 	 3.8470757567 	 0.0002084641 	 0.0000012588 
160.5000000000 	 0.5805928725 	 3.8404842746 	 0.0002080109 	 0.0000012653 
161.0000000000 	 0.5786997940 	 3.8339564539 	 0.0002075580 	 0.0000012719 
161.5000000000 	 0.5768074457 	 3.8274912864 	 0.0002071052 	 0.0000012784 
162.0000000000 	 0.5749158571 	 3.8210877694 	 0.0002066526 	 0.0000012849 
162.5000000000 	 0.5730250575 	 3.8147449056 	 0.0002062002 	 0.0000012913 
163.0000000000 	 0.5711350763 	 3.8084617037 	 0.0002057479 	 0.0000012978 
163.5000000000 	 0.5692459424 	 3.8022371779 	 0.0002052959 	 0.0000013042 
164.0000000000 	 0.5673576847 	 3.7960703485 	 0.0002048441 	 0.0000013106 
164.5000000000 	 0.5654703318 	 3.7899602418 	 0.0002043925 	 0.0000013171 
165.0000000000 	 0.5635839123 	 3.7839058903 	 0.0002039411 	 0.0000013234 
165.5000000000 	 0.5616984543 	 3.7779063328 	 0.0002034900 	 0.0000013298 
166.0000000000 	 0.5598139861 	 3.7719606144 	 0.0002030391 	 0.0000013362 
166.5000000000 	 0.5579305356 	 3.7660677868 	 0.0002025884 	 0.0000013425 
167.0000000000 	 0.5560481304 	 3.7602269084 	 0.0002021380 	 0.0000013488 
167.5000000000 	 0.5541667982 	 3.7544370441 	 0.0002016878 	 0.0000013551 
168.0000000000 	 0.5522865664 	 3.7486972657 	 0.0002012380 	 0.0000013614 
168.5000000000 	 0.5504074621 	 3.7430066521 	 0.0002007883 	 0.0000013676 
169.0000000000 	 0.5485295124 	 3.7373642888 	 0.0002003390 	 0.0000013739 
169.5000000000 	 0.5466527441 	 3.7317692689 	 0.0001998899 	 0.0000013801 
170.0000000000 	 0.5447771838 	 3.7262206922 	 0.0001994411 	 0.0000013863 
170.5000000000 	 0.5429028582 	 3.7207176661 	 0.0001989927 	 0.0000013925 
171.0000000000 	 0.5410297933 	 3.7152593053 	 0.0001985445 	 0.0000013987 
171.5000000000 	 0.5391580155 	 3.7098447319 	 0.0001980966 	 0.0000014048 
172.0000000000 	 0.5372875506 	 3.7044730753 	 0.0001976491 	 0.0000014109 
172.5000000000 	 0.5354184244 	 3.6991434729 	 0.0001972018 	 0.0000014170 
173.0000000000 	 0.5335506625 	 3.6938550694 	 0.0001967549 	 0.0000014231 
173.5000000000 	 0.5316842902 	 3.6886070175 	 0.0001963083 	 0.0000014292 
174.0000000000 	 0.5298193329 	 3.6833984774 	 0.0001958621 	 0.0000014352 
174.5000000000 	 0.5279558155 	 3.6782286174 	 0.0001954162 	 0.0000014412 
175.0000000000 	 0.5260937631 	 3.6730966136 	 0.0001949707 	 0.0000014472 
175.5000000000 	 0.5242332002 	 3.6680016501 	 0.0001945255 	 0.0000014532 
176.0000000000 	 0.5223741513 	 3.6629429191 	 0.0001940807 	 0.0000014591 
176.5000000000 	 0.5205166410 	 3.6579196208 	 0.0001936362 	 0.0000014651 
177.0000000000 	 0.5186606932 	 3.6529309634 	 0.0001931921 	 0.0000014710 
177.5000000000 	 0.5168063321 	 3.6479761637 	 0.0001927484 	 0.0000014769 
178.0000000000 	 0.5149535815 	 3.6430544462 	 0.0001923051 	 0.0000014827 
178.5000000000 	 0.5131024650 	 3.6381650442 	 0.0001918622 	 0.0000014886 
179.0000000000 	 0.5112530062 	 3.6333071988 	 0.0001914197 	 0.0000014944 
179.5000000000 	 0.5094052282 	 3.6284801599 	 0.0001909775 	 0.0000015002 
180.0000000000 	 0.5075591544 	 3.6236831854 	 0.0001905358 	 0.0000015060 
180.5000000000 	 0.5057148076 	 3.6189155420 	 0.0001900945 	 0.0000015117 
181.0000000000 	 0.5038722106 	 3.6141765045 	 0.0001896536 	 0.0000015174 
181.5000000000 	 0.5020313862 	 3.6094653565 	 0.0001892131 	 0.0000015232 
182.0000000000 	 0.5001923567 	 3.6047813898 	 0.0001887731 	 0.0000015288 
182.5000000000 	 0.4983551445 	 3.6001239050 	 0.0001883335 	 0.0000015345 
183.0000000000 	 0.4965197716 	 3.5954922111 	 0.0001878944 	 0.0000015401 
183.5000000000 	 0.4946862601 	 3.5908856257 	 0.0001874556 	 0.0000015457 
184.0000000000 	 0.4928546317 	 3.5863034750 	 0.0001870174 	 0.0000015513 
184.5000000000 	 0.4910249081 	 3.5817450938 	 0.0001865796 	 0.0000015569 
185.0000000000 	 0.4891971106 	 3.5772098257 	 0.0001861422 	 0.0000015624 
185.5000000000 	 0.4873712607 	 3.5726970225 	 0.0001857053 	 0.0000015680 
186.0000000000 	 0.4855473794 	 3.5682060452 	 0.0001852689 	 0.0000015735 
186.5000000000 	 0.4837254878 	 3.5637362629 	 0.0001848330 	 0.0000015789 
187.0000000000 	 0.4819056065 	 3.5592870538 	 0.0001843976 	 0.0000015844 
187.5000000000 	 0.4800877563 	 3.5548578046 	 0.0001839626 	 0.0000015898 
188.0000000000 	 0.4782719575 	 3.5504479105 	 0.0001835281 	 0.0000015952 
188.5000000000 	 0.4764582306 	 3.5460567757 	 0.0001830941 	 0.0000016006 
189.0000000000 	 0.4746465957 	 3.5416838127 	 0.0001826607 	 0.0000016059 
189.5000000000 	 0.4728370728 	 3.5373284429 	 0.0001822277 	 0.0000016112 
190.0000000000 	 0.4710296816 	 3.5329900962 	 0.0001817952 	 0.0000016165 
190.5000000000 	 0.4692244419 	 3.5286682112 	 0.0001813633 	 0.0000016218 
191.0000000000 	 0.4674213732 	 3.5243622353 	 0.0001809318 	 0.0000016270 
191.5000000000 	 0.4656204949 	 3.5200716242 	 0.0001805009 	 0.0000016323 
192.0000000000 	 0.4638218260 	 3.5157958424 	 0.0001800706 	 0.0000016375 
192.5000000000 	 0.4620253857 	 3.5115343630 	 0.0001796407 	 0.0000016426 
193.0000000000 	 0.4602311929 	 3.5072866675 	 0.0001792114 	 0.0000016478 
193.5000000000 	 0.4584392662 	 3.5030522462 	 0.0001787826 	 0.0000016529 
194.0000000000 	 0.4566496243 	 3.4988305978 	 0.0001783544 	 0.0000016580 
194.5000000000 	 0.4548622856 	 3.4946212296 	 0.0001779268 	 0.0000016631 
195.0000000000 	 0.4530772682 	 3.4904236572 	 0.0001774997 	 0.0000016681 
195.5000000000 	 0.4512945904 	 3.4862374048 	 0.0001770731 	 0.0000016731 
196.0000000000 	 0.4495142701 	 3.4820620052 	 0.0001766471 	 0.0000016781 
196.5000000000 	 0.4477363250 	 3.4778969992 	 0.0001762217 	 0.0000016831 
197.0000000000 	 0.4459607729 	 3.4737419365 	 0.0001757969 	 0.0000016880 
197.5000000000 	 0.4441876312 	 3.4695963746 	 0.0001753726 	 0.0000016930 
198.0000000000 	 0.4424169173 	 3.4654598798 	 0.0001749489 	 0.0000016979 
198.5000000000 	 0.4406486484 	 3.4613320265 	 0.0001745258 	 0.0000017027 
199.0000000000 	 0.4388828416 	 3.4572123973 	 0.0001741033 	 0.0000017076 
199.5000000000 	 0.4371195136 	 3.4531005830 	 0.0001736814 	 0.0000017124 
200.0000000000 	 0.4353586814 	 3.4489961827 	 0.0001732600 	 0.0000017172 
200.5000000000 	 0.4336003615 	 3.4448988036 	 0.0001728393 	 0.0000017219 
201.0000000000 	 0.4318445703 	 3.4408080610 	 0.0001724192 	 0.0000017267 
201.5000000000 	 0.4300913242 	 3.4367235782 	 0.0001719997 	 0.0000017314 
202.0000000000 	 0.4283406394 	 3.4326449866 	 0.0001715808 	 0.0000017361 
202.5000000000 	 0.4265925319 	 3.4285719255 	 0.0001711625 	 0.0000017407 
203.0000000000 	 0.4248470175 	 3.4245040422 	 0.0001707449 	 0.0000017453 
203.5000000000 	 0.4231041120 	 3.4204409919 	 0.0001703278 	 0.0000017500 
204.0000000000 	 0.4213638310 	 3.4163824375 	 0.0001699114 	 0.0000017545 
204.5000000000 	 0.4196261900 	 3.4123280499 	 0.0001694956 	 0.0000017591 
205.0000000000 	 0.4178912043 	 3.4082775075 	 0.0001690805 	 0.0000017636 
205.5000000000 	 0.4161588890 	 3.4042304965 	 0.0001686660 	 0.0000017681 
206.0000000000 	 0.4144292592 	 3.4001867109 	 0.0001682521 	 0.0000017726 
206.5000000000 	 0.4127023298 	 3.3961458521 	 0.0001678389 	 0.0000017770 
207.0000000000 	 0.4109781155 	 3.3921076289 	 0.0001674264 	 0.0000017815 
207.5000000000 	 0.4092566310 	 3.3880717579 	 0.0001670145 	 0.0000017859 
208.0000000000 	 0.4075378907 	 3.3840379630 	 0.0001666032 	 0.0000017902 
208.5000000000 	 0.4058219091 	 3.3800059754 	 0.0001661926 	 0.0000017946 
209.0000000000 	 0.4041087002 	 3.3759755337 	 0.0001657827 	 0.0000017989 
209.5000000000 	 0.4023982782 	 3.3719463836 	 0.0001653734 	 0.0000018032 
210.0000000000 	 0.4006906570 	 3.3679182783 	 0.0001649648 	 0.0000018075 
210.5000000000 	 0.3989858504 	 3.3638909778 	 0.0001645569 	 0.0000018117 
211.0000000000 	 0.3972838721 	 3.3598642494 	 0.0001641497 	 0.0000018159 
211.5000000000 	 0.3955847357 	 3.3558378674 	 0.0001637431 	 0.0000018201 
212.0000000000 	 0.3938884545 	 3.3518116130 	 0.0001633372 	 0.0000018243 
212.5000000000 	 0.3921950419 	 3.3477852742 	 0.0001629321 	 0.0000018284 
213.0000000000 	 0.3905045109 	 3.3437586462 	 0.0001625276 	 0.0000018325 
213.5000000000 	 0.3888168747 	 3.3397315304 	 0.0001621237 	 0.0000018366 
214.0000000000 	 0.3871321460 	 3.3357037355 	 0.0001617206 	 0.0000018407 
214.5000000000 	 0.3854503377 	 3.3316750765 	 0.0001613182 	 0.0000018447 
215.0000000000 	 0.3837714624 	 3.3276453750 	 0.0001609165 	 0.0000018487 
215.5000000000 	 0.3820955325 	 3.3236144592 	 0.0001605155 	 0.0000018527 
216.0000000000 	 0.3804225606 	 3.3195821637 	 0.0001601152 	 0.0000018567 
216.5000000000 	 0.3787525587 	 3.3155483295 	 0.0001597156 	 0.0000018606 
217.0000000000 	 0.3770855392 	 3.3115128040 	 0.0001593167 	 0.0000018645 
217.5000000000 	 0.3754215139 	 3.3074754407 	 0.0001589186 	 0.0000018684 
218.0000000000 	 0.3737604947 	 3.3034360993 	 0.0001585211 	 0.0000018722 
218.5000000000 	 0.3721024934 	 3.2993946457 	 0.0001581244 	 0.0000018761 
219.0000000000 	 0.3704475217 	 3.2953509518 	 0.0001577284 	 0.0000018799 
219.5000000000 	 0.3687955911 	 3.2913048955 	 0.0001573332 	 0.0000018836 
220.0000000000 	 0.3671467129 	 3.2872563605 	 0.0001569386 	 0.0000018874 
220.5000000000 	 0.3655008984 	 3.2832052365 	 0.0001565448 	 0.0000018911 
221.0000000000 	 0.3638581588 	 3.2791514189 	 0.0001561517 	 0.0000018948 
221.5000000000 	 0.3622185051 	 3.2750948088 	 0.0001557594 	 0.0000018985 
222.0000000000 	 0.3605819482 	 3.2710353128 	 0.0001553678 	 0.0000019021 
222.5000000000 	 0.3589484990 	 3.2669728433 	 0.0001549770 	 0.0000019058 
223.0000000000 	 0.3573181680 	 3.2629073180 	 0.0001545869 	 0.0000019094 
223.5000000000 	 0.3556909660 	 3.2588386600 	 0.0001541975 	 0.0000019129 
224.0000000000 	 0.3540669032 	 3.2547667978 	 0.0001538089 	 0.0000019165 
224.5000000000 	 0.3524459901 	 3.2506916654 	 0.0001534211 	 0.0000019200 
225.0000000000 	 0.3508282369 	 3.2466132015 	 0.0001530340 	 0.0000019235 
225.5000000000 	 0.3492136536 	 3.2425313504 	 0.0001526477 	 0.0000019270 
226.0000000000 	 0.3476022503 	 3.2384460612 	 0.0001522621 	 0.0000019304 
226.5000000000 	 0.3459940368 	 3.2343572881 	 0.0001518773 	 0.0000019339 
227.0000000000 	 0.3443890229 	 3.2302649900 	 0.0001514933 	 0.0000019373 
227.5000000000 	 0.3427872183 	 3.2261691311 	 0.0001511100 	 0.0000019406 
228.0000000000 	 0.3411886325 	 3.2220696798 	 0.0001507275 	 0.0000019440 
228.5000000000 	 0.3395932749 	 3.2179666095 	 0.0001503458 	 0.0000019473 
229.0000000000 	 0.3380011549 	 3.2138598984 	 0.0001499648 	 0.0000019506 
229.5000000000 	 0.3364122816 	 3.2097495288 	 0.0001495846 	 0.0000019539 
230.0000000000 	 0.3348266642 	 3.2056354879 	 0.0001492052 	 0.0000019571 
230.5000000000 	 0.3332443117 	 3.2015177670 	 0.0001488266 	 0.0000019604 
231.0000000000 	 0.3316652330 	 3.1973963620 	 0.0001484488 	 0.0000019636 
231.5000000000 	 0.3300894368 	 3.1932712728 	 0.0001480717 	 0.0000019667 
232.0000000000 	 0.3285169318 	 3.1891425037 	 0.0001476955 	 0.0000019699 
232.5000000000 	 0.3269477267 	 3.1850100630 	 0.0001473200 	 0.0000019730 
233.0000000000 	 0.3253818298 	 3.1808739632 	 0.0001469453 	 0.0000019761 
233.5000000000 	 0.3238192495 	 3.1767342205 	 0.0001465714 	 0.0000019792 
234.0000000000 	 0.3222599942 	 3.1725908553 	 0.0001461983 	 0.0000019823 
234.5000000000 	 0.3207040719 	 3.1684438916 	 0.0001458261 	 0.0000019853 
235.0000000000 	 0.3191514907 	 3.1642933574 	 0.0001454546 	 0.0000019883 
235.5000000000 	 0.3176022585 	 3.1601392841 	 0.0001450839 	 0.0000019913 
236.0000000000 	 0.3160563833 	 3.1559817070 	 0.0001447140 	 0.0000019943 
236.5000000000 	 0.3145138728 	 3.1518206648 	 0.0001443449 	 0.0000019972 
237.0000000000 	 0.3129747346 	 3.1476561996 	 0.0001439766 	 0.0000020001 
237.5000000000 	 0.3114389763 	 3.1434883572 	 0.0001436091 	 0.0000020030 
238.0000000000 	 0.3099066053 	 3.1393171864 	 0.0001432425 	 0.0000020059 
238.5000000000 	 0.3083776290 	 3.1351427396 	 0.0001428766 	 0.0000020087 
239.0000000000 	 0.3068520546 	 3.1309650720 	 0.0001425116 	 0.0000020116 
239.5000000000 	 0.3053298893 	 3.1267842423 	 0.0001421474 	 0.0000020144 
240.0000000000 	 0.3038111403 	 3.1226003121 	 0.0001417840 	 0.0000020171 
240.5000000000 	 0.3022958143 	 3.1184133460 	 0.0001414214 	 0.0000020199 
241.0000000000 	 0.3007839184 	 3.1142234115 	 0.0001410597 	 0.0000020226 
241.5000000000 	 0.2992754593 	 3.1100305791 	 0.0001406987 	 0.0000020253 
242.0000000000 	 0.2977704437 	 3.1058349218 	 0.0001403386 	 0.0000020280 
242.5000000000 	 0.2962688781 	 3.1016365157 	 0.0001399793 	 0.0000020307 
243.0000000000 	 0.2947707691 	 3.0974354393 	 0.0001396209 	 0.0000020333 
243.5000000000 	 0.2932761231 	 3.0932317737 	 0.0001392632 	 0.0000020360 
244.0000000000 	 0.2917849464 	 3.0890256026 	 0.0001389064 	 0.0000020385 
244.5000000000 	 0.2902972452 	 3.0848170122 	 0.0001385505 	 0.0000020411 
245.0000000000 	 0.2888130257 	 3.0806060909 	 0.0001381953 	 0.0000020437 
245.5000000000 	 0.2873322939 	 3.0763929297 	 0.0001378410 	 0.0000020462 
246.0000000000 	 0.2858550557 	 3.0721776216 	 0.0001374876 	 0.0000020487 
246.5000000000 	 0.2843813170 	 3.0679602619 	 0.0001371349 	 0.0000020512 
247.0000000000 	 0.2829110836 	 3.0637409481 	 0.0001367831 	 0.0000020537 
247.5000000000 	 0.2814443611 	 3.0595197798 	 0.0001364322 	 0.0000020561 
248.0000000000 	 0.2799811553 	 3.0552968583 	 0.0001360821 	 0.0000020585 
248.5000000000 	 0.2785214715 	 3.0510722873 	 0.0001357328 	 0.0000020609 
249.0000000000 	 0.2770653152 	 3.0468461721 	 0.0001353844 	 0.0000020633 
249.5000000000 	 0.2756126917 	 3.0426186198 	 0.0001350368 	 0.0000020657 
250.0000000000 	 0.2741636064 	 3.0383897393 	 0.0001346901 	 0.0000020680 
250.5000000000 	 0.2727180643 	 3.0341596414 	 0.0001343442 	 0.0000020703 
251.0000000000 	 0.2712760705 	 3.0299284383 	 0.0001339992 	 0.0000020726 
251.5000000000 	 0.2698376301 	 3.0256962439 	 0.0001336550 	 0.0000020749 
252.0000000000 	 0.2684027479 	 3.0214631736 	 0.0001333117 	 0.0000020771 
252.5000000000 	 0.2669714289 	 3.0172293441 	 0.0001329692 	 0.0000020794 
253.0000000000 	 0.2655436777 	 3.0129948739 	 0.0001326275 	 0.0000020816 
253.5000000000 	 0.2641194990 	 3.0087598824 	 0.0001322868 	 0.0000020838 
254.0000000000 	 0.2626988974 	 3.0045244906 	 0.0001319469 	 0.0000020859 
254.5000000000 	 0.2612818774 	 3.0002888206 	 0.0001316078 	 0.0000020881 
255.0000000000 	 0.2598684434 	 2.9960529957 	 0.0001312696 	 0.0000020902 
255.5000000000 	 0.2584585999 	 2.9918171403 	 0.0001309323 	 0.0000020923 
256.0000000000 	 0.2570523509 	 2.9875813801 	 0.0001305958 	 0.0000020944 
256.5000000000 	 0.2556497008 	 2.9833458414 	 0.0001302602 	 0.0000020965 
257.0000000000 	 0.2542506536 	 2.9791106518 	 0.0001299254 	 0.0000020985 
257.5000000000 	 0.2528552134 	 2.9748759396 	 0.0001295915 	 0.0000021005 
258.0000000000 	 0.2514633842 	 2.9706418341 	 0.0001292585 	 0.0000021025 
258.5000000000 	 0.2500751697 	 2.9664084654 	 0.0001289263 	 0.0000021045 
259.0000000000 	 0.2486905738 	 2.9621759642 	 0.0001285950 	 0.0000021065 
259.5000000000 	 0.2473096002 	 2.9579444621 	 0.0001282646 	 0.0000021084 
260.0000000000 	 0.2459322526 	 2.9537140911 	 0.0001279350 	 0.0000021104 
260.5000000000 	 0.2445585346 	 2.9494849841 	 0.0001276063 	 0.0000021123 
261.0000000000 	 0.2431884495 	 2.9452572744 	 0.0001272785 	 0.0000021142 
261.5000000000 	 0.2418220009 	 2.9410310958 	 0.0001269515 	 0.0000021160 
262.0000000000 	 0.2404591922 	 2.9368065824 	 0.0001266255 	 0.0000021179 
262.5000000000 	 0.2391000265 	 2.9325838691 	 0.0001263002 	 0.0000021197 
263.0000000000 	 0.2377445071 	 2.9283630908 	 0.0001259759 	 0.0000021215 
263.5000000000 	 0.2363926371 	 2.9241443829 	 0.0001256524 	 0.0000021233 
264.0000000000 	 0.2350444195 	 2.9199278810 	 0.0001253298 	 0.0000021251 
264.5000000000 	 0.2336998574 	 2.9157137210 	 0.0001250081 	 0.0000021269 
265.0000000000 	 0.2323589537 	 2.9115020388 	 0.0001246873 	 0.0000021286 
265.5000000000 	 0.2310217112 	 2.9072929706 	 0.0001243673 	 0.0000021303 
266.0000000000 	 0.2296881327 	 2.9030866527 	 0.0001240482 	 0.0000021320 
266.5000000000 	 0.2283582208 	 2.8988832215 	 0.0001237300 	 0.0000021337 
267.0000000000 	 0.2270319783 	 2.8946828131 	 0.0001234127 	 0.0000021354 
267.5000000000 	 0.2257094076 	 2.8904855639 	 0.0001230962 	 0.0000021370 
268.0000000000 	 0.2243905113 	 2.8862916100 	 0.0001227806 	 0.0000021387 
268.5000000000 	 0.2230752918 	 2.8821010877 	 0.0001224659 	 0.0000021403 
269.0000000000 	 0.2217637515 	 2.8779141328 	 0.0001221521 	 0.0000021419 
269.5000000000 	 0.2204558926 	 2.8737308810 	 0.0001218392 	 0.0000021435 
270.0000000000 	 0.2191517174 	 2.8695514679 	 0.0001215271 	 0.0000021450 
270.5000000000 	 0.2178512281 	 2.8653760288 	 0.0001212159 	 0.0000021466 
271.0000000000 	 0.2165544266 	 2.8612046985 	 0.0001209056 	 0.0000021481 
271.5000000000 	 0.2152613151 	 2.8570376117 	 0.0001205962 	 0.0000021496 
272.0000000000 	 0.2139718955 	 2.8528749026 	 0.0001202877 	 0.0000021511 
272.5000000000 	 0.2126861697 	 2.8487167051 	 0.0001199801 	 0.0000021525 
273.0000000000 	 0.2114041395 	 2.8445631524 	 0.0001196733 	 0.0000021540 
273.5000000000 	 0.2101258068 	 2.8404143776 	 0.0001193674 	 0.0000021554 
274.0000000000 	 0.2088511731 	 2.8362705128 	 0.0001190624 	 0.0000021569 
274.5000000000 	 0.2075802401 	 2.8321316901 	 0.0001187583 	 0.0000021583 
275.0000000000 	 0.2063130095 	 2.8279980406 	 0.0001184551 	 0.0000021597 
275.5000000000 	 0.2050494826 	 2.8238696949 	 0.0001181528 	 0.0000021610 
276.0000000000 	 0.2037896611 	 2.8197467831 	 0.0001178514 	 0.0000021624 
276.5000000000 	 0.2025335462 	 2.8156294345 	 0.0001175508 	 0.0000021637 
277.0000000000 	 0.2012811392 	 2.8115177776 	 0.0001172511 	 0.0000021650 
277.5000000000 	 0.2000324415 	 2.8074119405 	 0.0001169523 	 0.0000021663 
278.0000000000 	 0.1987874542 	 2.8033120501 	 0.0001166544 	 0.0000021676 
278.5000000000 	 0.1975461786 	 2.7992182329 	 0.0001163574 	 0.0000021689 
279.0000000000 	 0.1963086155 	 2.7951306143 	 0.0001160613 	 0.0000021702 
279.5000000000 	 0.1950747662 	 2.7910493191 	 0.0001157661 	 0.0000021714 
280.0000000000 	 0.1938446315 	 2.7869744711 	 0.0001154718 	 0.0000021726 
280.5000000000 	 0.1926182124 	 2.7829061931 	 0.0001151783 	 0.0000021738 
281.0000000000 	 0.1913955096 	 2.7788446072 	 0.0001148857 	 0.0000021750 
281.5000000000 	 0.1901765241 	 2.7747898344 	 0.0001145941 	 0.0000021762 
282.0000000000 	 0.1889612564 	 2.7707419949 	 0.0001143033 	 0.0000021774 
282.5000000000 	 0.1877497073 	 2.7667012077 	 0.0001140134 	 0.0000021785 
283.0000000000 	 0.1865418774 	 2.7626675909 	 0.0001137244 	 0.0000021797 
283.5000000000 	 0.1853377672 	 2.7586412615 	 0.0001134363 	 0.0000021808 
284.0000000000 	 0.1841373773 	 2.7546223356 	 0.0001131491 	 0.0000021819 
284.5000000000 	 0.1829407080 	 2.7506109281 	 0.0001128627 	 0.0000021830 
285.0000000000 	 0.1817477598 	 2.7466071528 	 0.0001125773 	 0.0000021840 
285.5000000000 	 0.1805585330 	 2.7426111223 	 0.0001122927 	 0.0000021851 
286.0000000000 	 0.1793730279 	 2.7386229483 	 0.0001120091 	 0.0000021861 
286.5000000000 	 0.1781912446 	 2.7346427411 	 0.0001117263 	 0.0000021872 
287.0000000000 	 0.1770131833 	 2.7306706100 	 0.0001114444 	 0.0000021882 
287.5000000000 	 0.1758388442 	 2.7267066630 	 0.0001111634 	 0.0000021892 
288.0000000000 	 0.1746682274 	 2.7227510069 	 0.0001108833 	 0.0000021902 
288.5000000000 	 0.1735013327 	 2.7188037473 	 0.0001106041 	 0.0000021911 
289.0000000000 	 0.1723381601 	 2.7148649887 	 0.0001103258 	 0.0000021921 
289.5000000000 	 0.1711787096 	 2.7109348340 	 0.0001100484 	 0.0000021930 
290.0000000000 	 0.1700229810 	 2.7070133851 	 0.0001097718 	 0.0000021940 
290.5000000000 	 0.1688709741 	 2.7031007426 	 0.0001094962 	 0.0000021949 
291.0000000000 	 0.1677226885 	 2.6991970057 	 0.0001092214 	 0.0000021958 
291.5000000000 	 0.1665781240 	 2.6953022722 	 0.0001089476 	 0.0000021966 
292.0000000000 	 0.1654372803 	 2.6914166389 	 0.0001086746 	 0.0000021975 
292.5000000000 	 0.1643001568 	 2.6875402010 	 0.0001084025 	 0.0000021984 
293.0000000000 	 0.1631667531 	 2.6836730522 	 0.0001081313 	 0.0000021992 
293.5000000000 	 0.1620370688 	 2.6798152853 	 0.0001078610 	 0.0000022000 
294.0000000000 	 0.1609111031 	 2.6759669914 	 0.0001075916 	 0.0000022009 
294.5000000000 	 0.1597888556 	 2.6721282601 	 0.0001073231 	 0.0000022017 
295.0000000000 	 0.1586703255 	 2.6682991800 	 0.0001070554 	 0.0000022025 
295.5000000000 	 0.1575555121 	 2.6644798380 	 0.0001067887 	 0.0000022032 
296.0000000000 	 0.1564444145 	 2.6606703197 	 0.0001065228 	 0.0000022040 
296.5000000000 	 0.1553370321 	 2.6568707091 	 0.0001062578 	 0.0000022047 
297.0000000000 	 0.1542333639 	 2.6530810890 	 0.0001059938 	 0.0000022055 
297.5000000000 	 0.1531334091 	 2.6493015408 	 0.0001057306 	 0.0000022062 
298.0000000000 	 0.1520371665 	 2.6455321441 	 0.0001054683 	 0.0000022069 
298.5000000000 	 0.1509446353 	 2.6417729774 	 0.0001052069 	 0.0000022076 
299.0000000000 	 0.1498558143 	 2.6380241177 	 0.0001049463 	 0.0000022083 
299.5000000000 	 0.1487707024 	 2.6342856402 	 0.0001046867 	 0.0000022090 
300.0000000000 	 0.1476892985 	 2.6305576192 	 0.0001044279 	 0.0000022096 
300.5000000000 	 0.1466116014 	 2.6268401270 	 0.0001041701 	 0.0000022103 
301.0000000000 	 0.1455376098 	 2.6231332346 	 0.0001039131 	 0.0000022109 
301.5000000000 	 0.1444673224 	 2.6194370117 	 0.0001036570 	 0.0000022115 
302.0000000000 	 0.1434007378 	 2.6157515263 	 0.0001034018 	 0.0000022121 
302.5000000000 	 0.1423378547 	 2.6120768450 	 0.0001031475 	 0.0000022127 
303.0000000000 	 0.1412786716 	 2.6084130328 	 0.0001028940 	 0.0000022133 
303.5000000000 	 0.1402231871 	 2.6047601534 	 0.0001026415 	 0.0000022139 
304.0000000000 	 0.1391713996 	 2.6011182687 	 0.0001023898 	 0.0000022145 
304.5000000000 	 0.1381233075 	 2.5974874395 	 0.0001021390 	 0.0000022150 
305.0000000000 	 0.1370789092 	 2.5938677248 	 0.0001018891 	 0.0000022155 
305.5000000000 	 0.1360382030 	 2.5902591821 	 0.0001016401 	 0.0000022161 
306.0000000000 	 0.1350011873 	 2.5866618677 	 0.0001013920 	 0.0000022166 
306.5000000000 	 0.1339678603 	 2.5830758359 	 0.0001011447 	 0.0000022171 
307.0000000000 	 0.1329382201 	 2.5795011401 	 0.0001008984 	 0.0000022176 
307.5000000000 	 0.1319122650 	 2.5759378316 	 0.0001006529 	 0.0000022181 
308.0000000000 	 0.1308899930 	 2.5723859606 	 0.0001004083 	 0.0000022185 
308.5000000000 	 0.1298714022 	 2.5688455758 	 0.0001001646 	 0.0000022190 
309.0000000000 	 0.1288564907 	 2.5653167240 	 0.0000999217 	 0.0000022194 
309.5000000000 	 0.1278452565 	 2.5617994511 	 0.0000996798 	 0.0000022198 
310.0000000000 	 0.1268376974 	 2.5582938010 	 0.0000994387 	 0.0000022203 
310.5000000000 	 0.1258338113 	 2.5547998164 	 0.0000991985 	 0.0000022207 
311.0000000000 	 0.1248335963 	 2.5513175384 	 0.0000989591 	 0.0000022211 
311.5000000000 	 0.1238370499 	 2.5478470066 	 0.0000987207 	 0.0000022215 
312.0000000000 	 0.1228441702 	 2.5443882592 	 0.0000984831 	 0.0000022218 
312.5000000000 	 0.1218549546 	 2.5409413329 	 0.0000982464 	 0.0000022222 
313.0000000000 	 0.1208694011 	 2.5375062629 	 0.0000980106 	 0.0000022226 
313.5000000000 	 0.1198875071 	 2.5340830829 	 0.0000977757 	 0.0000022229 
314.0000000000 	 0.1189092704 	 2.5306718253 	 0.0000975416 	 0.0000022232 
314.5000000000 	 0.1179346884 	 2.5272725207 	 0.0000973084 	 0.0000022236 
315.0000000000 	 0.1169637588 	 2.5238851987 	 0.0000970761 	 0.0000022239 
315.5000000000 	 0.1159964790 	 2.5205098871 	 0.0000968446 	 0.0000022242 
316.0000000000 	 0.1150328464 	 2.5171466125 	 0.0000966141 	 0.0000022245 
316.5000000000 	 0.1140728585 	 2.5137953998 	 0.0000963844 	 0.0000022247 
317.0000000000 	 0.1131165127 	 2.5104562727 	 0.0000961555 	 0.0000022250 
317.5000000000 	 0.1121638063 	 2.5071292534 	 0.0000959276 	 0.0000022253 
318.0000000000 	 0.1112147365 	 2.5038143628 	 0.0000957005 	 0.0000022255 
318.5000000000 	 0.1102693006 	 2.5005116201 	 0.0000954743 	 0.0000022258 
319.0000000000 	 0.1093274959 	 2.4972210434 	 0.0000952489 	 0.0000022260 
319.5000000000 	 0.1083893195 	 2.4939426492 	 0.0000950244 	 0.0000022262 
320.0000000000 	 0.1074547686 	 2.4906764529 	 0.0000948008 	 0.0000022264 
320.5000000000 	 0.1065238403 	 2.4874224681 	 0.0000945781 	 0.0000022266 
321.0000000000 	 0.1055965315 	 2.4841807075 	 0.0000943562 	 0.0000022268 
321.5000000000 	 0.1046728394 	 2.4809511820 	 0.0000941352 	 0.0000022270 
322.0000000000 	 0.1037527610 	 2.4777339015 	 0.0000939150 	 0.0000022271 
322.5000000000 	 0.1028362931 	 2.4745288744 	 0.0000936957 	 0.0000022273 
323.0000000000 	 0.1019234328 	 2.4713361078 	 0.0000934773 	 0.0000022274 
323.5000000000 	 0.1010141768 	 2.4681556075 	 0.0000932597 	 0.0000022276 
324.0000000000 	 0.1001085221 	 2.4649873779 	 0.0000930430 	 0.0000022277 
324.5000000000 	 0.0992064654 	 2.4618314221 	 0.0000928272 	 0.0000022278 
325.0000000000 	 0.0983080035 	 2.4586877421 	 0.0000926122 	 0.0000022279 
325.5000000000 	 0.0974131331 	 2.4555563385 	 0.0000923981 	 0.0000022280 
326.0000000000 	 0.0965218510 	 2.4524372105 	 0.0000921848 	 0.0000022281 
326.5000000000 	 0.0956341537 	 2.4493303562 	 0.0000919724 	 0.0000022282 
327.0000000000 	 0.0947500380 	 2.4462357725 	 0.0000917609 	 0.0000022283 
327.5000000000 	 0.0938695004 	 2.4431534548 	 0.0000915502 	 0.0000022283 
328.0000000000 	 0.0929925374 	 2.4400833976 	 0.0000913404 	 0.0000022284 
328.5000000000 	 0.0921191456 	 2.4370255940 	 0.0000911314 	 0.0000022284 
329.0000000000 	 0.0912493215 	 2.4339800358 	 0.0000909233 	 0.0000022285 
329.5000000000 	 0.0903830615 	 2.4309467139 	 0.0000907160 	 0.0000022285 
330.0000000000 	 0.0895203621 	 2.4279256177 	 0.0000905096 	 0.0000022285 
330.5000000000 	 0.0886612196 	 2.4249167356 	 0.0000903040 	 0.0000022285 
331.0000000000 	 0.0878056303 	 2.4219200549 	 0.0000900993 	 0.0000022285 
331.5000000000 	 0.0869535907 	 2.4189355616 	 0.0000898954 	 0.0000022285 
332.0000000000 	 0.0861050969 	 2.4159632407 	 0.0000896924 	 0.0000022285 
332.5000000000 	 0.0852601452 	 2.4130030760 	 0.0000894902 	 0.0000022285 
333.0000000000 	 0.0844187319 	 2.4100550502 	 0.0000892889 	 0.0000022284 
333.5000000000 	 0.0835808530 	 2.4071191448 	 0.0000890884 	 0.0000022284 
334.0000000000 	 0.0827465049 	 2.4041953405 	 0.0000888887 	 0.0000022283 
334.5000000000 	 0.0819156835 	 2.4012836166 	 0.0000886900 	 0.0000022283 
335.0000000000 	 0.0810883850 	 2.3983839517 	 0.0000884920 	 0.0000022282 
335.5000000000 	 0.0802646053 	 2.3954963229 	 0.0000882949 	 0.0000022281 
336.0000000000 	 0.0794443407 	 2.3926207067 	 0.0000880986 	 0.0000022280 
336.5000000000 	 0.0786275869 	 2.3897570783 	 0.0000879032 	 0.0000022279 
337.0000000000 	 0.0778143400 	 2.3869054121 	 0.0000877086 	 0.0000022278 
337.5000000000 	 0.0770045960 	 2.3840656813 	 0.0000875149 	 0.0000022277 
338.0000000000 	 0.0761983506 	 2.3812378582 	 0.0000873219 	 0.0000022276 
338.5000000000 	 0.0753955998 	 2.3784219141 	 0.0000871299 	 0.0000022275 
339.0000000000 	 0.0745963393 	 2.3756178196 	 0.0000869386 	 0.0000022273 
339.5000000000 	 0.0738005651 	 2.3728255440 	 0.0000867482 	 0.0000022272 
340.0000000000 	 0.0730082727 	 2.3700450559 	 0.0000865586 	 0.0000022270 
340.5000000000 	 0.0722194581 	 2.3672763228 	 0.0000863699 	 0.0000022268 
341.0000000000 	 0.0714341169 	 2.3645193115 	 0.0000861820 	 0.0000022267 
341.5000000000 	 0.0706522447 	 2.3617739878 	 0.0000859949 	 0.0000022265 
342.0000000000 	 0.0698738373 	 2.3590403167 	 0.0000858086 	 0.0000022263 
342.5000000000 	 0.0690988902 	 2.3563182622 	 0.0000856232 	 0.0000022261 
343.0000000000 	 0.0683273990 	 2.3536077876 	 0.0000854386 	 0.0000022259 
343.5000000000 	 0.0675593593 	 2.3509088554 	 0.0000852548 	 0.0000022257 
344.0000000000 	 0.0667947665 	 2.3482214270 	 0.0000850719 	 0.0000022255 
344.5000000000 	 0.0660336163 	 2.3455454634 	 0.0000848898 	 0.0000022252 
345.0000000000 	 0.0652759041 	 2.3428809245 	 0.0000847085 	 0.0000022250 
345.5000000000 	 0.0645216252 	 2.3402277696 	 0.0000845280 	 0.0000022248 
346.0000000000 	 0.0637707752 	 2.3375859571 	 0.0000843483 	 0.0000022245 
346.5000000000 	 0.0630233494 	 2.3349554447 	 0.0000841695 	 0.0000022243 
347.0000000000 	 0.0622793431 	 2.3323361894 	 0.0000839915 	 0.0000022240 
347.5000000000 	 0.0615387517 	 2.3297281475 	 0.0000838143 	 0.0000022237 
348.0000000000 	 0.0608015705 	 2.3271312745 	 0.0000836379 	 0.0000022234 
348.5000000000 	 0.0600677948 	 2.3245455253 	 0.0000834623 	 0.0000022232 
349.0000000000 	 0.0593374197 	 2.3219708541 	 0.0000832875 	 0.0000022229 
349.5000000000 	 0.0586104405 	 2.3194072144 	 0.0000831136 	 0.0000022226 
350.0000000000 	 0.0578868524 	 2.3168545590 	 0.0000829405 	 0.0000022222 
350.5000000000 	 0.0571666505 	 2.3143128401 	 0.0000827681 	 0.0000022219 
351.0000000000 	 0.0564498300 	 2.3117820095 	 0.0000825966 	 0.0000022216 
351.5000000000 	 0.0557363860 	 2.3092620180 	 0.0000824259 	 0.0000022213 
352.0000000000 	 0.0550263135 	 2.3067528160 	 0.0000822560 	 0.0000022209 
352.5000000000 	 0.0543196077 	 2.3042543534 	 0.0000820869 	 0.0000022206 
353.0000000000 	 0.0536162634 	 2.3017665793 	 0.0000819186 	 0.0000022202 
353.5000000000 	 0.0529162758 	 2.2992894425 	 0.0000817511 	 0.0000022199 
354.0000000000 	 0.0522196397 	 2.2968228911 	 0.0000815844 	 0.0000022195 
354.5000000000 	 0.0515263502 	 2.2943668728 	 0.0000814185 	 0.0000022191 
355.0000000000 	 0.0508364022 	 2.2919213345 	 0.0000812535 	 0.0000022187 
355.5000000000 	 0.0501497904 	 2.2894862229 	 0.0000810892 	 0.0000022183 
356.0000000000 	 0.0494665099 	 2.2870614841 	 0.0000809257 	 0.0000022179 
356.5000000000 	 0.0487865555 	 2.2846470637 	 0.0000807630 	 0.0000022175 
357.0000000000 	 0.0481099219 	 2.2822429068 	 0.0000806011 	 0.0000022171 
357.5000000000 	 0.0474366039 	 2.2798489583 	 0.0000804400 	 0.0000022167 
358.0000000000 	 0.0467665963 	 2.2774651623 	 0.0000802797 	 0.0000022163 
358.5000000000 	 0.0460998940 	 2.2750914627 	 0.0000801201 	 0.0000022159 
359.0000000000 	 0.0454364914 	 2.2727278030 	 0.0000799614 	 0.0000022154 
359.5000000000 	 0.0447763835 	 2.2703741261 	 0.0000798034 	 0.0000022150 
360.0000000000 	 0.0441195647 	 2.2680303749 	 0.0000796463 	 0.0000022145 
360.5000000000 	 0.0434660298 	 2.2656964914 	 0.0000794899 	 0.0000022141 
361.0000000000 	 0.0428157734 	 2.2633724178 	 0.0000793343 	 0.0000022136 
361.5000000000 	 0.0421687901 	 2.2610580955 	 0.0000791795 	 0.0000022131 
362.0000000000 	 0.0415250744 	 2.2587534659 	 0.0000790255 	 0.0000022126 
362.5000000000 	 0.0408846209 	 2.2564584698 	 0.0000788722 	 0.0000022122 
363.0000000000 	 0.0402474241 	 2.2541730478 	 0.0000787198 	 0.0000022117 
363.5000000000 	 0.0396134785 	 2.2518971404 	 0.0000785681 	 0.0000022112 
364.0000000000 	 0.0389827786 	 2.2496306875 	 0.0000784172 	 0.0000022107 
364.5000000000 	 0.0383553187 	 2.2473736290 	 0.0000782670 	 0.0000022102 
365.0000000000 	 0.0377310935 	 2.2451259043 	 0.0000781177 	 0.0000022096 
365.5000000000 	 0.0371100972 	 2.2428874526 	 0.0000779691 	 0.0000022091 
366.0000000000 	 0.0364923242 	 2.2406582132 	 0.0000778213 	 0.0000022086 
366.5000000000 	 0.0358777689 	 2.2384381246 	 0.0000776742 	 0.0000022081 
367.0000000000 	 0.0352664257 	 2.2362271256 	 0.0000775280 	 0.0000022075 
367.5000000000 	 0.0346582888 	 2.2340251546 	 0.0000773824 	 0.0000022070 
368.0000000000 	 0.0340533525 	 2.2318321497 	 0.0000772377 	 0.0000022064 
368.5000000000 	 0.0334516111 	 2.2296480490 	 0.0000770937 	 0.0000022058 
369.0000000000 	 0.0328530589 	 2.2274727903 	 0.0000769505 	 0.0000022053 
369.5000000000 	 0.0322576901 	 2.2253063114 	 0.0000768080 	 0.0000022047 
370.0000000000 	 0.0316654988 	 2.2231485499 	 0.0000766663 	 0.0000022041 
370.5000000000 	 0.0310764793 	 2.2209994431 	 0.0000765254 	 0.0000022035 
371.0000000000 	 0.0304906258 	 2.2188589284 	 0.0000763852 	 0.0000022029 
371.5000000000 	 0.0299079322 	 2.2167269431 	 0.0000762458 	 0.0000022023 
372.0000000000 	 0.0293283929 	 2.2146034241 	 0.0000761071 	 0.0000022017 
372.5000000000 	 0.0287520019 	 2.2124883087 	 0.0000759692 	 0.0000022011 
373.0000000000 	 0.0281787532 	 2.2103815336 	 0.0000758320 	 0.0000022005 
373.5000000000 	 0.0276086409 	 2.2082830357 	 0.0000756956 	 0.0000021999 
374.0000000000 	 0.0270416590 	 2.2061927520 	 0.0000755600 	 0.0000021993 
374.5000000000 	 0.0264778017 	 2.2041106192 	 0.0000754251 	 0.0000021986 
375.0000000000 	 0.0259170627 	 2.2020365740 	 0.0000752909 	 0.0000021980 
375.5000000000 	 0.0253594363 	 2.1999705531 	 0.0000751575 	 0.0000021973 
376.0000000000 	 0.0248049162 	 2.1979124932 	 0.0000750248 	 0.0000021967 
376.5000000000 	 0.0242534964 	 2.1958623311 	 0.0000748928 	 0.0000021960 
377.0000000000 	 0.0237051708 	 2.1938200034 	 0.0000747616 	 0.0000021954 
377.5000000000 	 0.0231599334 	 2.1917854468 	 0.0000746312 	 0.0000021947 
378.0000000000 	 0.0226177780 	 2.1897585981 	 0.0000745014 	 0.0000021940 
378.5000000000 	 0.0220786984 	 2.1877393940 	 0.0000743725 	 0.0000021933 
379.0000000000 	 0.0215426886 	 2.1857277714 	 0.0000742442 	 0.0000021927 
379.5000000000 	 0.0210097422 	 2.1837236670 	 0.0000741167 	 0.0000021920 
380.0000000000 	 0.0204798532 	 2.1817270179 	 0.0000739899 	 0.0000021913 
380.5000000000 	 0.0199530153 	 2.1797377609 	 0.0000738638 	 0.0000021906 
381.0000000000 	 0.0194292223 	 2.1777558332 	 0.0000737385 	 0.0000021899 
381.5000000000 	 0.0189084678 	 2.1757811720 	 0.0000736139 	 0.0000021891 
382.0000000000 	 0.0183907457 	 2.1738137143 	 0.0000734900 	 0.0000021884 
382.5000000000 	 0.0178760496 	 2.1718533977 	 0.0000733669 	 0.0000021877 
383.0000000000 	 0.0173643733 	 2.1699001595 	 0.0000732444 	 0.0000021870 
383.5000000000 	 0.0168557103 	 2.1679539373 	 0.0000731227 	 0.0000021862 
384.0000000000 	 0.0163500544 	 2.1660146688 	 0.0000730017 	 0.0000021855 
384.5000000000 	 0.0158473992 	 2.1640822920 	 0.0000728815 	 0.0000021847 
385.0000000000 	 0.0153477383 	 2.1621567446 	 0.0000727619 	 0.0000021840 
385.5000000000 	 0.0148510654 	 2.1602379650 	 0.0000726431 	 0.0000021832 
386.0000000000 	 0.0143573739 	 2.1583258913 	 0.0000725249 	 0.0000021825 
386.5000000000 	 0.0138666574 	 2.1564204621 	 0.0000724075 	 0.0000021817 
387.0000000000 	 0.0133789096 	 2.1545216159 	 0.0000722908 	 0.0000021809 
387.5000000000 	 0.0128941240 	 2.1526292917 	 0.0000721748 	 0.0000021802 
388.0000000000 	 0.0124122940 	 2.1507434283 	 0.0000720595 	 0.0000021794 
388.5000000000 	 0.0119334131 	 2.1488639650 	 0.0000719449 	 0.0000021786 
389.0000000000 	 0.0114574749 	 2.1469908412 	 0.0000718311 	 0.0000021778 
389.5000000000 	 0.0109844728 	 2.1451239964 	 0.0000717179 	 0.0000021770 
390.0000000000 	 0.0105144003 	 2.1432633706 	 0.0000716054 	 0.0000021762 
390.5000000000 	 0.0100472508 	 2.1414089038 	 0.0000714936 	 0.0000021754 
391.0000000000 	 0.0095830177 	 2.1395605362 	 0.0000713826 	 0.0000021746 
391.5000000000 	 0.0091216944 	 2.1377182083 	 0.0000712722 	 0.0000021737 
392.0000000000 	 0.0086632743 	 2.1358818610 	 0.0000711625 	 0.0000021729 
392.5000000000 	 0.0082077509 	 2.1340514351 	 0.0000710535 	 0.0000021721 
393.0000000000 	 0.0077551173 	 2.1322268720 	 0.0000709452 	 0.0000021712 
393.5000000000 	 0.0073053671 	 2.1304081131 	 0.0000708376 	 0.0000021704 
394.0000000000 	 0.0068584935 	 2.1285951002 	 0.0000707306 	 0.0000021696 
394.5000000000 	 0.0064144898 	 2.1267877755 	 0.0000706244 	 0.0000021687 
395.0000000000 	 0.0059733493 	 2.1249860810 	 0.0000705189 	 0.0000021679 
395.5000000000 	 0.0055350653 	 2.1231899596 	 0.0000704140 	 0.0000021670 
396.0000000000 	 0.0050996311 	 2.1213993541 	 0.0000703098 	 0.0000021661 
396.5000000000 	 0.0046670399 	 2.1196142076 	 0.0000702063 	 0.0000021653 
397.0000000000 	 0.0042372851 	 2.1178344636 	 0.0000701035 	 0.0000021644 
397.5000000000 	 0.0038103597 	 2.1160600659 	 0.0000700013 	 0.0000021635 
398.0000000000 	 0.0033862570 	 2.1142909585 	 0.0000698998 	 0.0000021626 
398.5000000000 	 0.0029649702 	 2.1125270859 	 0.0000697990 	 0.0000021617 
399.0000000000 	 0.0025464925 	 2.1107683928 	 0.0000696989 	 0.0000021608 
399.5000000000 	 0.0021308171 	 2.1090148242 	 0.0000695994 	 0.0000021599 
400.0000000000 	 0.0017179371 	 2.1072663254 	 0.0000695006 	 0.0000021590 
400.5000000000 	 0.0013078457 	 2.1055228421 	 0.0000694025 	 0.0000021581 
401.0000000000 	 0.0009005360 	 2.1037843204 	 0.0000693051 	 0.0000021572 
401.5000000000 	 0.0004960011 	 2.1020507065 	 0.0000692083 	 0.0000021563 
402.0000000000 	 0.0000942342 	 2.1003219472 	 0.0000691121 	 0.0000021554 
402.5000000000 	 -0.0003047718 	 2.0985979894 	 0.0000690167 	 0.0000021545 
403.0000000000 	 -0.0007010236 	 2.0968787806 	 0.0000689218 	 0.0000021535 
403.5000000000 	 -0.0010945283 	 2.0951642685 	 0.0000688277 	 0.0000021526 
404.0000000000 	 -0.0014852928 	 2.0934544011 	 0.0000687342 	 0.0000021517 
404.5000000000 	 -0.0018733239 	 2.0917491269 	 0.0000686413 	 0.0000021507 
405.0000000000 	 -0.0022586288 	 2.0900483947 	 0.0000685491 	 0.0000021498 
405.5000000000 	 -0.0026412144 	 2.0883521537 	 0.0000684576 	 0.0000021488 
406.0000000000 	 -0.0030210876 	 2.0866603533 	 0.0000683667 	 0.0000021479 
406.5000000000 	 -0.0033982555 	 2.0849729435 	 0.0000682765 	 0.0000021469 
407.0000000000 	 -0.0037727252 	 2.0832898746 	 0.0000681869 	 0.0000021459 
407.5000000000 	 -0.0041445035 	 2.0816110972 	 0.0000680979 	 0.0000021450 
408.0000000000 	 -0.0045135975 	 2.0799365623 	 0.0000680096 	 0.0000021440 
408.5000000000 	 -0.0048800144 	 2.0782662213 	 0.0000679219 	 0.0000021430 
409.0000000000 	 -0.0052437612 	 2.0766000260 	 0.0000678349 	 0.0000021420 
409.5000000000 	 -0.0056048448 	 2.0749379286 	 0.0000677485 	 0.0000021410 
410.0000000000 	 -0.0059632725 	 2.0732798817 	 0.0000676627 	 0.0000021400 
410.5000000000 	 -0.0063190513 	 2.0716258381 	 0.0000675776 	 0.0000021390 
411.0000000000 	 -0.0066721883 	 2.0699757513 	 0.0000674931 	 0.0000021380 
411.5000000000 	 -0.0070226907 	 2.0683295750 	 0.0000674092 	 0.0000021370 
412.0000000000 	 -0.0073705654 	 2.0666872632 	 0.0000673260 	 0.0000021360 
412.5000000000 	 -0.0077158198 	 2.0650487705 	 0.0000672434 	 0.0000021350 
413.0000000000 	 -0.0080584608 	 2.0634140519 	 0.0000671614 	 0.0000021340 
413.5000000000 	 -0.0083984958 	 2.0617830626 	 0.0000670800 	 0.0000021330 
414.0000000000 	 -0.0087359317 	 2.0601557584 	 0.0000669993 	 0.0000021319 
414.5000000000 	 -0.0090707759 	 2.0585320955 	 0.0000669192 	 0.0000021309 
415.0000000000 	 -0.0094030355 	 2.0569120302 	 0.0000668397 	 0.0000021299 
415.5000000000 	 -0.0097327176 	 2.0552955196 	 0.0000667608 	 0.0000021288 
416.0000000000 	 -0.0100598295 	 2.0536825210 	 0.0000666825 	 0.0000021278 
416.5000000000 	 -0.0103843784 	 2.0520729921 	 0.0000666049 	 0.0000021267 
417.0000000000 	 -0.0107063715 	 2.0504668911 	 0.0000665278 	 0.0000021257 
417.5000000000 	 -0.0110258160 	 2.0488641766 	 0.0000664514 	 0.0000021246 
418.0000000000 	 -0.0113427192 	 2.0472648075 	 0.0000663755 	 0.0000021236 
418.5000000000 	 -0.0116570883 	 2.0456687432 	 0.0000663003 	 0.0000021225 
419.0000000000 	 -0.0119689306 	 2.0440759435 	 0.0000662257 	 0.0000021214 
419.5000000000 	 -0.0122782532 	 2.0424863686 	 0.0000661517 	 0.0000021204 
420.0000000000 	 -0.0125850636 	 2.0408999791 	 0.0000660783 	 0.0000021193 
420.5000000000 	 -0.0128893689 	 2.0393167360 	 0.0000660055 	 0.0000021182 
421.0000000000 	 -0.0131911764 	 2.0377366007 	 0.0000659333 	 0.0000021171 
421.5000000000 	 -0.0134904935 	 2.0361595352 	 0.0000658616 	 0.0000021160 
422.0000000000 	 -0.0137873274 	 2.0345855016 	 0.0000657906 	 0.0000021150 
422.5000000000 	 -0.0140816854 	 2.0330144627 	 0.0000657202 	 0.0000021139 
423.0000000000 	 -0.0143735749 	 2.0314463815 	 0.0000656503 	 0.0000021128 
423.5000000000 	 -0.0146630031 	 2.0298812214 	 0.0000655811 	 0.0000021117 
424.0000000000 	 -0.0149499774 	 2.0283189465 	 0.0000655124 	 0.0000021105 
424.5000000000 	 -0.0152345052 	 2.0267595210 	 0.0000654443 	 0.0000021094 
425.0000000000 	 -0.0155165938 	 2.0252029096 	 0.0000653768 	 0.0000021083 
425.5000000000 	 -0.0157962504 	 2.0236490775 	 0.0000653099 	 0.0000021072 
426.0000000000 	 -0.0160734825 	 2.0220979902 	 0.0000652436 	 0.0000021061 
426.5000000000 	 -0.0163482975 	 2.0205496137 	 0.0000651778 	 0.0000021050 
427.0000000000 	 -0.0166207027 	 2.0190039142 	 0.0000651127 	 0.0000021038 
427.5000000000 	 -0.0168907054 	 2.0174608587 	 0.0000650481 	 0.0000021027 
428.0000000000 	 -0.0171583131 	 2.0159204143 	 0.0000649840 	 0.0000021016 
428.5000000000 	 -0.0174235331 	 2.0143825485 	 0.0000649206 	 0.0000021004 
429.0000000000 	 -0.0176863729 	 2.0128472293 	 0.0000648577 	 0.0000020993 
429.5000000000 	 -0.0179468397 	 2.0113144251 	 0.0000647953 	 0.0000020981 
430.0000000000 	 -0.0182049411 	 2.0097841048 	 0.0000647336 	 0.0000020970 
430.5000000000 	 -0.0184606844 	 2.0082562374 	 0.0000646724 	 0.0000020958 
431.0000000000 	 -0.0187140771 	 2.0067307927 	 0.0000646118 	 0.0000020947 
431.5000000000 	 -0.0189651265 	 2.0052077405 	 0.0000645517 	 0.0000020935 
432.0000000000 	 -0.0192138401 	 2.0036870513 	 0.0000644922 	 0.0000020923 
432.5000000000 	 -0.0194602253 	 2.0021686958 	 0.0000644332 	 0.0000020912 
433.0000000000 	 -0.0197042895 	 2.0006526453 	 0.0000643748 	 0.0000020900 
433.5000000000 	 -0.0199460403 	 1.9991388714 	 0.0000643170 	 0.0000020888 
434.0000000000 	 -0.0201854849 	 1.9976273459 	 0.0000642597 	 0.0000020876 
434.5000000000 	 -0.0204226309 	 1.9961180412 	 0.0000642030 	 0.0000020864 
435.0000000000 	 -0.0206574857 	 1.9946109302 	 0.0000641468 	 0.0000020853 
435.5000000000 	 -0.0208900568 	 1.9931059859 	 0.0000640911 	 0.0000020841 
436.0000000000 	 -0.0211203516 	 1.9916031818 	 0.0000640360 	 0.0000020829 
436.5000000000 	 -0.0213483775 	 1.9901024919 	 0.0000639814 	 0.0000020817 
437.0000000000 	 -0.0215741422 	 1.9886038904 	 0.0000639274 	 0.0000020805 
437.5000000000 	 -0.0217976529 	 1.9871073521 	 0.0000638739 	 0.0000020793 
438.0000000000 	 -0.0220189172 	 1.9856128519 	 0.0000638210 	 0.0000020781 
438.5000000000 	 -0.0222379426 	 1.9841203653 	 0.0000637686 	 0.0000020768 
439.0000000000 	 -0.0224547366 	 1.9826298681 	 0.0000637167 	 0.0000020756 
439.5000000000 	 -0.0226693065 	 1.9811413364 	 0.0000636654 	 0.0000020744 
440.0000000000 	 -0.0228816600 	 1.9796547469 	 0.0000636146 	 0.0000020732 
440.5000000000 	 -0.0230918044 	 1.9781700763 	 0.0000635643 	 0.0000020720 
441.0000000000 	 -0.0232997474 	 1.9766873020 	 0.0000635145 	 0.0000020707 
441.5000000000 	 -0.0235054963 	 1.9752064017 	 0.0000634653 	 0.0000020695 
442.0000000000 	 -0.0237090587 	 1.9737273532 	 0.0000634166 	 0.0000020683 
442.5000000000 	 -0.0239104421 	 1.9722501351 	 0.0000633684 	 0.0000020670 
443.0000000000 	 -0.0241096539 	 1.9707747259 	 0.0000633207 	 0.0000020658 
443.5000000000 	 -0.0243067017 	 1.9693011049 	 0.0000632736 	 0.0000020645 
444.0000000000 	 -0.0245015930 	 1.9678292513 	 0.0000632270 	 0.0000020633 
444.5000000000 	 -0.0246943353 	 1.9663591450 	 0.0000631808 	 0.0000020620 
445.0000000000 	 -0.0248849360 	 1.9648907662 	 0.0000631352 	 0.0000020608 
445.5000000000 	 -0.0250734028 	 1.9634240952 	 0.0000630901 	 0.0000020595 
446.0000000000 	 -0.0252597431 	 1.9619591129 	 0.0000630456 	 0.0000020583 
446.5000000000 	 -0.0254439644 	 1.9604958004 	 0.0000630015 	 0.0000020570 
447.0000000000 	 -0.0256260742 	 1.9590341393 	 0.0000629579 	 0.0000020557 
447.5000000000 	 -0.0258060801 	 1.9575741114 	 0.0000629148 	 0.0000020545 
448.0000000000 	 -0.0259839895 	 1.9561156988 	 0.0000628723 	 0.0000020532 
448.5000000000 	 -0.0261598101 	 1.9546588841 	 0.0000628302 	 0.0000020519 
449.0000000000 	 -0.0263335492 	 1.9532036499 	 0.0000627886 	 0.0000020506 
449.5000000000 	 -0.0265052145 	 1.9517499796 	 0.0000627475 	 0.0000020493 
450.0000000000 	 -0.0266748134 	 1.9502978565 	 0.0000627070 	 0.0000020481 
450.5000000000 	 -0.0268423534 	 1.9488472645 	 0.0000626669 	 0.0000020468 
451.0000000000 	 -0.0270078421 	 1.9473981876 	 0.0000626273 	 0.0000020455 
451.5000000000 	 -0.0271712871 	 1.9459506102 	 0.0000625882 	 0.0000020442 
452.0000000000 	 -0.0273326957 	 1.9445045172 	 0.0000625495 	 0.0000020429 
452.5000000000 	 -0.0274920756 	 1.9430598935 	 0.0000625114 	 0.0000020416 
453.0000000000 	 -0.0276494342 	 1.9416167244 	 0.0000624738 	 0.0000020403 
453.5000000000 	 -0.0278047791 	 1.9401749957 	 0.0000624366 	 0.0000020389 
454.0000000000 	 -0.0279581177 	 1.9387346932 	 0.0000623999 	 0.0000020376 
454.5000000000 	 -0.0281094577 	 1.9372958033 	 0.0000623637 	 0.0000020363 
455.0000000000 	 -0.0282588066 	 1.9358583124 	 0.0000623280 	 0.0000020350 
455.5000000000 	 -0.0284061717 	 1.9344222074 	 0.0000622927 	 0.0000020337 
456.0000000000 	 -0.0285515608 	 1.9329874753 	 0.0000622579 	 0.0000020324 
456.5000000000 	 -0.0286949812 	 1.9315541037 	 0.0000622236 	 0.0000020310 
457.0000000000 	 -0.0288364405 	 1.9301220802 	 0.0000621897 	 0.0000020297 
457.5000000000 	 -0.0289759462 	 1.9286913927 	 0.0000621564 	 0.0000020284 
458.0000000000 	 -0.0291135058 	 1.9272620296 	 0.0000621234 	 0.0000020270 
458.5000000000 	 -0.0292491268 	 1.9258339793 	 0.0000620910 	 0.0000020257 
459.0000000000 	 -0.0293828168 	 1.9244072306 	 0.0000620590 	 0.0000020243 
459.5000000000 	 -0.0295145832 	 1.9229817725 	 0.0000620275 	 0.0000020230 
460.0000000000 	 -0.0296444335 	 1.9215575945 	 0.0000619964 	 0.0000020216 
460.5000000000 	 -0.0297723753 	 1.9201346861 	 0.0000619658 	 0.0000020203 
461.0000000000 	 -0.0298984161 	 1.9187130371 	 0.0000619356 	 0.0000020189 
461.5000000000 	 -0.0300225633 	 1.9172926377 	 0.0000619059 	 0.0000020176 
462.0000000000 	 -0.0301448245 	 1.9158734782 	 0.0000618767 	 0.0000020162 
462.5000000000 	 -0.0302652070 	 1.9144555492 	 0.0000618479 	 0.0000020148 
463.0000000000 	 -0.0303837186 	 1.9130388415 	 0.0000618195 	 0.0000020135 
463.5000000000 	 -0.0305003665 	 1.9116233463 	 0.0000617916 	 0.0000020121 
464.0000000000 	 -0.0306151584 	 1.9102090550 	 0.0000617641 	 0.0000020107 
464.5000000000 	 -0.0307281017 	 1.9087959590 	 0.0000617371 	 0.0000020094 
465.0000000000 	 -0.0308392038 	 1.9073840502 	 0.0000617105 	 0.0000020080 
465.5000000000 	 -0.0309484723 	 1.9059733207 	 0.0000616844 	 0.0000020066 
466.0000000000 	 -0.0310559146 	 1.9045637628 	 0.0000616587 	 0.0000020052 
466.5000000000 	 -0.0311615383 	 1.9031553688 	 0.0000616334 	 0.0000020038 
467.0000000000 	 -0.0312653507 	 1.9017481317 	 0.0000616086 	 0.0000020024 
467.5000000000 	 -0.0313673593 	 1.9003420443 	 0.0000615842 	 0.0000020010 
468.0000000000 	 -0.0314675717 	 1.8989370998 	 0.0000615602 	 0.0000019996 
468.5000000000 	 -0.0315659952 	 1.8975332916 	 0.0000615366 	 0.0000019982 
469.0000000000 	 -0.0316626373 	 1.8961306132 	 0.0000615135 	 0.0000019968 
469.5000000000 	 -0.0317575055 	 1.8947290586 	 0.0000614908 	 0.0000019954 
470.0000000000 	 -0.0318506072 	 1.8933286216 	 0.0000614685 	 0.0000019940 
470.5000000000 	 -0.0319419499 	 1.8919292965 	 0.0000614467 	 0.0000019926 
471.0000000000 	 -0.0320315409 	 1.8905310778 	 0.0000614252 	 0.0000019912 
471.5000000000 	 -0.0321193878 	 1.8891339600 	 0.0000614042 	 0.0000019898 
472.0000000000 	 -0.0322054980 	 1.8877379380 	 0.0000613836 	 0.0000019883 
472.5000000000 	 -0.0322898788 	 1.8863430067 	 0.0000613634 	 0.0000019869 
473.0000000000 	 -0.0323725378 	 1.8849491613 	 0.0000613436 	 0.0000019855 
473.5000000000 	 -0.0324534822 	 1.8835563973 	 0.0000613243 	 0.0000019841 
474.0000000000 	 -0.0325327196 	 1.8821647101 	 0.0000613053 	 0.0000019826 
474.5000000000 	 -0.0326102574 	 1.8807740955 	 0.0000612868 	 0.0000019812 
475.0000000000 	 -0.0326861029 	 1.8793845494 	 0.0000612686 	 0.0000019798 
475.5000000000 	 -0.0327602635 	 1.8779960679 	 0.0000612509 	 0.0000019783 
476.0000000000 	 -0.0328327467 	 1.8766086473 	 0.0000612335 	 0.0000019769 
476.5000000000 	 -0.0329035598 	 1.8752222839 	 0.0000612166 	 0.0000019754 
477.0000000000 	 -0.0329727102 	 1.8738369744 	 0.0000612000 	 0.0000019740 
477.5000000000 	 -0.0330402053 	 1.8724527156 	 0.0000611839 	 0.0000019725 
478.0000000000 	 -0.0331060525 	 1.8710695043 	 0.0000611681 	 0.0000019711 
478.5000000000 	 -0.0331702590 	 1.8696873377 	 0.0000611528 	 0.0000019696 
479.0000000000 	 -0.0332328323 	 1.8683062129 	 0.0000611378 	 0.0000019681 
479.5000000000 	 -0.0332937798 	 1.8669261273 	 0.0000611232 	 0.0000019667 
480.0000000000 	 -0.0333531087 	 1.8655470785 	 0.0000611090 	 0.0000019652 
480.5000000000 	 -0.0334108264 	 1.8641690641 	 0.0000610952 	 0.0000019637 
481.0000000000 	 -0.0334669403 	 1.8627920820 	 0.0000610818 	 0.0000019623 
481.5000000000 	 -0.0335214577 	 1.8614161302 	 0.0000610687 	 0.0000019608 
482.0000000000 	 -0.0335743858 	 1.8600412066 	 0.0000610561 	 0.0000019593 
482.5000000000 	 -0.0336257321 	 1.8586673097 	 0.0000610438 	 0.0000019578 
483.0000000000 	 -0.0336755038 	 1.8572944376 	 0.0000610319 	 0.0000019563 
483.5000000000 	 -0.0337237082 	 1.8559225890 	 0.0000610203 	 0.0000019548 
484.0000000000 	 -0.0337703527 	 1.8545517625 	 0.0000610092 	 0.0000019533 
484.5000000000 	 -0.0338154444 	 1.8531819568 	 0.0000609984 	 0.0000019519 
485.0000000000 	 -0.0338589908 	 1.8518131708 	 0.0000609880 	 0.0000019504 
485.5000000000 	 -0.0339009990 	 1.8504454035 	 0.0000609779 	 0.0000019489 
486.0000000000 	 -0.0339414763 	 1.8490786540 	 0.0000609682 	 0.0000019474 
486.5000000000 	 -0.0339804301 	 1.8477129215 	 0.0000609589 	 0.0000019458 
487.0000000000 	 -0.0340178675 	 1.8463482054 	 0.0000609500 	 0.0000019443 
487.5000000000 	 -0.0340537958 	 1.8449845052 	 0.0000609414 	 0.0000019428 
488.0000000000 	 -0.0340882222 	 1.8436218203 	 0.0000609331 	 0.0000019413 
488.5000000000 	 -0.0341211540 	 1.8422601506 	 0.0000609252 	 0.0000019398 
489.0000000000 	 -0.0341525983 	 1.8408994956 	 0.0000609177 	 0.0000019383 
489.5000000000 	 -0.0341825625 	 1.8395398554 	 0.0000609105 	 0.0000019367 
490.0000000000 	 -0.0342110537 	 1.8381812299 	 0.0000609037 	 0.0000019352 
490.5000000000 	 -0.0342380791 	 1.8368236192 	 0.0000608973 	 0.0000019337 
491.0000000000 	 -0.0342636459 	 1.8354670233 	 0.0000608911 	 0.0000019321 
491.5000000000 	 -0.0342877613 	 1.8341114426 	 0.0000608854 	 0.0000019306 
492.0000000000 	 -0.0343104324 	 1.8327568774 	 0.0000608799 	 0.0000019291 
492.5000000000 	 -0.0343316665 	 1.8314033282 	 0.0000608749 	 0.0000019275 
493.0000000000 	 -0.0343514707 	 1.8300507954 	 0.0000608701 	 0.0000019260 
493.5000000000 	 -0.0343698521 	 1.8286992797 	 0.0000608657 	 0.0000019244 
494.0000000000 	 -0.0343868179 	 1.8273487817 	 0.0000608617 	 0.0000019229 
494.5000000000 	 -0.0344023751 	 1.8259993021 	 0.0000608579 	 0.0000019213 
495.0000000000 	 -0.0344165311 	 1.8246508419 	 0.0000608546 	 0.0000019198 
495.5000000000 	 -0.0344292928 	 1.8233034019 	 0.0000608515 	 0.0000019182 
496.0000000000 	 -0.0344406673 	 1.8219569831 	 0.0000608488 	 0.0000019166 
496.5000000000 	 -0.0344506618 	 1.8206115865 	 0.0000608464 	 0.0000019151 
497.0000000000 	 -0.0344592833 	 1.8192672133 	 0.0000608443 	 0.0000019135 
497.5000000000 	 -0.0344665390 	 1.8179238646 	 0.0000608426 	 0.0000019119 
498.0000000000 	 -0.0344724358 	 1.8165815417 	 0.0000608412 	 0.0000019104 
498.5000000000 	 -0.0344769809 	 1.8152402458 	 0.0000608401 	 0.0000019088 
499.0000000000 	 -0.0344801813 	 1.8138999784 	 0.0000608393 	 0.0000019072 
499.5000000000 	 -0.0344820441 	 1.8125607409 	 0.0000608389 	 0.0000019056 
