# dt 0.5000000000 -- t_end 1000 -- Nfb 1 -- fb_phase 3.1415926536
# E_cav 0.0500000000 -- Gamma 0.1500000000 -- G_cav 0.1500000000
# Ndim 2 -- Nbin 4 -- Ncav 4 -- cutoff 0.0000001000
# Init_EE 0.00 -- pn1 1.00 -- pn2 0.00 -- pn3 0.00 -- pn4 0.00
#SpecSteps 400 --- SpecIntervall 3.00 
0.5000000000 	0.0000000000 	 0.0000000000 	0.0000000000 	 0.0000000000 	
1.0000000000 	0.0006191626 	 0.0000008748 	0.0000000000 	 0.0000017496 	
1.5000000000 	0.0024213681 	 0.0000138400 	0.0000000000 	 0.0000276801 	
2.0000000000 	0.0052862404 	 0.0000689339 	0.0000000000 	 0.0001085583 	
2.5000000000 	0.0090755343 	 0.0002136266 	0.0000000000 	 0.0002374577 	
3.0000000000 	0.0136372502 	 0.0005100766 	0.0000000000 	 0.0004080713 	
3.5000000000 	0.0188096531 	 0.0010320632 	0.0000000000 	 0.0006135489 	
4.0000000000 	0.0244254302 	 0.0018616656 	0.0000000000 	 0.0008466019 	
4.5000000000 	0.0303158672 	 0.0030857640 	0.0000000000 	 0.0010996893 	
5.0000000000 	0.0363149650 	 0.0047924412 	0.0000000000 	 0.0013652066 	
5.5000000000 	0.0422634167 	 0.0070673716 	0.0000000000 	 0.0016356712 	
6.0000000000 	0.0480123596 	 0.0099902846 	0.0000000000 	 0.0019039016 	
6.5000000000 	0.0534268216 	 0.0136315963 	0.0000000000 	 0.0021631868 	
7.0000000000 	0.0583887779 	 0.0180493028 	0.0000000000 	 0.0024074415 	
7.5000000000 	0.0627997398 	 0.0232862266 	0.0000000000 	 0.0026313439 	
8.0000000000 	0.0665828030 	 0.0293677039 	0.0000000000 	 0.0028304520 	
8.5000000000 	0.0696840946 	 0.0362997917 	0.0000000000 	 0.0030012962 	
9.0000000000 	0.0720735687 	 0.0440680614 	0.0000000000 	 0.0031414440 	
9.5000000000 	0.0737451200 	 0.0526370285 	0.0000000000 	 0.0032495363 	
10.0000000000 	0.0747160031 	 0.0619502524 	0.0000000000 	 0.0033252916 	
10.5000000000 	0.0750255682 	 0.0719311139 	0.0000000000 	 0.0033694809 	
11.0000000000 	0.0747333457 	 0.0824842580 	0.0000000000 	 0.0033838699 	
11.5000000000 	0.0739165377 	 0.0934976653 	0.0000000000 	 0.0033711329 	
12.0000000000 	0.0726669950 	 0.1048452883 	0.0000000000 	 0.0033347405 	
12.5000000000 	0.0710877783 	 0.1163901711 	0.0000000000 	 0.0032788230 	
13.0000000000 	0.0692894213 	 0.1279879493 	0.0000000000 	 0.0032080158 	
13.5000000000 	0.0673860228 	 0.1394906099 	0.0000000000 	 0.0031272918 	
14.0000000000 	0.0654913046 	 0.1507503848 	0.0000000000 	 0.0030417850 	
14.5000000000 	0.0637147733 	 0.1616236396 	0.0000000000 	 0.0029566139 	
15.0000000000 	0.0621581181 	 0.1719746245 	0.0000000000 	 0.0028767082 	
15.5000000000 	0.0609119708 	 0.1816789572 	0.0000000000 	 0.0028066472 	
16.0000000000 	0.0600531351 	 0.1906267180 	0.0000000000 	 0.0027505141 	
16.5000000000 	0.0596423772 	 0.1987250557 	0.0000000000 	 0.0027117710 	
17.0000000000 	0.0597228410 	 0.2059002198 	0.0000000000 	 0.0026931594 	
17.5000000000 	0.0603191324 	 0.2120989611 	0.0000000000 	 0.0026966289 	
18.0000000000 	0.0614370836 	 0.2172892642 	0.0000000000 	 0.0027232959 	
18.5000000000 	0.0630641871 	 0.2214604061 	0.0000000000 	 0.0027734324 	
19.0000000000 	0.0651706587 	 0.2246223559 	0.0000000000 	 0.0028464854 	
19.5000000000 	0.0677110688 	 0.2268045606 	0.0000000000 	 0.0029411245 	
20.0000000000 	0.0706264594 	 0.2280541794 	0.0000000000 	 0.0030553147 	
20.5000000000 	0.0738468485 	 0.2284338500 	0.0000000000 	 0.0031864114 	
21.0000000000 	0.0772940130 	 0.2280190851 	0.0000000000 	 0.0033312731 	
21.5000000000 	0.0808844333 	 0.2268954060 	0.0000000000 	 0.0034863855 	
22.0000000000 	0.0845322847 	 0.2251553272 	0.0000000000 	 0.0036479949 	
22.5000000000 	0.0881523589 	 0.2228953042 	0.0000000000 	 0.0038122415 	
23.0000000000 	0.0916628141 	 0.2202127555 	0.0000000000 	 0.0039752914 	
23.5000000000 	0.0949876573 	 0.2172032588 	0.0000000000 	 0.0041334602 	
24.0000000000 	0.0980588832 	 0.2139580099 	0.0000000000 	 0.0042833248 	
24.5000000000 	0.1008182088 	 0.2105616198 	0.0000000000 	 0.0044218194 	
25.0000000000 	0.1032183624 	 0.2070903051 	0.0000000000 	 0.0045463141 	
25.5000000000 	0.1052239062 	 0.2036105116 	0.0000000000 	 0.0046546734 	
26.0000000000 	0.1068115920 	 0.2001779888 	0.0000000000 	 0.0047452928 	
26.5000000000 	0.1079702653 	 0.1968373169 	0.0000000000 	 0.0048171158 	
27.0000000000 	0.1087003518 	 0.1936218701 	0.0000000000 	 0.0048696296 	
27.5000000000 	0.1090129756 	 0.1905541815 	0.0000000000 	 0.0049028427 	
28.0000000000 	0.1089287659 	 0.1876466663 	0.0000000000 	 0.0049172454 	
28.5000000000 	0.1084764221 	 0.1849026437 	0.0000000000 	 0.0049137562 	
29.0000000000 	0.1076911071 	 0.1823175958 	0.0000000000 	 0.0048936582 	
29.5000000000 	0.1066127463 	 0.1798805924 	0.0000000000 	 0.0048585264 	
30.0000000000 	0.1052843007 	 0.1775758119 	0.0000000000 	 0.0048101519 	
30.5000000000 	0.1037500867 	 0.1753840905 	0.0000000000 	 0.0047504638 	
31.0000000000 	0.1020542006 	 0.1732844328 	0.0000000000 	 0.0046814543 	
31.5000000000 	0.1002391022 	 0.1712554275 	0.0000000000 	 0.0046051073 	
32.0000000000 	0.0983443995 	 0.1692765182 	0.0000000000 	 0.0045233349 	
32.5000000000 	0.0964058640 	 0.1673290884 	0.0000000000 	 0.0044379226 	
33.0000000000 	0.0944546979 	 0.1653973340 	0.0000000000 	 0.0043504844 	
33.5000000000 	0.0925170575 	 0.1634689033 	0.0000000000 	 0.0042624304 	
34.0000000000 	0.0906138315 	 0.1615352997 	0.0000000000 	 0.0041749444 	
34.5000000000 	0.0887606582 	 0.1595920506 	0.0000000000 	 0.0040889739 	
35.0000000000 	0.0869681590 	 0.1576386562 	0.0000000000 	 0.0040052309 	
35.5000000000 	0.0852423587 	 0.1556783406 	0.0000000000 	 0.0039242014 	
36.0000000000 	0.0835852555 	 0.1537176334 	0.0000000000 	 0.0038461650 	
36.5000000000 	0.0819955034 	 0.1517658170 	0.0000000000 	 0.0037712192 	
37.0000000000 	0.0804691646 	 0.1498342749 	0.0000000000 	 0.0036993110 	
37.5000000000 	0.0790004918 	 0.1479357822 	0.0000000000 	 0.0036302696 	
38.0000000000 	0.0775827032 	 0.1460837735 	0.0000000000 	 0.0035638422 	
38.5000000000 	0.0762087135 	 0.1442916271 	0.0000000000 	 0.0034997280 	
39.0000000000 	0.0748717912 	 0.1425719972 	0.0000000000 	 0.0034376120 	
39.5000000000 	0.0735661187 	 0.1409362218 	0.0000000000 	 0.0033771935 	
40.0000000000 	0.0722872350 	 0.1393938308 	0.0000000000 	 0.0033182121 	
40.5000000000 	0.0710323512 	 0.1379521694 	0.0000000000 	 0.0032604673 	
41.0000000000 	0.0698005331 	 0.1366161474 	0.0000000000 	 0.0032038330 	
41.5000000000 	0.0685927526 	 0.1353881198 	0.0000000000 	 0.0031482655 	
42.0000000000 	0.0674118157 	 0.1342678933 	0.0000000000 	 0.0030938063 	
42.5000000000 	0.0662621790 	 0.1332528539 	0.0000000000 	 0.0030405789 	
43.0000000000 	0.0651496733 	 0.1323382008 	0.0000000000 	 0.0029887806 	
43.5000000000 	0.0640811529 	 0.1315172696 	0.0000000000 	 0.0029386703 	
44.0000000000 	0.0630640932 	 0.1307819261 	0.0000000000 	 0.0028905529 	
44.5000000000 	0.0621061612 	 0.1301230070 	0.0000000000 	 0.0028447612 	
45.0000000000 	0.0612147807 	 0.1295307857 	0.0000000000 	 0.0028016371 	
45.5000000000 	0.0603967146 	 0.1289954398 	0.0000000000 	 0.0027615115 	
46.0000000000 	0.0596576850 	 0.1285074993 	0.0000000000 	 0.0027246862 	
46.5000000000 	0.0590020481 	 0.1280582554 	0.0000000000 	 0.0026914164 	
47.0000000000 	0.0584325365 	 0.1276401134 	0.0000000000 	 0.0026618965 	
47.5000000000 	0.0579500809 	 0.1272468761 	0.0000000000 	 0.0026362483 	
48.0000000000 	0.0575537158 	 0.1268739487 	0.0000000000 	 0.0026145129 	
48.5000000000 	0.0572405706 	 0.1265184581 	0.0000000000 	 0.0025966468 	
49.0000000000 	0.0570059448 	 0.1261792872 	0.0000000000 	 0.0025825209 	
49.5000000000 	0.0568434618 	 0.1258570242 	0.0000000000 	 0.0025719243 	
50.0000000000 	0.0567452900 	 0.1255538343 	0.0000000000 	 0.0025645711 	
50.5000000000 	0.0567024225 	 0.1252732622 	0.0000000000 	 0.0025601098 	
51.0000000000 	0.0567049984 	 0.1250199766 	0.0000000000 	 0.0025581364 	
51.5000000000 	0.0567426536 	 0.1247994713 	0.0000000000 	 0.0025582085 	
52.0000000000 	0.0568048827 	 0.1246177373 	0.0000000000 	 0.0025598610 	
52.5000000000 	0.0568813988 	 0.1244809203 	0.0000000000 	 0.0025626225 	
53.0000000000 	0.0569624735 	 0.1243949806 	0.0000000000 	 0.0025660311 	
53.5000000000 	0.0570392469 	 0.1243653699 	0.0000000000 	 0.0025696498 	
54.0000000000 	0.0571039931 	 0.1243967363 	0.0000000000 	 0.0025730808 	
54.5000000000 	0.0571503334 	 0.1244926714 	0.0000000000 	 0.0025759767 	
55.0000000000 	0.0571733902 	 0.1246555078 	0.0000000000 	 0.0025780506 	
55.5000000000 	0.0571698769 	 0.1248861730 	0.0000000000 	 0.0025790830 	
56.0000000000 	0.0571381241 	 0.1251841050 	0.0000000000 	 0.0025789257 	
56.5000000000 	0.0570780412 	 0.1255472301 	0.0000000000 	 0.0025775029 	
57.0000000000 	0.0569910202 	 0.1259720022 	0.0000000000 	 0.0025748099 	
57.5000000000 	0.0568797857 	 0.1264534988 	0.0000000000 	 0.0025709083 	
58.0000000000 	0.0567482003 	 0.1269855694 	0.0000000000 	 0.0025659199 	
58.5000000000 	0.0566010354 	 0.1275610265 	0.0000000000 	 0.0025600175 	
59.0000000000 	0.0564437163 	 0.1281718718 	0.0000000000 	 0.0025534147 	
59.5000000000 	0.0562820556 	 0.1288095458 	0.0000000000 	 0.0025463547 	
60.0000000000 	0.0561219827 	 0.1294651911 	0.0000000000 	 0.0025390981 	
60.5000000000 	0.0559692834 	 0.1301299181 	0.0000000000 	 0.0025319110 	
61.0000000000 	0.0558293568 	 0.1307950627 	0.0000000000 	 0.0025250531 	
61.5000000000 	0.0557070006 	 0.1314524259 	0.0000000000 	 0.0025187668 	
62.0000000000 	0.0556062298 	 0.1320944884 	0.0000000000 	 0.0025132678 	
62.5000000000 	0.0555301366 	 0.1327145905 	0.0000000000 	 0.0025087366 	
63.0000000000 	0.0554807929 	 0.1333070744 	0.0000000000 	 0.0025053123 	
63.5000000000 	0.0554591988 	 0.1338673840 	0.0000000000 	 0.0025030885 	
64.0000000000 	0.0554652764 	 0.1343921207 	0.0000000000 	 0.0025021104 	
64.5000000000 	0.0554979068 	 0.1348790546 	0.0000000000 	 0.0025023750 	
65.0000000000 	0.0555550063 	 0.1353270949 	0.0000000000 	 0.0025038325 	
65.5000000000 	0.0556336382 	 0.1357362201 	0.0000000000 	 0.0025063897 	
66.0000000000 	0.0557301529 	 0.1361073748 	0.0000000000 	 0.0025099152 	
66.5000000000 	0.0558403489 	 0.1364423387 	0.0000000000 	 0.0025142453 	
67.0000000000 	0.0559596492 	 0.1367435730 	0.0000000000 	 0.0025191915 	
67.5000000000 	0.0560832833 	 0.1370140534 	0.0000000000 	 0.0025245484 	
68.0000000000 	0.0562064690 	 0.1372570955 	0.0000000000 	 0.0025301019 	
68.5000000000 	0.0563245851 	 0.1374761804 	0.0000000000 	 0.0025356371 	
69.0000000000 	0.0564333309 	 0.1376747876 	0.0000000000 	 0.0025409462 	
69.5000000000 	0.0565288650 	 0.1378562404 	0.0000000000 	 0.0025458360 	
70.0000000000 	0.0566079195 	 0.1380235704 	0.0000000000 	 0.0025501335 	
70.5000000000 	0.0566678879 	 0.1381794044 	0.0000000000 	 0.0025536916 	
71.0000000000 	0.0567068819 	 0.1383258774 	0.0000000000 	 0.0025563927 	
71.5000000000 	0.0567237595 	 0.1384645729 	0.0000000000 	 0.0025581516 	
72.0000000000 	0.0567181222 	 0.1385964918 	0.0000000000 	 0.0025589166 	
72.5000000000 	0.0566902857 	 0.1387220498 	0.0000000000 	 0.0025586692 	
73.0000000000 	0.0566412240 	 0.1388411005 	0.0000000000 	 0.0025574231 	
73.5000000000 	0.0565724928 	 0.1389529827 	0.0000000000 	 0.0025552217 	
74.0000000000 	0.0564861357 	 0.1390565876 	0.0000000000 	 0.0025521344 	
74.5000000000 	0.0563845766 	 0.1391504436 	0.0000000000 	 0.0025482529 	
75.0000000000 	0.0562705050 	 0.1392328119 	0.0000000000 	 0.0025436856 	
75.5000000000 	0.0561467591 	 0.1393017899 	0.0000000000 	 0.0025385533 	
76.0000000000 	0.0560162090 	 0.1393554176 	0.0000000000 	 0.0025329834 	
76.5000000000 	0.0558816482 	 0.1393917814 	0.0000000000 	 0.0025271048 	
77.0000000000 	0.0557456936 	 0.1394091124 	0.0000000000 	 0.0025210431 	
77.5000000000 	0.0556107005 	 0.1394058745 	0.0000000000 	 0.0025149160 	
78.0000000000 	0.0554786926 	 0.1393808399 	0.0000000000 	 0.0025088296 	
78.5000000000 	0.0553513102 	 0.1393331486 	0.0000000000 	 0.0025028751 	
79.0000000000 	0.0552297770 	 0.1392623519 	0.0000000000 	 0.0024971266 	
79.5000000000 	0.0551148861 	 0.1391684369 	0.0000000000 	 0.0024916393 	
80.0000000000 	0.0550070038 	 0.1390518342 	0.0000000000 	 0.0024864493 	
80.5000000000 	0.0549060905 	 0.1389134070 	0.0000000000 	 0.0024815734 	
81.0000000000 	0.0548117364 	 0.1387544256 	0.0000000000 	 0.0024770103 	
81.5000000000 	0.0547232106 	 0.1385765262 	0.0000000000 	 0.0024727420 	
82.0000000000 	0.0546395184 	 0.1383816588 	0.0000000000 	 0.0024687358 	
82.5000000000 	0.0545594673 	 0.1381720260 	0.0000000000 	 0.0024649475 	
83.0000000000 	0.0544817353 	 0.1379500147 	0.0000000000 	 0.0024613237 	
83.5000000000 	0.0544049406 	 0.1377181255 	0.0000000000 	 0.0024578052 	
84.0000000000 	0.0543277088 	 0.1374789006 	0.0000000000 	 0.0024543300 	
84.5000000000 	0.0542487358 	 0.1372348551 	0.0000000000 	 0.0024508365 	
85.0000000000 	0.0541668430 	 0.1369884124 	0.0000000000 	 0.0024472661 	
85.5000000000 	0.0540810241 	 0.1367418471 	0.0000000000 	 0.0024435658 	
86.0000000000 	0.0539904816 	 0.1364972365 	0.0000000000 	 0.0024396904 	
86.5000000000 	0.0538946523 	 0.1362564223 	0.0000000000 	 0.0024356038 	
87.0000000000 	0.0537932208 	 0.1360209832 	0.0000000000 	 0.0024312806 	
87.5000000000 	0.0536861231 	 0.1357922184 	0.0000000000 	 0.0024267064 	
88.0000000000 	0.0535735381 	 0.1355711428 	0.0000000000 	 0.0024218782 	
88.5000000000 	0.0534558704 	 0.1353584922 	0.0000000000 	 0.0024168038 	
89.0000000000 	0.0533337245 	 0.1351547379 	0.0000000000 	 0.0024115012 	
89.5000000000 	0.0532078725 	 0.1349601100 	0.0000000000 	 0.0024059973 	
90.0000000000 	0.0530792162 	 0.1347746274 	0.0000000000 	 0.0024003267 	
90.5000000000 	0.0529487476 	 0.1345981321 	0.0000000000 	 0.0023945297 	
91.0000000000 	0.0528175063 	 0.1344303271 	0.0000000000 	 0.0023886508 	
91.5000000000 	0.0526865392 	 0.1342708163 	0.0000000000 	 0.0023827366 	
92.0000000000 	0.0525568616 	 0.1341191427 	0.0000000000 	 0.0023768342 	
92.5000000000 	0.0524294220 	 0.1339748260 	0.0000000000 	 0.0023709890 	
93.0000000000 	0.0523050725 	 0.1338373958 	0.0000000000 	 0.0023652438 	
93.5000000000 	0.0521845444 	 0.1337064208 	0.0000000000 	 0.0023596369 	
94.0000000000 	0.0520684309 	 0.1335815327 	0.0000000000 	 0.0023542012 	
94.5000000000 	0.0519571760 	 0.1334624431 	0.0000000000 	 0.0023489636 	
95.0000000000 	0.0518510706 	 0.1333489555 	0.0000000000 	 0.0023439440 	
95.5000000000 	0.0517502554 	 0.1332409697 	0.0000000000 	 0.0023391558 	
96.0000000000 	0.0516547292 	 0.1331384806 	0.0000000000 	 0.0023346053 	
96.5000000000 	0.0515643629 	 0.1330415715 	0.0000000000 	 0.0023302928 	
97.0000000000 	0.0514789174 	 0.1329504024 	0.0000000000 	 0.0023262124 	
97.5000000000 	0.0513980653 	 0.1328651943 	0.0000000000 	 0.0023223537 	
98.0000000000 	0.0513214140 	 0.1327862106 	0.0000000000 	 0.0023187021 	
98.5000000000 	0.0512485305 	 0.1327137365 	0.0000000000 	 0.0023152400 	
99.0000000000 	0.0511789653 	 0.1326480578 	0.0000000000 	 0.0023119481 	
99.5000000000 	0.0511122757 	 0.1325894399 	0.0000000000 	 0.0023088062 	
100.0000000000 	0.0510480466 	 0.1325381081 	0.0000000000 	 0.0023057946 	
100.5000000000 	0.0509859083 	 0.1324942295 	0.0000000000 	 0.0023028945 	
101.0000000000 	0.0509255513 	 0.1324578989 	0.0000000000 	 0.0023000894 	
101.5000000000 	0.0508667366 	 0.1324291270 	0.0000000000 	 0.0022973654 	
102.0000000000 	0.0508093018 	 0.1324078331 	0.0000000000 	 0.0022947117 	
102.5000000000 	0.0507531638 	 0.1323938416 	0.0000000000 	 0.0022921209 	
103.0000000000 	0.0506983162 	 0.1323868823 	0.0000000000 	 0.0022895893 	
103.5000000000 	0.0506448244 	 0.1323865952 	0.0000000000 	 0.0022871164 	
104.0000000000 	0.0505928161 	 0.1323925379 	0.0000000000 	 0.0022847052 	
104.5000000000 	0.0505424702 	 0.1324041972 	0.0000000000 	 0.0022823612 	
105.0000000000 	0.0504940030 	 0.1324210021 	0.0000000000 	 0.0022800926 	
105.5000000000 	0.0504476535 	 0.1324423393 	0.0000000000 	 0.0022779088 	
106.0000000000 	0.0504036682 	 0.1324675697 	0.0000000000 	 0.0022758205 	
106.5000000000 	0.0503622853 	 0.1324960452 	0.0000000000 	 0.0022738388 	
107.0000000000 	0.0503237213 	 0.1325271256 	0.0000000000 	 0.0022719744 	
107.5000000000 	0.0502881574 	 0.1325601939 	0.0000000000 	 0.0022702368 	
108.0000000000 	0.0502557285 	 0.1325946705 	0.0000000000 	 0.0022686342 	
108.5000000000 	0.0502265154 	 0.1326300259 	0.0000000000 	 0.0022671726 	
109.0000000000 	0.0502005378 	 0.1326657897 	0.0000000000 	 0.0022658557 	
109.5000000000 	0.0501777522 	 0.1327015583 	0.0000000000 	 0.0022646843 	
110.0000000000 	0.0501580508 	 0.1327369988 	0.0000000000 	 0.0022636564 	
110.5000000000 	0.0501412643 	 0.1327718506 	0.0000000000 	 0.0022627673 	
111.0000000000 	0.0501271666 	 0.1328059241 	0.0000000000 	 0.0022620093 	
111.5000000000 	0.0501154821 	 0.1328390968 	0.0000000000 	 0.0022613723 	
112.0000000000 	0.0501058945 	 0.1328713072 	0.0000000000 	 0.0022608439 	
112.5000000000 	0.0500980573 	 0.1329025469 	0.0000000000 	 0.0022604099 	
113.0000000000 	0.0500916047 	 0.1329328513 	0.0000000000 	 0.0022600548 	
113.5000000000 	0.0500861637 	 0.1329622889 	0.0000000000 	 0.0022597621 	
114.0000000000 	0.0500813653 	 0.1329909507 	0.0000000000 	 0.0022595151 	
114.5000000000 	0.0500768556 	 0.1330189392 	0.0000000000 	 0.0022592972 	
115.0000000000 	0.0500723061 	 0.1330463583 	0.0000000000 	 0.0022590925 	
115.5000000000 	0.0500674220 	 0.1330733029 	0.0000000000 	 0.0022588862 	
116.0000000000 	0.0500619497 	 0.1330998514 	0.0000000000 	 0.0022586650 	
116.5000000000 	0.0500556820 	 0.1331260584 	0.0000000000 	 0.0022584175 	
117.0000000000 	0.0500484615 	 0.1331519492 	0.0000000000 	 0.0022581345 	
117.5000000000 	0.0500401818 	 0.1331775168 	0.0000000000 	 0.0022578087 	
118.0000000000 	0.0500307871 	 0.1332027203 	0.0000000000 	 0.0022574354 	
118.5000000000 	0.0500202699 	 0.1332274849 	0.0000000000 	 0.0022570120 	
119.0000000000 	0.0500086667 	 0.1332517040 	0.0000000000 	 0.0022565382 	
119.5000000000 	0.0499960527 	 0.1332752429 	0.0000000000 	 0.0022560155 	
120.0000000000 	0.0499825356 	 0.1332979435 	0.0000000000 	 0.0022554474 	
120.5000000000 	0.0499682476 	 0.1333196301 	0.0000000000 	 0.0022548385 	
121.0000000000 	0.0499533383 	 0.1333401162 	0.0000000000 	 0.0022541949 	
121.5000000000 	0.0499379661 	 0.1333592111 	0.0000000000 	 0.0022535233 	
122.0000000000 	0.0499222914 	 0.1333767277 	0.0000000000 	 0.0022528306 	
122.5000000000 	0.0499064683 	 0.1333924887 	0.0000000000 	 0.0022521242 	
123.0000000000 	0.0498906390 	 0.1334063337 	0.0000000000 	 0.0022514110 	
123.5000000000 	0.0498749278 	 0.1334181245 	0.0000000000 	 0.0022506973 	
124.0000000000 	0.0498594368 	 0.1334277497 	0.0000000000 	 0.0022499888 	
124.5000000000 	0.0498442429 	 0.1334351292 	0.0000000000 	 0.0022492900 	
125.0000000000 	0.0498293958 	 0.1334402155 	0.0000000000 	 0.0022486044 	
125.5000000000 	0.0498149173 	 0.1334429961 	0.0000000000 	 0.0022479342 	
126.0000000000 	0.0498008023 	 0.1334434925 	0.0000000000 	 0.0022472806 	
126.5000000000 	0.0497870205 	 0.1334417598 	0.0000000000 	 0.0022466431 	
127.0000000000 	0.0497735190 	 0.1334378838 	0.0000000000 	 0.0022460206 	
127.5000000000 	0.0497602262 	 0.1334319781 	0.0000000000 	 0.0022454107 	
128.0000000000 	0.0497470557 	 0.1334241798 	0.0000000000 	 0.0022448101 	
128.5000000000 	0.0497339115 	 0.1334146451 	0.0000000000 	 0.0022442150 	
129.0000000000 	0.0497206924 	 0.1334035442 	0.0000000000 	 0.0022436211 	
129.5000000000 	0.0497072969 	 0.1333910560 	0.0000000000 	 0.0022430239 	
130.0000000000 	0.0496936280 	 0.1333773629 	0.0000000000 	 0.0022424187 	
130.5000000000 	0.0496795976 	 0.1333626462 	0.0000000000 	 0.0022418014 	
131.0000000000 	0.0496651294 	 0.1333470811 	0.0000000000 	 0.0022411678 	
131.5000000000 	0.0496501630 	 0.1333308326 	0.0000000000 	 0.0022405146 	
132.0000000000 	0.0496346552 	 0.1333140527 	0.0000000000 	 0.0022398391 	
132.5000000000 	0.0496185819 	 0.1332968774 	0.0000000000 	 0.0022391392 	
133.0000000000 	0.0496019389 	 0.1332794248 	0.0000000000 	 0.0022384140 	
133.5000000000 	0.0495847410 	 0.1332617943 	0.0000000000 	 0.0022376632 	
134.0000000000 	0.0495670217 	 0.1332440663 	0.0000000000 	 0.0022368874 	
134.5000000000 	0.0495488313 	 0.1332263030 	0.0000000000 	 0.0022360883 	
135.0000000000 	0.0495302347 	 0.1332085490 	0.0000000000 	 0.0022352679 	
135.5000000000 	0.0495113086 	 0.1331908339 	0.0000000000 	 0.0022344293 	
136.0000000000 	0.0494921387 	 0.1331731740 	0.0000000000 	 0.0022335758 	
136.5000000000 	0.0494728163 	 0.1331555749 	0.0000000000 	 0.0022327114 	
137.0000000000 	0.0494534352 	 0.1331380347 	0.0000000000 	 0.0022318401 	
137.5000000000 	0.0494340886 	 0.1331205464 	0.0000000000 	 0.0022309660 	
138.0000000000 	0.0494148658 	 0.1331031012 	0.0000000000 	 0.0022300935 	
138.5000000000 	0.0493958498 	 0.1330856906 	0.0000000000 	 0.0022292266 	
139.0000000000 	0.0493771153 	 0.1330683092 	0.0000000000 	 0.0022283688 	
139.5000000000 	0.0493587261 	 0.1330509563 	0.0000000000 	 0.0022275238 	
140.0000000000 	0.0493407348 	 0.1330336380 	0.0000000000 	 0.0022266942 	
140.5000000000 	0.0493231813 	 0.1330163678 	0.0000000000 	 0.0022258825 	
141.0000000000 	0.0493060927 	 0.1329991676 	0.0000000000 	 0.0022250904 	
141.5000000000 	0.0492894840 	 0.1329820676 	0.0000000000 	 0.0022243193 	
142.0000000000 	0.0492733582 	 0.1329651060 	0.0000000000 	 0.0022235698 	
142.5000000000 	0.0492577078 	 0.1329483284 	0.0000000000 	 0.0022228420 	
143.0000000000 	0.0492425164 	 0.1329317866 	0.0000000000 	 0.0022221356 	
143.5000000000 	0.0492277598 	 0.1329155371 	0.0000000000 	 0.0022214499 	
144.0000000000 	0.0492134084 	 0.1328996398 	0.0000000000 	 0.0022207838 	
144.5000000000 	0.0491994292 	 0.1328841557 	0.0000000000 	 0.0022201361 	
145.0000000000 	0.0491857872 	 0.1328691455 	0.0000000000 	 0.0022195051 	
145.5000000000 	0.0491724478 	 0.1328546675 	0.0000000000 	 0.0022188894 	
146.0000000000 	0.0491593781 	 0.1328407762 	0.0000000000 	 0.0022182873 	
146.5000000000 	0.0491465487 	 0.1328275205 	0.0000000000 	 0.0022176975 	
147.0000000000 	0.0491339347 	 0.1328149424 	0.0000000000 	 0.0022171186 	
147.5000000000 	0.0491215166 	 0.1328030760 	0.0000000000 	 0.0022165494 	
148.0000000000 	0.0491092809 	 0.1327919468 	0.0000000000 	 0.0022159892 	
148.5000000000 	0.0490972205 	 0.1327815710 	0.0000000000 	 0.0022154372 	
149.0000000000 	0.0490853345 	 0.1327719559 	0.0000000000 	 0.0022148932 	
149.5000000000 	0.0490736280 	 0.1327630995 	0.0000000000 	 0.0022143571 	
150.0000000000 	0.0490621112 	 0.1327549912 	0.0000000000 	 0.0022138291 	
150.5000000000 	0.0490507991 	 0.1327476126 	0.0000000000 	 0.0022133097 	
151.0000000000 	0.0490397099 	 0.1327409384 	0.0000000000 	 0.0022127996 	
151.5000000000 	0.0490288644 	 0.1327349374 	0.0000000000 	 0.0022122995 	
152.0000000000 	0.0490182846 	 0.1327295740 	0.0000000000 	 0.0022118104 	
152.5000000000 	0.0490079927 	 0.1327248089 	0.0000000000 	 0.0022113333 	
153.0000000000 	0.0489980097 	 0.1327206011 	0.0000000000 	 0.0022108692 	
153.5000000000 	0.0489883546 	 0.1327169087 	0.0000000000 	 0.0022104190 	
154.0000000000 	0.0489790434 	 0.1327136901 	0.0000000000 	 0.0022099836 	
154.5000000000 	0.0489700883 	 0.1327109050 	0.0000000000 	 0.0022095636 	
155.0000000000 	0.0489614974 	 0.1327085156 	0.0000000000 	 0.0022091597 	
155.5000000000 	0.0489532739 	 0.1327064869 	0.0000000000 	 0.0022087722 	
156.0000000000 	0.0489454166 	 0.1327047874 	0.0000000000 	 0.0022084012 	
156.5000000000 	0.0489379190 	 0.1327033892 	0.0000000000 	 0.0022080467 	
157.0000000000 	0.0489307706 	 0.1327022686 	0.0000000000 	 0.0022077084 	
157.5000000000 	0.0489239564 	 0.1327014053 	0.0000000000 	 0.0022073859 	
158.0000000000 	0.0489174580 	 0.1327007827 	0.0000000000 	 0.0022070784 	
158.5000000000 	0.0489112542 	 0.1327003874 	0.0000000000 	 0.0022067851 	
159.0000000000 	0.0489053213 	 0.1327002085 	0.0000000000 	 0.0022065051 	
159.5000000000 	0.0488996346 	 0.1327002372 	0.0000000000 	 0.0022062373 	
160.0000000000 	0.0488941685 	 0.1327004661 	0.0000000000 	 0.0022059807 	
160.5000000000 	0.0488888979 	 0.1327008886 	0.0000000000 	 0.0022057340 	
161.0000000000 	0.0488837983 	 0.1327014980 	0.0000000000 	 0.0022054961 	
161.5000000000 	0.0488788470 	 0.1327022875 	0.0000000000 	 0.0022052660 	
162.0000000000 	0.0488740234 	 0.1327032488 	0.0000000000 	 0.0022050425 	
162.5000000000 	0.0488693094 	 0.1327043724 	0.0000000000 	 0.0022048249 	
163.0000000000 	0.0488646897 	 0.1327056473 	0.0000000000 	 0.0022046122 	
163.5000000000 	0.0488601521 	 0.1327070599 	0.0000000000 	 0.0022044037 	
164.0000000000 	0.0488556873 	 0.1327085951 	0.0000000000 	 0.0022041990 	
164.5000000000 	0.0488512893 	 0.1327102355 	0.0000000000 	 0.0022039976 	
165.0000000000 	0.0488469544 	 0.1327119617 	0.0000000000 	 0.0022037993 	
165.5000000000 	0.0488426818 	 0.1327137530 	0.0000000000 	 0.0022036038 	
166.0000000000 	0.0488384724 	 0.1327155870 	0.0000000000 	 0.0022034111 	
166.5000000000 	0.0488343289 	 0.1327174408 	0.0000000000 	 0.0022032212 	
167.0000000000 	0.0488302552 	 0.1327192907 	0.0000000000 	 0.0022030344 	
167.5000000000 	0.0488262557 	 0.1327211133 	0.0000000000 	 0.0022028507 	
168.0000000000 	0.0488223351 	 0.1327228857 	0.0000000000 	 0.0022026703 	
168.5000000000 	0.0488184978 	 0.1327245861 	0.0000000000 	 0.0022024935 	
169.0000000000 	0.0488147474 	 0.1327261939 	0.0000000000 	 0.0022023204 	
169.5000000000 	0.0488110866 	 0.1327276909 	0.0000000000 	 0.0022021512 	
170.0000000000 	0.0488075166 	 0.1327290606 	0.0000000000 	 0.0022019861 	
170.5000000000 	0.0488040371 	 0.1327302895 	0.0000000000 	 0.0022018251 	
171.0000000000 	0.0488006464 	 0.1327313663 	0.0000000000 	 0.0022016681 	
171.5000000000 	0.0487973407 	 0.1327322828 	0.0000000000 	 0.0022015151 	
172.0000000000 	0.0487941150 	 0.1327330334 	0.0000000000 	 0.0022013659 	
172.5000000000 	0.0487909625 	 0.1327336154 	0.0000000000 	 0.0022012203 	
173.0000000000 	0.0487878754 	 0.1327340284 	0.0000000000 	 0.0022010781 	
173.5000000000 	0.0487848445 	 0.1327342745 	0.0000000000 	 0.0022009387 	
174.0000000000 	0.0487818603 	 0.1327343577 	0.0000000000 	 0.0022008019 	
174.5000000000 	0.0487789124 	 0.1327342840 	0.0000000000 	 0.0022006672 	
175.0000000000 	0.0487759907 	 0.1327340605 	0.0000000000 	 0.0022005342 	
175.5000000000 	0.0487730852 	 0.1327336955 	0.0000000000 	 0.0022004023 	
176.0000000000 	0.0487701863 	 0.1327331979 	0.0000000000 	 0.0022002712 	
176.5000000000 	0.0487672854 	 0.1327325770 	0.0000000000 	 0.0022001403 	
177.0000000000 	0.0487643749 	 0.1327318418 	0.0000000000 	 0.0022000094 	
177.5000000000 	0.0487614487 	 0.1327310015 	0.0000000000 	 0.0021998781 	
178.0000000000 	0.0487585017 	 0.1327300644 	0.0000000000 	 0.0021997460 	
178.5000000000 	0.0487555306 	 0.1327290382 	0.0000000000 	 0.0021996130 	
179.0000000000 	0.0487525337 	 0.1327279297 	0.0000000000 	 0.0021994790 	
179.5000000000 	0.0487495107 	 0.1327267449 	0.0000000000 	 0.0021993438 	
180.0000000000 	0.0487464626 	 0.1327254888 	0.0000000000 	 0.0021992074 	
180.5000000000 	0.0487433920 	 0.1327241653 	0.0000000000 	 0.0021990699 	
181.0000000000 	0.0487403026 	 0.1327227776 	0.0000000000 	 0.0021989314 	
181.5000000000 	0.0487371988 	 0.1327213282 	0.0000000000 	 0.0021987920 	
182.0000000000 	0.0487340859 	 0.1327198189 	0.0000000000 	 0.0021986520 	
182.5000000000 	0.0487309699 	 0.1327182510 	0.0000000000 	 0.0021985116 	
183.0000000000 	0.0487278568 	 0.1327166256 	0.0000000000 	 0.0021983710 	
183.5000000000 	0.0487247527 	 0.1327149439 	0.0000000000 	 0.0021982306 	
184.0000000000 	0.0487216635 	 0.1327132069 	0.0000000000 	 0.0021980905 	
184.5000000000 	0.0487185949 	 0.1327114160 	0.0000000000 	 0.0021979512 	
185.0000000000 	0.0487155519 	 0.1327095731 	0.0000000000 	 0.0021978128 	
185.5000000000 	0.0487125390 	 0.1327076805 	0.0000000000 	 0.0021976755 	
186.0000000000 	0.0487095596 	 0.1327057412 	0.0000000000 	 0.0021975395 	
186.5000000000 	0.0487066168 	 0.1327037588 	0.0000000000 	 0.0021974051 	
187.0000000000 	0.0487037125 	 0.1327017376 	0.0000000000 	 0.0021972723 	
187.5000000000 	0.0487008479 	 0.1326996828 	0.0000000000 	 0.0021971413 	
188.0000000000 	0.0486980235 	 0.1326975999 	0.0000000000 	 0.0021970120 	
188.5000000000 	0.0486952389 	 0.1326954952 	0.0000000000 	 0.0021968846 	
189.0000000000 	0.0486924935 	 0.1326933755 	0.0000000000 	 0.0021967589 	
189.5000000000 	0.0486897858 	 0.1326912480 	0.0000000000 	 0.0021966350 	
190.0000000000 	0.0486871143 	 0.1326891198 	0.0000000000 	 0.0021965128 	
190.5000000000 	0.0486844770 	 0.1326869984 	0.0000000000 	 0.0021963923 	
191.0000000000 	0.0486818721 	 0.1326848912 	0.0000000000 	 0.0021962733 	
191.5000000000 	0.0486792978 	 0.1326828053 	0.0000000000 	 0.0021961557 	
192.0000000000 	0.0486767523 	 0.1326807476 	0.0000000000 	 0.0021960396 	
192.5000000000 	0.0486742342 	 0.1326787243 	0.0000000000 	 0.0021959247 	
193.0000000000 	0.0486717425 	 0.1326767413 	0.0000000000 	 0.0021958111 	
193.5000000000 	0.0486692766 	 0.1326748037 	0.0000000000 	 0.0021956987 	
194.0000000000 	0.0486668361 	 0.1326729159 	0.0000000000 	 0.0021955874 	
194.5000000000 	0.0486644216 	 0.1326710817 	0.0000000000 	 0.0021954773 	
195.0000000000 	0.0486620335 	 0.1326693039 	0.0000000000 	 0.0021953684 	
195.5000000000 	0.0486596731 	 0.1326675847 	0.0000000000 	 0.0021952606 	
196.0000000000 	0.0486573420 	 0.1326659255 	0.0000000000 	 0.0021951542 	
196.5000000000 	0.0486550419 	 0.1326643272 	0.0000000000 	 0.0021950490 	
197.0000000000 	0.0486527750 	 0.1326627898 	0.0000000000 	 0.0021949453 	
197.5000000000 	0.0486505433 	 0.1326613130 	0.0000000000 	 0.0021948430 	
198.0000000000 	0.0486483493 	 0.1326598960 	0.0000000000 	 0.0021947423 	
198.5000000000 	0.0486461952 	 0.1326585375 	0.0000000000 	 0.0021946434 	
199.0000000000 	0.0486440832 	 0.1326572361 	0.0000000000 	 0.0021945462 	
199.5000000000 	0.0486420151 	 0.1326559902 	0.0000000000 	 0.0021944509 	
200.0000000000 	0.0486399927 	 0.1326547981 	0.0000000000 	 0.0021943576 	
200.5000000000 	0.0486380175 	 0.1326536581 	0.0000000000 	 0.0021942664 	
201.0000000000 	0.0486360903 	 0.1326525685 	0.0000000000 	 0.0021941773 	
201.5000000000 	0.0486342118 	 0.1326515277 	0.0000000000 	 0.0021940903 	
202.0000000000 	0.0486323824 	 0.1326505344 	0.0000000000 	 0.0021940056 	
202.5000000000 	0.0486306017 	 0.1326495872 	0.0000000000 	 0.0021939230 	
203.0000000000 	0.0486288694 	 0.1326486852 	0.0000000000 	 0.0021938427 	
203.5000000000 	0.0486271844 	 0.1326478274 	0.0000000000 	 0.0021937645 	
204.0000000000 	0.0486255456 	 0.1326470131 	0.0000000000 	 0.0021936885 	
204.5000000000 	0.0486239515 	 0.1326462417 	0.0000000000 	 0.0021936146 	
205.0000000000 	0.0486224003 	 0.1326455128 	0.0000000000 	 0.0021935426 	
205.5000000000 	0.0486208904 	 0.1326448258 	0.0000000000 	 0.0021934727 	
206.0000000000 	0.0486194197 	 0.1326441805 	0.0000000000 	 0.0021934045 	
206.5000000000 	0.0486179862 	 0.1326435763 	0.0000000000 	 0.0021933382 	
207.0000000000 	0.0486165881 	 0.1326430128 	0.0000000000 	 0.0021932735 	
207.5000000000 	0.0486152234 	 0.1326424894 	0.0000000000 	 0.0021932104 	
208.0000000000 	0.0486138904 	 0.1326420054 	0.0000000000 	 0.0021931488 	
208.5000000000 	0.0486125874 	 0.1326415597 	0.0000000000 	 0.0021930887 	
209.0000000000 	0.0486113131 	 0.1326411514 	0.0000000000 	 0.0021930299 	
209.5000000000 	0.0486100662 	 0.1326407790 	0.0000000000 	 0.0021929724 	
210.0000000000 	0.0486088456 	 0.1326404410 	0.0000000000 	 0.0021929162 	
210.5000000000 	0.0486076506 	 0.1326401357 	0.0000000000 	 0.0021928611 	
211.0000000000 	0.0486064804 	 0.1326398611 	0.0000000000 	 0.0021928072 	
211.5000000000 	0.0486053345 	 0.1326396152 	0.0000000000 	 0.0021927544 	
212.0000000000 	0.0486042126 	 0.1326393956 	0.0000000000 	 0.0021927027 	
212.5000000000 	0.0486031145 	 0.1326392000 	0.0000000000 	 0.0021926521 	
213.0000000000 	0.0486020399 	 0.1326390259 	0.0000000000 	 0.0021926026 	
213.5000000000 	0.0486009888 	 0.1326388708 	0.0000000000 	 0.0021925541 	
214.0000000000 	0.0485999611 	 0.1326387323 	0.0000000000 	 0.0021925067 	
214.5000000000 	0.0485989566 	 0.1326386078 	0.0000000000 	 0.0021924603 	
215.0000000000 	0.0485979753 	 0.1326384950 	0.0000000000 	 0.0021924150 	
215.5000000000 	0.0485970167 	 0.1326383916 	0.0000000000 	 0.0021923707 	
216.0000000000 	0.0485960808 	 0.1326382955 	0.0000000000 	 0.0021923275 	
216.5000000000 	0.0485951669 	 0.1326382047 	0.0000000000 	 0.0021922853 	
217.0000000000 	0.0485942746 	 0.1326381174 	0.0000000000 	 0.0021922440 	
217.5000000000 	0.0485934032 	 0.1326380321 	0.0000000000 	 0.0021922038 	
218.0000000000 	0.0485925519 	 0.1326379472 	0.0000000000 	 0.0021921645 	
218.5000000000 	0.0485917198 	 0.1326378618 	0.0000000000 	 0.0021921261 	
219.0000000000 	0.0485909061 	 0.1326377747 	0.0000000000 	 0.0021920885 	
219.5000000000 	0.0485901096 	 0.1326376850 	0.0000000000 	 0.0021920518 	
220.0000000000 	0.0485893293 	 0.1326375923 	0.0000000000 	 0.0021920159 	
220.5000000000 	0.0485885641 	 0.1326374959 	0.0000000000 	 0.0021919807 	
221.0000000000 	0.0485878127 	 0.1326373954 	0.0000000000 	 0.0021919461 	
221.5000000000 	0.0485870742 	 0.1326372907 	0.0000000000 	 0.0021919122 	
222.0000000000 	0.0485863474 	 0.1326371814 	0.0000000000 	 0.0021918789 	
222.5000000000 	0.0485856313 	 0.1326370675 	0.0000000000 	 0.0021918461 	
223.0000000000 	0.0485849251 	 0.1326369489 	0.0000000000 	 0.0021918138 	
223.5000000000 	0.0485842278 	 0.1326368254 	0.0000000000 	 0.0021917819 	
224.0000000000 	0.0485835388 	 0.1326366970 	0.0000000000 	 0.0021917505 	
224.5000000000 	0.0485828574 	 0.1326365635 	0.0000000000 	 0.0021917194 	
225.0000000000 	0.0485821831 	 0.1326364250 	0.0000000000 	 0.0021916886 	
225.5000000000 	0.0485815156 	 0.1326362812 	0.0000000000 	 0.0021916582 	
226.0000000000 	0.0485808546 	 0.1326361320 	0.0000000000 	 0.0021916281 	
226.5000000000 	0.0485801998 	 0.1326359772 	0.0000000000 	 0.0021915983 	
227.0000000000 	0.0485795512 	 0.1326358166 	0.0000000000 	 0.0021915687 	
227.5000000000 	0.0485789089 	 0.1326356499 	0.0000000000 	 0.0021915395 	
228.0000000000 	0.0485782728 	 0.1326354770 	0.0000000000 	 0.0021915105 	
228.5000000000 	0.0485776431 	 0.1326352976 	0.0000000000 	 0.0021914818 	
229.0000000000 	0.0485770199 	 0.1326351116 	0.0000000000 	 0.0021914534 	
229.5000000000 	0.0485764035 	 0.1326349187 	0.0000000000 	 0.0021914253 	
230.0000000000 	0.0485757938 	 0.1326347189 	0.0000000000 	 0.0021913975 	
230.5000000000 	0.0485751912 	 0.1326345120 	0.0000000000 	 0.0021913700 	
231.0000000000 	0.0485745957 	 0.1326342981 	0.0000000000 	 0.0021913428 	
231.5000000000 	0.0485740074 	 0.1326340771 	0.0000000000 	 0.0021913159 	
232.0000000000 	0.0485734264 	 0.1326338494 	0.0000000000 	 0.0021912894 	
232.5000000000 	0.0485728526 	 0.1326336149 	0.0000000000 	 0.0021912632 	
233.0000000000 	0.0485722862 	 0.1326333741 	0.0000000000 	 0.0021912373 	
233.5000000000 	0.0485717270 	 0.1326331272 	0.0000000000 	 0.0021912117 	
234.0000000000 	0.0485711748 	 0.1326328747 	0.0000000000 	 0.0021911865 	
234.5000000000 	0.0485706296 	 0.1326326172 	0.0000000000 	 0.0021911616 	
235.0000000000 	0.0485700911 	 0.1326323550 	0.0000000000 	 0.0021911370 	
235.5000000000 	0.0485695592 	 0.1326320889 	0.0000000000 	 0.0021911127 	
236.0000000000 	0.0485690337 	 0.1326318194 	0.0000000000 	 0.0021910887 	
236.5000000000 	0.0485685142 	 0.1326315472 	0.0000000000 	 0.0021910650 	
237.0000000000 	0.0485680008 	 0.1326312729 	0.0000000000 	 0.0021910415 	
237.5000000000 	0.0485674930 	 0.1326309973 	0.0000000000 	 0.0021910183 	
238.0000000000 	0.0485669908 	 0.1326307209 	0.0000000000 	 0.0021909954 	
238.5000000000 	0.0485664940 	 0.1326304444 	0.0000000000 	 0.0021909728 	
239.0000000000 	0.0485660025 	 0.1326301684 	0.0000000000 	 0.0021909504 	
239.5000000000 	0.0485655163 	 0.1326298934 	0.0000000000 	 0.0021909282 	
240.0000000000 	0.0485650352 	 0.1326296200 	0.0000000000 	 0.0021909062 	
240.5000000000 	0.0485645593 	 0.1326293486 	0.0000000000 	 0.0021908845 	
241.0000000000 	0.0485640886 	 0.1326290797 	0.0000000000 	 0.0021908631 	
241.5000000000 	0.0485636233 	 0.1326288135 	0.0000000000 	 0.0021908418 	
242.0000000000 	0.0485631633 	 0.1326285505 	0.0000000000 	 0.0021908208 	
242.5000000000 	0.0485627089 	 0.1326282910 	0.0000000000 	 0.0021908001 	
243.0000000000 	0.0485622602 	 0.1326280350 	0.0000000000 	 0.0021907796 	
243.5000000000 	0.0485618173 	 0.1326277829 	0.0000000000 	 0.0021907593 	
244.0000000000 	0.0485613805 	 0.1326275348 	0.0000000000 	 0.0021907394 	
244.5000000000 	0.0485609499 	 0.1326272908 	0.0000000000 	 0.0021907197 	
245.0000000000 	0.0485605256 	 0.1326270511 	0.0000000000 	 0.0021907002 	
245.5000000000 	0.0485601079 	 0.1326268157 	0.0000000000 	 0.0021906811 	
246.0000000000 	0.0485596968 	 0.1326265847 	0.0000000000 	 0.0021906622 	
246.5000000000 	0.0485592925 	 0.1326263582 	0.0000000000 	 0.0021906437 	
247.0000000000 	0.0485588951 	 0.1326261362 	0.0000000000 	 0.0021906255 	
247.5000000000 	0.0485585047 	 0.1326259189 	0.0000000000 	 0.0021906075 	
248.0000000000 	0.0485581211 	 0.1326257062 	0.0000000000 	 0.0021905899 	
248.5000000000 	0.0485577446 	 0.1326254984 	0.0000000000 	 0.0021905726 	
249.0000000000 	0.0485573750 	 0.1326252954 	0.0000000000 	 0.0021905556 	
249.5000000000 	0.0485570123 	 0.1326250974 	0.0000000000 	 0.0021905390 	
250.0000000000 	0.0485566564 	 0.1326249044 	0.0000000000 	 0.0021905226 	
250.5000000000 	0.0485563072 	 0.1326247166 	0.0000000000 	 0.0021905065 	
251.0000000000 	0.0485559646 	 0.1326245339 	0.0000000000 	 0.0021904908 	
251.5000000000 	0.0485556285 	 0.1326243566 	0.0000000000 	 0.0021904753 	
252.0000000000 	0.0485552988 	 0.1326241847 	0.0000000000 	 0.0021904602 	
252.5000000000 	0.0485549753 	 0.1326240182 	0.0000000000 	 0.0021904453 	
253.0000000000 	0.0485546578 	 0.1326238573 	0.0000000000 	 0.0021904307 	
253.5000000000 	0.0485543462 	 0.1326237018 	0.0000000000 	 0.0021904164 	
254.0000000000 	0.0485540405 	 0.1326235520 	0.0000000000 	 0.0021904023 	
254.5000000000 	0.0485537404 	 0.1326234076 	0.0000000000 	 0.0021903885 	
255.0000000000 	0.0485534458 	 0.1326232688 	0.0000000000 	 0.0021903750 	
255.5000000000 	0.0485531567 	 0.1326231354 	0.0000000000 	 0.0021903617 	
256.0000000000 	0.0485528730 	 0.1326230074 	0.0000000000 	 0.0021903486 	
256.5000000000 	0.0485525945 	 0.1326228846 	0.0000000000 	 0.0021903358 	
257.0000000000 	0.0485523212 	 0.1326227670 	0.0000000000 	 0.0021903233 	
257.5000000000 	0.0485520531 	 0.1326226543 	0.0000000000 	 0.0021903109 	
258.0000000000 	0.0485517901 	 0.1326225465 	0.0000000000 	 0.0021902988 	
258.5000000000 	0.0485515322 	 0.1326224433 	0.0000000000 	 0.0021902870 	
259.0000000000 	0.0485512792 	 0.1326223445 	0.0000000000 	 0.0021902753 	
259.5000000000 	0.0485510313 	 0.1326222500 	0.0000000000 	 0.0021902639 	
260.0000000000 	0.0485507882 	 0.1326221595 	0.0000000000 	 0.0021902527 	
260.5000000000 	0.0485505501 	 0.1326220728 	0.0000000000 	 0.0021902418 	
261.0000000000 	0.0485503167 	 0.1326219897 	0.0000000000 	 0.0021902310 	
261.5000000000 	0.0485500882 	 0.1326219099 	0.0000000000 	 0.0021902205 	
262.0000000000 	0.0485498643 	 0.1326218334 	0.0000000000 	 0.0021902102 	
262.5000000000 	0.0485496451 	 0.1326217597 	0.0000000000 	 0.0021902001 	
263.0000000000 	0.0485494305 	 0.1326216888 	0.0000000000 	 0.0021901902 	
263.5000000000 	0.0485492203 	 0.1326216205 	0.0000000000 	 0.0021901805 	
264.0000000000 	0.0485490145 	 0.1326215546 	0.0000000000 	 0.0021901710 	
264.5000000000 	0.0485488129 	 0.1326214910 	0.0000000000 	 0.0021901618 	
265.0000000000 	0.0485486155 	 0.1326214294 	0.0000000000 	 0.0021901527 	
265.5000000000 	0.0485484221 	 0.1326213698 	0.0000000000 	 0.0021901438 	
266.0000000000 	0.0485482325 	 0.1326213120 	0.0000000000 	 0.0021901350 	
266.5000000000 	0.0485480467 	 0.1326212559 	0.0000000000 	 0.0021901265 	
267.0000000000 	0.0485478645 	 0.1326212015 	0.0000000000 	 0.0021901181 	
267.5000000000 	0.0485476857 	 0.1326211485 	0.0000000000 	 0.0021901099 	
268.0000000000 	0.0485475103 	 0.1326210969 	0.0000000000 	 0.0021901018 	
268.5000000000 	0.0485473381 	 0.1326210466 	0.0000000000 	 0.0021900939 	
269.0000000000 	0.0485471689 	 0.1326209975 	0.0000000000 	 0.0021900861 	
269.5000000000 	0.0485470028 	 0.1326209495 	0.0000000000 	 0.0021900785 	
270.0000000000 	0.0485468395 	 0.1326209025 	0.0000000000 	 0.0021900710 	
270.5000000000 	0.0485466789 	 0.1326208565 	0.0000000000 	 0.0021900636 	
271.0000000000 	0.0485465210 	 0.1326208114 	0.0000000000 	 0.0021900564 	
271.5000000000 	0.0485463657 	 0.1326207670 	0.0000000000 	 0.0021900493 	
272.0000000000 	0.0485462129 	 0.1326207234 	0.0000000000 	 0.0021900423 	
272.5000000000 	0.0485460626 	 0.1326206803 	0.0000000000 	 0.0021900354 	
273.0000000000 	0.0485459146 	 0.1326206377 	0.0000000000 	 0.0021900286 	
273.5000000000 	0.0485457689 	 0.1326205956 	0.0000000000 	 0.0021900219 	
274.0000000000 	0.0485456255 	 0.1326205538 	0.0000000000 	 0.0021900153 	
274.5000000000 	0.0485454844 	 0.1326205122 	0.0000000000 	 0.0021900089 	
275.0000000000 	0.0485453454 	 0.1326204709 	0.0000000000 	 0.0021900025 	
275.5000000000 	0.0485452086 	 0.1326204296 	0.0000000000 	 0.0021899962 	
276.0000000000 	0.0485450740 	 0.1326203884 	0.0000000000 	 0.0021899901 	
276.5000000000 	0.0485449414 	 0.1326203472 	0.0000000000 	 0.0021899840 	
277.0000000000 	0.0485448108 	 0.1326203060 	0.0000000000 	 0.0021899780 	
277.5000000000 	0.0485446823 	 0.1326202646 	0.0000000000 	 0.0021899721 	
278.0000000000 	0.0485445558 	 0.1326202231 	0.0000000000 	 0.0021899663 	
278.5000000000 	0.0485444312 	 0.1326201814 	0.0000000000 	 0.0021899606 	
279.0000000000 	0.0485443085 	 0.1326201395 	0.0000000000 	 0.0021899550 	
279.5000000000 	0.0485441876 	 0.1326200974 	0.0000000000 	 0.0021899494 	
280.0000000000 	0.0485440686 	 0.1326200551 	0.0000000000 	 0.0021899440 	
280.5000000000 	0.0485439514 	 0.1326200125 	0.0000000000 	 0.0021899386 	
281.0000000000 	0.0485438358 	 0.1326199698 	0.0000000000 	 0.0021899333 	
281.5000000000 	0.0485437220 	 0.1326199269 	0.0000000000 	 0.0021899281 	
282.0000000000 	0.0485436097 	 0.1326198838 	0.0000000000 	 0.0021899230 	
282.5000000000 	0.0485434991 	 0.1326198406 	0.0000000000 	 0.0021899179 	
283.0000000000 	0.0485433900 	 0.1326197972 	0.0000000000 	 0.0021899129 	
283.5000000000 	0.0485432824 	 0.1326197538 	0.0000000000 	 0.0021899080 	
284.0000000000 	0.0485431763 	 0.1326197103 	0.0000000000 	 0.0021899031 	
284.5000000000 	0.0485430716 	 0.1326196669 	0.0000000000 	 0.0021898984 	
285.0000000000 	0.0485429683 	 0.1326196234 	0.0000000000 	 0.0021898936 	
285.5000000000 	0.0485428664 	 0.1326195800 	0.0000000000 	 0.0021898890 	
286.0000000000 	0.0485427658 	 0.1326195367 	0.0000000000 	 0.0021898844 	
286.5000000000 	0.0485426665 	 0.1326194935 	0.0000000000 	 0.0021898798 	
287.0000000000 	0.0485425686 	 0.1326194504 	0.0000000000 	 0.0021898754 	
287.5000000000 	0.0485424719 	 0.1326194076 	0.0000000000 	 0.0021898709 	
288.0000000000 	0.0485423766 	 0.1326193649 	0.0000000000 	 0.0021898666 	
288.5000000000 	0.0485422825 	 0.1326193224 	0.0000000000 	 0.0021898623 	
289.0000000000 	0.0485421897 	 0.1326192802 	0.0000000000 	 0.0021898580 	
289.5000000000 	0.0485420982 	 0.1326192383 	0.0000000000 	 0.0021898538 	
290.0000000000 	0.0485420079 	 0.1326191967 	0.0000000000 	 0.0021898497 	
290.5000000000 	0.0485419189 	 0.1326191554 	0.0000000000 	 0.0021898456 	
291.0000000000 	0.0485418312 	 0.1326191144 	0.0000000000 	 0.0021898416 	
291.5000000000 	0.0485417448 	 0.1326190738 	0.0000000000 	 0.0021898377 	
292.0000000000 	0.0485416596 	 0.1326190335 	0.0000000000 	 0.0021898338 	
292.5000000000 	0.0485415757 	 0.1326189936 	0.0000000000 	 0.0021898299 	
293.0000000000 	0.0485414930 	 0.1326189541 	0.0000000000 	 0.0021898261 	
293.5000000000 	0.0485414116 	 0.1326189150 	0.0000000000 	 0.0021898224 	
294.0000000000 	0.0485413315 	 0.1326188764 	0.0000000000 	 0.0021898187 	
294.5000000000 	0.0485412526 	 0.1326188382 	0.0000000000 	 0.0021898151 	
295.0000000000 	0.0485411749 	 0.1326188005 	0.0000000000 	 0.0021898116 	
295.5000000000 	0.0485410985 	 0.1326187634 	0.0000000000 	 0.0021898081 	
296.0000000000 	0.0485410233 	 0.1326187267 	0.0000000000 	 0.0021898046 	
296.5000000000 	0.0485409492 	 0.1326186906 	0.0000000000 	 0.0021898012 	
297.0000000000 	0.0485408764 	 0.1326186550 	0.0000000000 	 0.0021897979 	
297.5000000000 	0.0485408047 	 0.1326186200 	0.0000000000 	 0.0021897946 	
298.0000000000 	0.0485407342 	 0.1326185856 	0.0000000000 	 0.0021897914 	
298.5000000000 	0.0485406648 	 0.1326185519 	0.0000000000 	 0.0021897882 	
299.0000000000 	0.0485405965 	 0.1326185187 	0.0000000000 	 0.0021897850 	
299.5000000000 	0.0485405293 	 0.1326184863 	0.0000000000 	 0.0021897820 	
300.0000000000 	0.0485404632 	 0.1326184544 	0.0000000000 	 0.0021897789 	
300.5000000000 	0.0485403982 	 0.1326184233 	0.0000000000 	 0.0021897760 	
301.0000000000 	0.0485403343 	 0.1326183928 	0.0000000000 	 0.0021897730 	
301.5000000000 	0.0485402714 	 0.1326183630 	0.0000000000 	 0.0021897701 	
302.0000000000 	0.0485402095 	 0.1326183339 	0.0000000000 	 0.0021897673 	
302.5000000000 	0.0485401487 	 0.1326183055 	0.0000000000 	 0.0021897645 	
303.0000000000 	0.0485400889 	 0.1326182778 	0.0000000000 	 0.0021897618 	
303.5000000000 	0.0485400301 	 0.1326182507 	0.0000000000 	 0.0021897591 	
304.0000000000 	0.0485399722 	 0.1326182243 	0.0000000000 	 0.0021897564 	
304.5000000000 	0.0485399154 	 0.1326181986 	0.0000000000 	 0.0021897538 	
305.0000000000 	0.0485398595 	 0.1326181736 	0.0000000000 	 0.0021897512 	
305.5000000000 	0.0485398047 	 0.1326181492 	0.0000000000 	 0.0021897487 	
306.0000000000 	0.0485397507 	 0.1326181254 	0.0000000000 	 0.0021897462 	
306.5000000000 	0.0485396977 	 0.1326181023 	0.0000000000 	 0.0021897438 	
307.0000000000 	0.0485396457 	 0.1326180798 	0.0000000000 	 0.0021897414 	
307.5000000000 	0.0485395946 	 0.1326180579 	0.0000000000 	 0.0021897391 	
308.0000000000 	0.0485395444 	 0.1326180365 	0.0000000000 	 0.0021897368 	
308.5000000000 	0.0485394952 	 0.1326180157 	0.0000000000 	 0.0021897345 	
309.0000000000 	0.0485394468 	 0.1326179955 	0.0000000000 	 0.0021897323 	
309.5000000000 	0.0485393993 	 0.1326179758 	0.0000000000 	 0.0021897301 	
310.0000000000 	0.0485393527 	 0.1326179566 	0.0000000000 	 0.0021897279 	
310.5000000000 	0.0485393069 	 0.1326179379 	0.0000000000 	 0.0021897258 	
311.0000000000 	0.0485392620 	 0.1326179198 	0.0000000000 	 0.0021897238 	
311.5000000000 	0.0485392179 	 0.1326179021 	0.0000000000 	 0.0021897218 	
312.0000000000 	0.0485391746 	 0.1326178848 	0.0000000000 	 0.0021897198 	
312.5000000000 	0.0485391320 	 0.1326178681 	0.0000000000 	 0.0021897178 	
313.0000000000 	0.0485390903 	 0.1326178517 	0.0000000000 	 0.0021897159 	
313.5000000000 	0.0485390493 	 0.1326178358 	0.0000000000 	 0.0021897140 	
314.0000000000 	0.0485390091 	 0.1326178203 	0.0000000000 	 0.0021897122 	
314.5000000000 	0.0485389695 	 0.1326178052 	0.0000000000 	 0.0021897103 	
315.0000000000 	0.0485389307 	 0.1326177905 	0.0000000000 	 0.0021897086 	
315.5000000000 	0.0485388926 	 0.1326177761 	0.0000000000 	 0.0021897068 	
316.0000000000 	0.0485388551 	 0.1326177622 	0.0000000000 	 0.0021897051 	
316.5000000000 	0.0485388183 	 0.1326177485 	0.0000000000 	 0.0021897034 	
317.0000000000 	0.0485387822 	 0.1326177352 	0.0000000000 	 0.0021897017 	
317.5000000000 	0.0485387466 	 0.1326177222 	0.0000000000 	 0.0021897001 	
318.0000000000 	0.0485387117 	 0.1326177096 	0.0000000000 	 0.0021896985 	
318.5000000000 	0.0485386774 	 0.1326176972 	0.0000000000 	 0.0021896969 	
319.0000000000 	0.0485386437 	 0.1326176851 	0.0000000000 	 0.0021896954 	
319.5000000000 	0.0485386105 	 0.1326176732 	0.0000000000 	 0.0021896939 	
320.0000000000 	0.0485385780 	 0.1326176616 	0.0000000000 	 0.0021896924 	
320.5000000000 	0.0485385459 	 0.1326176502 	0.0000000000 	 0.0021896909 	
321.0000000000 	0.0485385145 	 0.1326176391 	0.0000000000 	 0.0021896894 	
321.5000000000 	0.0485384835 	 0.1326176282 	0.0000000000 	 0.0021896880 	
322.0000000000 	0.0485384531 	 0.1326176174 	0.0000000000 	 0.0021896866 	
322.5000000000 	0.0485384232 	 0.1326176069 	0.0000000000 	 0.0021896853 	
323.0000000000 	0.0485383938 	 0.1326175965 	0.0000000000 	 0.0021896839 	
323.5000000000 	0.0485383649 	 0.1326175862 	0.0000000000 	 0.0021896826 	
324.0000000000 	0.0485383365 	 0.1326175762 	0.0000000000 	 0.0021896813 	
324.5000000000 	0.0485383086 	 0.1326175662 	0.0000000000 	 0.0021896800 	
325.0000000000 	0.0485382811 	 0.1326175564 	0.0000000000 	 0.0021896787 	
325.5000000000 	0.0485382541 	 0.1326175468 	0.0000000000 	 0.0021896775 	
326.0000000000 	0.0485382276 	 0.1326175372 	0.0000000000 	 0.0021896763 	
326.5000000000 	0.0485382014 	 0.1326175278 	0.0000000000 	 0.0021896751 	
327.0000000000 	0.0485381757 	 0.1326175184 	0.0000000000 	 0.0021896739 	
327.5000000000 	0.0485381505 	 0.1326175092 	0.0000000000 	 0.0021896727 	
328.0000000000 	0.0485381256 	 0.1326175000 	0.0000000000 	 0.0021896716 	
328.5000000000 	0.0485381011 	 0.1326174910 	0.0000000000 	 0.0021896705 	
329.0000000000 	0.0485380770 	 0.1326174820 	0.0000000000 	 0.0021896694 	
329.5000000000 	0.0485380533 	 0.1326174732 	0.0000000000 	 0.0021896683 	
330.0000000000 	0.0485380300 	 0.1326174644 	0.0000000000 	 0.0021896672 	
330.5000000000 	0.0485380070 	 0.1326174557 	0.0000000000 	 0.0021896662 	
331.0000000000 	0.0485379844 	 0.1326174470 	0.0000000000 	 0.0021896651 	
331.5000000000 	0.0485379621 	 0.1326174385 	0.0000000000 	 0.0021896641 	
332.0000000000 	0.0485379402 	 0.1326174300 	0.0000000000 	 0.0021896631 	
332.5000000000 	0.0485379186 	 0.1326174217 	0.0000000000 	 0.0021896621 	
333.0000000000 	0.0485378973 	 0.1326174133 	0.0000000000 	 0.0021896611 	
333.5000000000 	0.0485378764 	 0.1326174051 	0.0000000000 	 0.0021896602 	
334.0000000000 	0.0485378558 	 0.1326173969 	0.0000000000 	 0.0021896592 	
334.5000000000 	0.0485378354 	 0.1326173888 	0.0000000000 	 0.0021896583 	
335.0000000000 	0.0485378154 	 0.1326173808 	0.0000000000 	 0.0021896574 	
335.5000000000 	0.0485377957 	 0.1326173729 	0.0000000000 	 0.0021896565 	
336.0000000000 	0.0485377763 	 0.1326173650 	0.0000000000 	 0.0021896556 	
336.5000000000 	0.0485377572 	 0.1326173572 	0.0000000000 	 0.0021896547 	
337.0000000000 	0.0485377384 	 0.1326173495 	0.0000000000 	 0.0021896539 	
337.5000000000 	0.0485377198 	 0.1326173418 	0.0000000000 	 0.0021896530 	
338.0000000000 	0.0485377016 	 0.1326173342 	0.0000000000 	 0.0021896522 	
338.5000000000 	0.0485376836 	 0.1326173267 	0.0000000000 	 0.0021896514 	
339.0000000000 	0.0485376659 	 0.1326173193 	0.0000000000 	 0.0021896505 	
339.5000000000 	0.0485376485 	 0.1326173119 	0.0000000000 	 0.0021896497 	
340.0000000000 	0.0485376313 	 0.1326173046 	0.0000000000 	 0.0021896490 	
340.5000000000 	0.0485376144 	 0.1326172974 	0.0000000000 	 0.0021896482 	
341.0000000000 	0.0485375978 	 0.1326172902 	0.0000000000 	 0.0021896474 	
341.5000000000 	0.0485375814 	 0.1326172832 	0.0000000000 	 0.0021896467 	
342.0000000000 	0.0485375653 	 0.1326172762 	0.0000000000 	 0.0021896459 	
342.5000000000 	0.0485375494 	 0.1326172693 	0.0000000000 	 0.0021896452 	
343.0000000000 	0.0485375338 	 0.1326172624 	0.0000000000 	 0.0021896445 	
343.5000000000 	0.0485375184 	 0.1326172557 	0.0000000000 	 0.0021896438 	
344.0000000000 	0.0485375032 	 0.1326172490 	0.0000000000 	 0.0021896431 	
344.5000000000 	0.0485374883 	 0.1326172424 	0.0000000000 	 0.0021896424 	
345.0000000000 	0.0485374737 	 0.1326172360 	0.0000000000 	 0.0021896417 	
345.5000000000 	0.0485374592 	 0.1326172296 	0.0000000000 	 0.0021896411 	
346.0000000000 	0.0485374450 	 0.1326172233 	0.0000000000 	 0.0021896404 	
346.5000000000 	0.0485374310 	 0.1326172171 	0.0000000000 	 0.0021896398 	
347.0000000000 	0.0485374172 	 0.1326172109 	0.0000000000 	 0.0021896391 	
347.5000000000 	0.0485374037 	 0.1326172049 	0.0000000000 	 0.0021896385 	
348.0000000000 	0.0485373903 	 0.1326171990 	0.0000000000 	 0.0021896379 	
348.5000000000 	0.0485373772 	 0.1326171932 	0.0000000000 	 0.0021896373 	
349.0000000000 	0.0485373642 	 0.1326171874 	0.0000000000 	 0.0021896367 	
349.5000000000 	0.0485373515 	 0.1326171818 	0.0000000000 	 0.0021896361 	
350.0000000000 	0.0485373390 	 0.1326171762 	0.0000000000 	 0.0021896356 	
350.5000000000 	0.0485373267 	 0.1326171708 	0.0000000000 	 0.0021896350 	
351.0000000000 	0.0485373146 	 0.1326171654 	0.0000000000 	 0.0021896344 	
351.5000000000 	0.0485373026 	 0.1326171602 	0.0000000000 	 0.0021896339 	
352.0000000000 	0.0485372909 	 0.1326171550 	0.0000000000 	 0.0021896334 	
352.5000000000 	0.0485372794 	 0.1326171500 	0.0000000000 	 0.0021896328 	
353.0000000000 	0.0485372680 	 0.1326171450 	0.0000000000 	 0.0021896323 	
353.5000000000 	0.0485372569 	 0.1326171401 	0.0000000000 	 0.0021896318 	
354.0000000000 	0.0485372459 	 0.1326171354 	0.0000000000 	 0.0021896313 	
354.5000000000 	0.0485372351 	 0.1326171307 	0.0000000000 	 0.0021896308 	
355.0000000000 	0.0485372245 	 0.1326171261 	0.0000000000 	 0.0021896303 	
355.5000000000 	0.0485372141 	 0.1326171216 	0.0000000000 	 0.0021896298 	
356.0000000000 	0.0485372038 	 0.1326171172 	0.0000000000 	 0.0021896294 	
356.5000000000 	0.0485371937 	 0.1326171128 	0.0000000000 	 0.0021896289 	
357.0000000000 	0.0485371838 	 0.1326171086 	0.0000000000 	 0.0021896284 	
357.5000000000 	0.0485371741 	 0.1326171044 	0.0000000000 	 0.0021896280 	
358.0000000000 	0.0485371645 	 0.1326171004 	0.0000000000 	 0.0021896276 	
358.5000000000 	0.0485371551 	 0.1326170964 	0.0000000000 	 0.0021896271 	
359.0000000000 	0.0485371459 	 0.1326170925 	0.0000000000 	 0.0021896267 	
359.5000000000 	0.0485371368 	 0.1326170887 	0.0000000000 	 0.0021896263 	
360.0000000000 	0.0485371278 	 0.1326170849 	0.0000000000 	 0.0021896259 	
360.5000000000 	0.0485371190 	 0.1326170812 	0.0000000000 	 0.0021896255 	
361.0000000000 	0.0485371104 	 0.1326170777 	0.0000000000 	 0.0021896251 	
361.5000000000 	0.0485371019 	 0.1326170742 	0.0000000000 	 0.0021896247 	
362.0000000000 	0.0485370935 	 0.1326170707 	0.0000000000 	 0.0021896243 	
362.5000000000 	0.0485370853 	 0.1326170674 	0.0000000000 	 0.0021896239 	
363.0000000000 	0.0485370773 	 0.1326170641 	0.0000000000 	 0.0021896236 	
363.5000000000 	0.0485370693 	 0.1326170609 	0.0000000000 	 0.0021896232 	
364.0000000000 	0.0485370615 	 0.1326170577 	0.0000000000 	 0.0021896228 	
364.5000000000 	0.0485370539 	 0.1326170546 	0.0000000000 	 0.0021896225 	
365.0000000000 	0.0485370463 	 0.1326170516 	0.0000000000 	 0.0021896221 	
365.5000000000 	0.0485370389 	 0.1326170486 	0.0000000000 	 0.0021896218 	
366.0000000000 	0.0485370317 	 0.1326170458 	0.0000000000 	 0.0021896215 	
366.5000000000 	0.0485370245 	 0.1326170429 	0.0000000000 	 0.0021896211 	
367.0000000000 	0.0485370175 	 0.1326170401 	0.0000000000 	 0.0021896208 	
367.5000000000 	0.0485370106 	 0.1326170374 	0.0000000000 	 0.0021896205 	
368.0000000000 	0.0485370038 	 0.1326170348 	0.0000000000 	 0.0021896202 	
368.5000000000 	0.0485369971 	 0.1326170321 	0.0000000000 	 0.0021896199 	
369.0000000000 	0.0485369905 	 0.1326170296 	0.0000000000 	 0.0021896196 	
369.5000000000 	0.0485369841 	 0.1326170271 	0.0000000000 	 0.0021896193 	
370.0000000000 	0.0485369777 	 0.1326170246 	0.0000000000 	 0.0021896190 	
370.5000000000 	0.0485369715 	 0.1326170222 	0.0000000000 	 0.0021896187 	
371.0000000000 	0.0485369653 	 0.1326170198 	0.0000000000 	 0.0021896184 	
371.5000000000 	0.0485369593 	 0.1326170175 	0.0000000000 	 0.0021896181 	
372.0000000000 	0.0485369534 	 0.1326170152 	0.0000000000 	 0.0021896179 	
372.5000000000 	0.0485369475 	 0.1326170129 	0.0000000000 	 0.0021896176 	
373.0000000000 	0.0485369418 	 0.1326170107 	0.0000000000 	 0.0021896173 	
373.5000000000 	0.0485369362 	 0.1326170085 	0.0000000000 	 0.0021896171 	
374.0000000000 	0.0485369306 	 0.1326170064 	0.0000000000 	 0.0021896168 	
374.5000000000 	0.0485369252 	 0.1326170043 	0.0000000000 	 0.0021896166 	
375.0000000000 	0.0485369198 	 0.1326170022 	0.0000000000 	 0.0021896163 	
375.5000000000 	0.0485369146 	 0.1326170002 	0.0000000000 	 0.0021896161 	
376.0000000000 	0.0485369094 	 0.1326169982 	0.0000000000 	 0.0021896158 	
376.5000000000 	0.0485369043 	 0.1326169962 	0.0000000000 	 0.0021896156 	
377.0000000000 	0.0485368993 	 0.1326169943 	0.0000000000 	 0.0021896154 	
377.5000000000 	0.0485368943 	 0.1326169924 	0.0000000000 	 0.0021896152 	
378.0000000000 	0.0485368895 	 0.1326169905 	0.0000000000 	 0.0021896149 	
378.5000000000 	0.0485368847 	 0.1326169886 	0.0000000000 	 0.0021896147 	
379.0000000000 	0.0485368800 	 0.1326169868 	0.0000000000 	 0.0021896145 	
379.5000000000 	0.0485368754 	 0.1326169850 	0.0000000000 	 0.0021896143 	
380.0000000000 	0.0485368708 	 0.1326169832 	0.0000000000 	 0.0021896141 	
380.5000000000 	0.0485368664 	 0.1326169815 	0.0000000000 	 0.0021896139 	
381.0000000000 	0.0485368620 	 0.1326169798 	0.0000000000 	 0.0021896137 	
381.5000000000 	0.0485368576 	 0.1326169781 	0.0000000000 	 0.0021896135 	
382.0000000000 	0.0485368534 	 0.1326169764 	0.0000000000 	 0.0021896133 	
382.5000000000 	0.0485368492 	 0.1326169747 	0.0000000000 	 0.0021896131 	
383.0000000000 	0.0485368450 	 0.1326169731 	0.0000000000 	 0.0021896129 	
383.5000000000 	0.0485368410 	 0.1326169715 	0.0000000000 	 0.0021896127 	
384.0000000000 	0.0485368370 	 0.1326169699 	0.0000000000 	 0.0021896125 	
384.5000000000 	0.0485368331 	 0.1326169683 	0.0000000000 	 0.0021896123 	
385.0000000000 	0.0485368292 	 0.1326169668 	0.0000000000 	 0.0021896122 	
385.5000000000 	0.0485368254 	 0.1326169652 	0.0000000000 	 0.0021896120 	
386.0000000000 	0.0485368216 	 0.1326169637 	0.0000000000 	 0.0021896118 	
386.5000000000 	0.0485368180 	 0.1326169623 	0.0000000000 	 0.0021896117 	
387.0000000000 	0.0485368143 	 0.1326169608 	0.0000000000 	 0.0021896115 	
387.5000000000 	0.0485368108 	 0.1326169593 	0.0000000000 	 0.0021896113 	
388.0000000000 	0.0485368072 	 0.1326169579 	0.0000000000 	 0.0021896112 	
388.5000000000 	0.0485368038 	 0.1326169565 	0.0000000000 	 0.0021896110 	
389.0000000000 	0.0485368004 	 0.1326169551 	0.0000000000 	 0.0021896108 	
389.5000000000 	0.0485367970 	 0.1326169537 	0.0000000000 	 0.0021896107 	
390.0000000000 	0.0485367937 	 0.1326169523 	0.0000000000 	 0.0021896105 	
390.5000000000 	0.0485367905 	 0.1326169510 	0.0000000000 	 0.0021896104 	
391.0000000000 	0.0485367873 	 0.1326169497 	0.0000000000 	 0.0021896102 	
391.5000000000 	0.0485367842 	 0.1326169484 	0.0000000000 	 0.0021896101 	
392.0000000000 	0.0485367811 	 0.1326169471 	0.0000000000 	 0.0021896100 	
392.5000000000 	0.0485367780 	 0.1326169458 	0.0000000000 	 0.0021896098 	
393.0000000000 	0.0485367750 	 0.1326169446 	0.0000000000 	 0.0021896097 	
393.5000000000 	0.0485367721 	 0.1326169433 	0.0000000000 	 0.0021896096 	
394.0000000000 	0.0485367692 	 0.1326169421 	0.0000000000 	 0.0021896094 	
394.5000000000 	0.0485367663 	 0.1326169409 	0.0000000000 	 0.0021896093 	
395.0000000000 	0.0485367635 	 0.1326169397 	0.0000000000 	 0.0021896092 	
395.5000000000 	0.0485367608 	 0.1326169386 	0.0000000000 	 0.0021896090 	
396.0000000000 	0.0485367580 	 0.1326169374 	0.0000000000 	 0.0021896089 	
396.5000000000 	0.0485367554 	 0.1326169363 	0.0000000000 	 0.0021896088 	
397.0000000000 	0.0485367527 	 0.1326169352 	0.0000000000 	 0.0021896087 	
397.5000000000 	0.0485367501 	 0.1326169341 	0.0000000000 	 0.0021896085 	
398.0000000000 	0.0485367476 	 0.1326169330 	0.0000000000 	 0.0021896084 	
398.5000000000 	0.0485367451 	 0.1326169319 	0.0000000000 	 0.0021896083 	
399.0000000000 	0.0485367426 	 0.1326169309 	0.0000000000 	 0.0021896082 	
399.5000000000 	0.0485367402 	 0.1326169299 	0.0000000000 	 0.0021896081 	
400.0000000000 	0.0485367378 	 0.1326169288 	0.0000000000 	 0.0021896080 	
400.5000000000 	0.0485367354 	 0.1326169278 	0.0000000000 	 0.0021896079 	
401.0000000000 	0.0485367331 	 0.1326169269 	0.0000000000 	 0.0021896078 	
401.5000000000 	0.0485367308 	 0.1326169259 	0.0000000000 	 0.0021896077 	
402.0000000000 	0.0485367286 	 0.1326169250 	0.0000000000 	 0.0021896076 	
402.5000000000 	0.0485367264 	 0.1326169240 	0.0000000000 	 0.0021896075 	
403.0000000000 	0.0485367242 	 0.1326169231 	0.0000000000 	 0.0021896074 	
403.5000000000 	0.0485367221 	 0.1326169222 	0.0000000000 	 0.0021896073 	
404.0000000000 	0.0485367200 	 0.1326169213 	0.0000000000 	 0.0021896072 	
404.5000000000 	0.0485367179 	 0.1326169204 	0.0000000000 	 0.0021896071 	
405.0000000000 	0.0485367159 	 0.1326169196 	0.0000000000 	 0.0021896070 	
405.5000000000 	0.0485367139 	 0.1326169187 	0.0000000000 	 0.0021896069 	
406.0000000000 	0.0485367120 	 0.1326169179 	0.0000000000 	 0.0021896068 	
406.5000000000 	0.0485367100 	 0.1326169171 	0.0000000000 	 0.0021896067 	
407.0000000000 	0.0485367081 	 0.1326169163 	0.0000000000 	 0.0021896066 	
407.5000000000 	0.0485367063 	 0.1326169155 	0.0000000000 	 0.0021896065 	
408.0000000000 	0.0485367044 	 0.1326169148 	0.0000000000 	 0.0021896064 	
408.5000000000 	0.0485367026 	 0.1326169140 	0.0000000000 	 0.0021896064 	
409.0000000000 	0.0485367008 	 0.1326169133 	0.0000000000 	 0.0021896063 	
409.5000000000 	0.0485366991 	 0.1326169125 	0.0000000000 	 0.0021896062 	
410.0000000000 	0.0485366974 	 0.1326169118 	0.0000000000 	 0.0021896061 	
410.5000000000 	0.0485366957 	 0.1326169111 	0.0000000000 	 0.0021896060 	
411.0000000000 	0.0485366940 	 0.1326169104 	0.0000000000 	 0.0021896060 	
411.5000000000 	0.0485366924 	 0.1326169097 	0.0000000000 	 0.0021896059 	
412.0000000000 	0.0485366908 	 0.1326169091 	0.0000000000 	 0.0021896058 	
412.5000000000 	0.0485366892 	 0.1326169084 	0.0000000000 	 0.0021896058 	
413.0000000000 	0.0485366877 	 0.1326169078 	0.0000000000 	 0.0021896057 	
413.5000000000 	0.0485366861 	 0.1326169072 	0.0000000000 	 0.0021896056 	
414.0000000000 	0.0485366846 	 0.1326169066 	0.0000000000 	 0.0021896055 	
414.5000000000 	0.0485366832 	 0.1326169059 	0.0000000000 	 0.0021896055 	
415.0000000000 	0.0485366817 	 0.1326169054 	0.0000000000 	 0.0021896054 	
415.5000000000 	0.0485366803 	 0.1326169048 	0.0000000000 	 0.0021896053 	
416.0000000000 	0.0485366789 	 0.1326169042 	0.0000000000 	 0.0021896053 	
416.5000000000 	0.0485366775 	 0.1326169036 	0.0000000000 	 0.0021896052 	
417.0000000000 	0.0485366761 	 0.1326169031 	0.0000000000 	 0.0021896052 	
417.5000000000 	0.0485366748 	 0.1326169025 	0.0000000000 	 0.0021896051 	
418.0000000000 	0.0485366735 	 0.1326169020 	0.0000000000 	 0.0021896050 	
418.5000000000 	0.0485366722 	 0.1326169015 	0.0000000000 	 0.0021896050 	
419.0000000000 	0.0485366709 	 0.1326169010 	0.0000000000 	 0.0021896049 	
419.5000000000 	0.0485366697 	 0.1326169005 	0.0000000000 	 0.0021896049 	
420.0000000000 	0.0485366684 	 0.1326169000 	0.0000000000 	 0.0021896048 	
420.5000000000 	0.0485366672 	 0.1326168995 	0.0000000000 	 0.0021896047 	
421.0000000000 	0.0485366661 	 0.1326168990 	0.0000000000 	 0.0021896047 	
421.5000000000 	0.0485366649 	 0.1326168986 	0.0000000000 	 0.0021896046 	
422.0000000000 	0.0485366637 	 0.1326168981 	0.0000000000 	 0.0021896046 	
422.5000000000 	0.0485366626 	 0.1326168976 	0.0000000000 	 0.0021896045 	
423.0000000000 	0.0485366615 	 0.1326168972 	0.0000000000 	 0.0021896045 	
423.5000000000 	0.0485366604 	 0.1326168968 	0.0000000000 	 0.0021896044 	
424.0000000000 	0.0485366593 	 0.1326168963 	0.0000000000 	 0.0021896044 	
424.5000000000 	0.0485366583 	 0.1326168959 	0.0000000000 	 0.0021896043 	
425.0000000000 	0.0485366572 	 0.1326168955 	0.0000000000 	 0.0021896043 	
425.5000000000 	0.0485366562 	 0.1326168951 	0.0000000000 	 0.0021896042 	
426.0000000000 	0.0485366552 	 0.1326168947 	0.0000000000 	 0.0021896042 	
426.5000000000 	0.0485366542 	 0.1326168943 	0.0000000000 	 0.0021896041 	
427.0000000000 	0.0485366532 	 0.1326168939 	0.0000000000 	 0.0021896041 	
427.5000000000 	0.0485366523 	 0.1326168935 	0.0000000000 	 0.0021896041 	
428.0000000000 	0.0485366514 	 0.1326168932 	0.0000000000 	 0.0021896040 	
428.5000000000 	0.0485366504 	 0.1326168928 	0.0000000000 	 0.0021896040 	
429.0000000000 	0.0485366495 	 0.1326168924 	0.0000000000 	 0.0021896039 	
429.5000000000 	0.0485366486 	 0.1326168921 	0.0000000000 	 0.0021896039 	
430.0000000000 	0.0485366477 	 0.1326168917 	0.0000000000 	 0.0021896038 	
430.5000000000 	0.0485366469 	 0.1326168914 	0.0000000000 	 0.0021896038 	
431.0000000000 	0.0485366460 	 0.1326168910 	0.0000000000 	 0.0021896038 	
431.5000000000 	0.0485366452 	 0.1326168907 	0.0000000000 	 0.0021896037 	
432.0000000000 	0.0485366444 	 0.1326168904 	0.0000000000 	 0.0021896037 	
432.5000000000 	0.0485366435 	 0.1326168900 	0.0000000000 	 0.0021896037 	
433.0000000000 	0.0485366428 	 0.1326168897 	0.0000000000 	 0.0021896036 	
433.5000000000 	0.0485366420 	 0.1326168894 	0.0000000000 	 0.0021896036 	
434.0000000000 	0.0485366412 	 0.1326168891 	0.0000000000 	 0.0021896035 	
434.5000000000 	0.0485366404 	 0.1326168888 	0.0000000000 	 0.0021896035 	
435.0000000000 	0.0485366397 	 0.1326168885 	0.0000000000 	 0.0021896035 	
435.5000000000 	0.0485366390 	 0.1326168882 	0.0000000000 	 0.0021896034 	
436.0000000000 	0.0485366382 	 0.1326168879 	0.0000000000 	 0.0021896034 	
436.5000000000 	0.0485366375 	 0.1326168876 	0.0000000000 	 0.0021896034 	
437.0000000000 	0.0485366368 	 0.1326168873 	0.0000000000 	 0.0021896033 	
437.5000000000 	0.0485366361 	 0.1326168870 	0.0000000000 	 0.0021896033 	
438.0000000000 	0.0485366354 	 0.1326168868 	0.0000000000 	 0.0021896033 	
438.5000000000 	0.0485366348 	 0.1326168865 	0.0000000000 	 0.0021896033 	
439.0000000000 	0.0485366341 	 0.1326168862 	0.0000000000 	 0.0021896032 	
439.5000000000 	0.0485366335 	 0.1326168860 	0.0000000000 	 0.0021896032 	
440.0000000000 	0.0485366328 	 0.1326168857 	0.0000000000 	 0.0021896032 	
440.5000000000 	0.0485366322 	 0.1326168855 	0.0000000000 	 0.0021896031 	
441.0000000000 	0.0485366316 	 0.1326168852 	0.0000000000 	 0.0021896031 	
441.5000000000 	0.0485366310 	 0.1326168850 	0.0000000000 	 0.0021896031 	
442.0000000000 	0.0485366304 	 0.1326168847 	0.0000000000 	 0.0021896031 	
442.5000000000 	0.0485366298 	 0.1326168845 	0.0000000000 	 0.0021896030 	
443.0000000000 	0.0485366292 	 0.1326168842 	0.0000000000 	 0.0021896030 	
443.5000000000 	0.0485366287 	 0.1326168840 	0.0000000000 	 0.0021896030 	
444.0000000000 	0.0485366281 	 0.1326168838 	0.0000000000 	 0.0021896029 	
444.5000000000 	0.0485366276 	 0.1326168835 	0.0000000000 	 0.0021896029 	
445.0000000000 	0.0485366270 	 0.1326168833 	0.0000000000 	 0.0021896029 	
445.5000000000 	0.0485366265 	 0.1326168831 	0.0000000000 	 0.0021896029 	
446.0000000000 	0.0485366260 	 0.1326168829 	0.0000000000 	 0.0021896029 	
446.5000000000 	0.0485366255 	 0.1326168827 	0.0000000000 	 0.0021896028 	
447.0000000000 	0.0485366250 	 0.1326168825 	0.0000000000 	 0.0021896028 	
447.5000000000 	0.0485366245 	 0.1326168823 	0.0000000000 	 0.0021896028 	
448.0000000000 	0.0485366240 	 0.1326168821 	0.0000000000 	 0.0021896028 	
448.5000000000 	0.0485366235 	 0.1326168819 	0.0000000000 	 0.0021896027 	
449.0000000000 	0.0485366230 	 0.1326168817 	0.0000000000 	 0.0021896027 	
449.5000000000 	0.0485366225 	 0.1326168815 	0.0000000000 	 0.0021896027 	
450.0000000000 	0.0485366221 	 0.1326168813 	0.0000000000 	 0.0021896027 	
450.5000000000 	0.0485366216 	 0.1326168811 	0.0000000000 	 0.0021896027 	
451.0000000000 	0.0485366212 	 0.1326168809 	0.0000000000 	 0.0021896026 	
451.5000000000 	0.0485366208 	 0.1326168807 	0.0000000000 	 0.0021896026 	
452.0000000000 	0.0485366203 	 0.1326168805 	0.0000000000 	 0.0021896026 	
452.5000000000 	0.0485366199 	 0.1326168804 	0.0000000000 	 0.0021896026 	
453.0000000000 	0.0485366195 	 0.1326168802 	0.0000000000 	 0.0021896026 	
453.5000000000 	0.0485366191 	 0.1326168800 	0.0000000000 	 0.0021896025 	
454.0000000000 	0.0485366187 	 0.1326168799 	0.0000000000 	 0.0021896025 	
454.5000000000 	0.0485366183 	 0.1326168797 	0.0000000000 	 0.0021896025 	
455.0000000000 	0.0485366179 	 0.1326168795 	0.0000000000 	 0.0021896025 	
455.5000000000 	0.0485366175 	 0.1326168794 	0.0000000000 	 0.0021896025 	
456.0000000000 	0.0485366171 	 0.1326168792 	0.0000000000 	 0.0021896024 	
456.5000000000 	0.0485366168 	 0.1326168791 	0.0000000000 	 0.0021896024 	
457.0000000000 	0.0485366164 	 0.1326168789 	0.0000000000 	 0.0021896024 	
457.5000000000 	0.0485366160 	 0.1326168788 	0.0000000000 	 0.0021896024 	
458.0000000000 	0.0485366157 	 0.1326168786 	0.0000000000 	 0.0021896024 	
458.5000000000 	0.0485366153 	 0.1326168785 	0.0000000000 	 0.0021896024 	
459.0000000000 	0.0485366150 	 0.1326168783 	0.0000000000 	 0.0021896023 	
459.5000000000 	0.0485366147 	 0.1326168782 	0.0000000000 	 0.0021896023 	
460.0000000000 	0.0485366143 	 0.1326168781 	0.0000000000 	 0.0021896023 	
460.5000000000 	0.0485366140 	 0.1326168779 	0.0000000000 	 0.0021896023 	
461.0000000000 	0.0485366137 	 0.1326168778 	0.0000000000 	 0.0021896023 	
461.5000000000 	0.0485366134 	 0.1326168777 	0.0000000000 	 0.0021896023 	
462.0000000000 	0.0485366131 	 0.1326168775 	0.0000000000 	 0.0021896023 	
462.5000000000 	0.0485366128 	 0.1326168774 	0.0000000000 	 0.0021896022 	
463.0000000000 	0.0485366125 	 0.1326168773 	0.0000000000 	 0.0021896022 	
463.5000000000 	0.0485366122 	 0.1326168772 	0.0000000000 	 0.0021896022 	
464.0000000000 	0.0485366119 	 0.1326168770 	0.0000000000 	 0.0021896022 	
464.5000000000 	0.0485366116 	 0.1326168769 	0.0000000000 	 0.0021896022 	
465.0000000000 	0.0485366113 	 0.1326168768 	0.0000000000 	 0.0021896022 	
465.5000000000 	0.0485366110 	 0.1326168767 	0.0000000000 	 0.0021896022 	
466.0000000000 	0.0485366108 	 0.1326168766 	0.0000000000 	 0.0021896022 	
466.5000000000 	0.0485366105 	 0.1326168765 	0.0000000000 	 0.0021896021 	
467.0000000000 	0.0485366102 	 0.1326168764 	0.0000000000 	 0.0021896021 	
467.5000000000 	0.0485366100 	 0.1326168763 	0.0000000000 	 0.0021896021 	
468.0000000000 	0.0485366097 	 0.1326168762 	0.0000000000 	 0.0021896021 	
468.5000000000 	0.0485366095 	 0.1326168761 	0.0000000000 	 0.0021896021 	
469.0000000000 	0.0485366092 	 0.1326168760 	0.0000000000 	 0.0021896021 	
469.5000000000 	0.0485366090 	 0.1326168759 	0.0000000000 	 0.0021896021 	
470.0000000000 	0.0485366088 	 0.1326168758 	0.0000000000 	 0.0021896021 	
470.5000000000 	0.0485366085 	 0.1326168757 	0.0000000000 	 0.0021896021 	
471.0000000000 	0.0485366083 	 0.1326168756 	0.0000000000 	 0.0021896020 	
471.5000000000 	0.0485366081 	 0.1326168755 	0.0000000000 	 0.0021896020 	
472.0000000000 	0.0485366079 	 0.1326168754 	0.0000000000 	 0.0021896020 	
472.5000000000 	0.0485366076 	 0.1326168753 	0.0000000000 	 0.0021896020 	
473.0000000000 	0.0485366074 	 0.1326168752 	0.0000000000 	 0.0021896020 	
473.5000000000 	0.0485366072 	 0.1326168751 	0.0000000000 	 0.0021896020 	
474.0000000000 	0.0485366070 	 0.1326168751 	0.0000000000 	 0.0021896020 	
474.5000000000 	0.0485366068 	 0.1326168750 	0.0000000000 	 0.0021896020 	
475.0000000000 	0.0485366066 	 0.1326168749 	0.0000000000 	 0.0021896020 	
475.5000000000 	0.0485366064 	 0.1326168748 	0.0000000000 	 0.0021896020 	
476.0000000000 	0.0485366062 	 0.1326168747 	0.0000000000 	 0.0021896019 	
476.5000000000 	0.0485366060 	 0.1326168747 	0.0000000000 	 0.0021896019 	
477.0000000000 	0.0485366058 	 0.1326168746 	0.0000000000 	 0.0021896019 	
477.5000000000 	0.0485366056 	 0.1326168745 	0.0000000000 	 0.0021896019 	
478.0000000000 	0.0485366055 	 0.1326168744 	0.0000000000 	 0.0021896019 	
478.5000000000 	0.0485366053 	 0.1326168744 	0.0000000000 	 0.0021896019 	
479.0000000000 	0.0485366051 	 0.1326168743 	0.0000000000 	 0.0021896019 	
479.5000000000 	0.0485366049 	 0.1326168742 	0.0000000000 	 0.0021896019 	
480.0000000000 	0.0485366048 	 0.1326168741 	0.0000000000 	 0.0021896019 	
480.5000000000 	0.0485366046 	 0.1326168741 	0.0000000000 	 0.0021896019 	
481.0000000000 	0.0485366044 	 0.1326168740 	0.0000000000 	 0.0021896019 	
481.5000000000 	0.0485366043 	 0.1326168739 	0.0000000000 	 0.0021896019 	
482.0000000000 	0.0485366041 	 0.1326168739 	0.0000000000 	 0.0021896018 	
482.5000000000 	0.0485366040 	 0.1326168738 	0.0000000000 	 0.0021896018 	
483.0000000000 	0.0485366038 	 0.1326168738 	0.0000000000 	 0.0021896018 	
483.5000000000 	0.0485366036 	 0.1326168737 	0.0000000000 	 0.0021896018 	
484.0000000000 	0.0485366035 	 0.1326168736 	0.0000000000 	 0.0021896018 	
484.5000000000 	0.0485366034 	 0.1326168736 	0.0000000000 	 0.0021896018 	
485.0000000000 	0.0485366032 	 0.1326168735 	0.0000000000 	 0.0021896018 	
485.5000000000 	0.0485366031 	 0.1326168735 	0.0000000000 	 0.0021896018 	
486.0000000000 	0.0485366029 	 0.1326168734 	0.0000000000 	 0.0021896018 	
486.5000000000 	0.0485366028 	 0.1326168733 	0.0000000000 	 0.0021896018 	
487.0000000000 	0.0485366027 	 0.1326168733 	0.0000000000 	 0.0021896018 	
487.5000000000 	0.0485366025 	 0.1326168732 	0.0000000000 	 0.0021896018 	
488.0000000000 	0.0485366024 	 0.1326168732 	0.0000000000 	 0.0021896018 	
488.5000000000 	0.0485366023 	 0.1326168731 	0.0000000000 	 0.0021896018 	
489.0000000000 	0.0485366021 	 0.1326168731 	0.0000000000 	 0.0021896018 	
489.5000000000 	0.0485366020 	 0.1326168730 	0.0000000000 	 0.0021896018 	
490.0000000000 	0.0485366019 	 0.1326168730 	0.0000000000 	 0.0021896017 	
490.5000000000 	0.0485366018 	 0.1326168729 	0.0000000000 	 0.0021896017 	
491.0000000000 	0.0485366017 	 0.1326168729 	0.0000000000 	 0.0021896017 	
491.5000000000 	0.0485366015 	 0.1326168728 	0.0000000000 	 0.0021896017 	
492.0000000000 	0.0485366014 	 0.1326168728 	0.0000000000 	 0.0021896017 	
492.5000000000 	0.0485366013 	 0.1326168727 	0.0000000000 	 0.0021896017 	
493.0000000000 	0.0485366012 	 0.1326168727 	0.0000000000 	 0.0021896017 	
493.5000000000 	0.0485366011 	 0.1326168727 	0.0000000000 	 0.0021896017 	
494.0000000000 	0.0485366010 	 0.1326168726 	0.0000000000 	 0.0021896017 	
494.5000000000 	0.0485366009 	 0.1326168726 	0.0000000000 	 0.0021896017 	
495.0000000000 	0.0485366008 	 0.1326168725 	0.0000000000 	 0.0021896017 	
495.5000000000 	0.0485366007 	 0.1326168725 	0.0000000000 	 0.0021896017 	
496.0000000000 	0.0485366006 	 0.1326168724 	0.0000000000 	 0.0021896017 	
496.5000000000 	0.0485366005 	 0.1326168724 	0.0000000000 	 0.0021896017 	
497.0000000000 	0.0485366004 	 0.1326168724 	0.0000000000 	 0.0021896017 	
497.5000000000 	0.0485366003 	 0.1326168723 	0.0000000000 	 0.0021896017 	
498.0000000000 	0.0485366002 	 0.1326168723 	0.0000000000 	 0.0021896017 	
498.5000000000 	0.0485366001 	 0.1326168722 	0.0000000000 	 0.0021896017 	
499.0000000000 	0.0485366000 	 0.1326168722 	0.0000000000 	 0.0021896017 	
499.5000000000 	0.0485365999 	 0.1326168722 	0.0000000000 	 0.0021896017 	
500.0000000000 	0.0485365998 	 0.1326168721 	0.0000000000 	 0.0021896017 	
# end of calculation 2019_08_28_08_30_10 
# time difference 00_00_00_00_03_-17 -- in Minutes 3 in Seconds 163 
