-1.5000000000 	 0.3747398444 	 1.3422862972 
-1.4985000000 	 0.5551671924 	 1.4091617864 
-1.4970000000 	 0.6333624665 	 1.2351029420 
-1.4955000000 	 0.4637202676 	 1.1459652209 
-1.4940000000 	 0.3612186499 	 1.3103249432 
-1.4925000000 	 0.5165946134 	 1.4256994876 
-1.4910000000 	 0.6414187934 	 1.2801152769 
-1.4895000000 	 0.5035145387 	 1.1464587780 
-1.4880000000 	 0.3588116365 	 1.2759717987 
-1.4865000000 	 0.4763802836 	 1.4310118110 
-1.4850000000 	 0.6381056832 	 1.3260097404 
-1.4835000000 	 0.5433355845 	 1.1584087104 
-1.4820000000 	 0.3678000086 	 1.2424492265 
-1.4805000000 	 0.4377609914 	 1.4250477741 
-1.4790000000 	 0.6236019647 	 1.3695514828 
-1.4775000000 	 0.5799657550 	 1.1814068401 
-1.4760000000 	 0.3875467318 	 1.2129413549 
-1.4745000000 	 0.4038700254 	 1.4086704931 
-1.4730000000 	 0.5989917727 	 1.4076740238 
-1.4715000000 	 0.6104198960 	 1.2141530748 
-1.4700000000 	 0.4165407718 	 1.1903367422 
-1.4685000000 	 0.3774833838 	 1.3835947114 
-1.4670000000 	 0.5661841236 	 1.4377282061 
-1.4655000000 	 0.6321881961 	 1.2545534126 
-1.4640000000 	 0.4525122173 	 1.1769928750 
-1.4625000000 	 0.3607928241 	 1.3522551058 
-1.4610000000 	 0.5277652836 	 1.4576994283 
-1.4595000000 	 0.6434425808 	 1.2998827964 
-1.4580000000 	 0.4926095584 	 1.1745416797 
-1.4565000000 	 0.3552242828 	 1.3176154553 
-1.4550000000 	 0.4867953224 	 1.4663753766 
-1.4535000000 	 0.6431897218 	 1.3470001745 
-1.4520000000 	 0.5336253013 	 1.1837520400 
-1.4505000000 	 0.3613166525 	 1.2829335928 
-1.4490000000 	 0.4465648046 	 1.4634503402 
-1.4475000000 	 0.6313578856 	 1.3925988494 
-1.4460000000 	 0.5722521028 	 1.2044608849 
-1.4445000000 	 0.3786711850 	 1.2515007651 
-1.4430000000 	 0.4103309486 	 1.4495572000 
-1.4415000000 	 0.6088101090 	 1.4334721951 
-1.4400000000 	 0.6053490209 	 1.2355789343 
-1.4385000000 	 0.4059761676 	 1.2263761996 
-1.4370000000 	 0.3810543581 	 1.4262239106 
-1.4355000000 	 0.5772820261 	 1.4667734238 
-1.4340000000 	 0.6301964597 	 1.2751712478 
-1.4325000000 	 0.4411054759 	 1.2101382777 
-1.4310000000 	 0.3611575812 	 1.3957574058 
-1.4295000000 	 0.5392487809 	 1.4902484060 
-1.4280000000 	 0.6447191730 	 1.3206066683 
-1.4265000000 	 0.4812836509 	 1.2046724979 
-1.4250000000 	 0.3523251376 	 1.3610636915 
-1.4235000000 	 0.4977311721 	 1.5024225437 
-1.4220000000 	 0.6476590664 	 1.3687646711 
-1.4205000000 	 0.5233047234 	 1.2110136456 
-1.4190000000 	 0.3553614887 	 1.3254181277 
-1.4175000000 	 0.4560561824 	 1.5027262454 
-1.4160000000 	 0.6386834492 	 1.4162833930 
-1.4145000000 	 0.5637875598 	 1.2292553443 
-1.4130000000 	 0.3701188801 	 1.2922040417 
-1.4115000000 	 0.4175908533 	 1.4915483946 
-1.4100000000 	 0.6184195005 	 1.4598291652 
-1.4085000000 	 0.5994474475 	 1.2585348112 
-1.4070000000 	 0.3955014406 	 1.2646404644 
-1.4055000000 	 0.3854707260 	 1.4702128876 
-1.4040000000 	 0.5884115289 	 1.4963659885 
-1.4025000000 	 0.6273621199 	 1.2970946945 
-1.4010000000 	 0.4295458394 	 1.2455209031 
-1.3995000000 	 0.3623447388 	 1.4408795236 
-1.3980000000 	 0.5510038672 	 1.5234032087 
-1.3965000000 	 0.6452107324 	 1.3424176183 
-1.3950000000 	 0.4695726248 	 1.2369842942 
-1.3935000000 	 0.3501572870 	 1.4063766060 
-1.3920000000 	 0.5091582290 	 1.5392012266 
-1.3905000000 	 0.6514662792 	 1.3914231817 
-1.3890000000 	 0.5123966135 	 1.2403368807 
-1.3875000000 	 0.3499853262 	 1.3699781980 
-1.3860000000 	 0.4662197106 	 1.5429183122 
-1.3845000000 	 0.6455255479 	 1.4407120488 
-1.3830000000 	 0.5545798595 	 1.2559398089 
-1.3815000000 	 0.3619441252 	 1.3351435353 
-1.3800000000 	 0.4256498859 	 1.5346861779 
-1.3785000000 	 0.6277655958 	 1.4868378329 
-1.3770000000 	 0.5927071471 	 1.2831720732 
-1.3755000000 	 0.3851698565 	 1.3052393100 
-1.3740000000 	 0.3907482652 	 1.5156076182 
-1.3725000000 	 0.5995215891 	 1.5265850579 
-1.3710000000 	 0.6236619701 	 1.3204724096 
-1.3695000000 	 0.4178810540 	 1.2832670760 
-1.3680000000 	 0.3643844734 	 1.4876757540 
-1.3665000000 	 0.5629871187 	 1.5572308431 
-1.3650000000 	 0.6448807385 	 1.3654574419 
-1.3635000000 	 0.4575146616 	 1.2716178188 
-1.3620000000 	 0.3487628527 	 1.4536207331 
-1.3605000000 	 0.5210443864 	 1.5767690534 
-1.3590000000 	 0.6545645264 	 1.4151071878 
-1.3575000000 	 0.5009263255 	 1.2718737099 
-1.3560000000 	 0.3452387523 	 1.4166956337 
-1.3545000000 	 0.4770373568 	 1.5840785165 
-1.3530000000 	 0.6518309101 	 1.4660035373 
-1.3515000000 	 0.5446393218 	 1.2846734497 
-1.3500000000 	 0.3542017689 	 1.3804183227 
-1.3485000000 	 0.4345056889 	 1.5790212543 
-1.3470000000 	 0.6367931337 	 1.5146029184 
-1.3455000000 	 0.5851224522 	 1.3096526070 
-1.3440000000 	 0.3750359328 	 1.3482897256 
-1.3425000000 	 0.3969005836 	 1.5624622070 
-1.3410000000 	 0.6105596008 	 1.5575214416 
-1.3395000000 	 0.6190747415 	 1.3454644048 
-1.3380000000 	 0.4061607107 	 1.3235110170 
-1.3365000000 	 0.3673053004 	 1.5362081777 
-1.3350000000 	 0.5751530314 	 1.5918096363 
-1.3335000000 	 0.6436940263 	 1.3898799817 
-1.3320000000 	 0.4451502195 	 1.3087225503 
-1.3305000000 	 0.3481829384 	 1.5028702256 
-1.3290000000 	 0.5333551162 	 1.6151945219 
-1.3275000000 	 0.6569076300 	 1.4399607307 
-1.3260000000 	 0.4889217217 	 1.3057857712 
-1.3245000000 	 0.3411720686 	 1.4656599349 
-1.3230000000 	 0.4884885470 	 1.6262691947 
-1.3215000000 	 0.6575461786 	 1.4922894356 
-1.3200000000 	 0.5339787899 	 1.3156260858 
-1.3185000000 	 0.3469471171 	 1.4281354240 
-1.3170000000 	 0.4441534591 	 1.6246141848 
-1.3155000000 	 0.6454460411 	 1.5432420852 
-1.3140000000 	 0.5766900169 	 1.3381498973 
-1.3125000000 	 0.3651553398 	 1.3939171349 
-1.3110000000 	 0.4039391449 	 1.6108401810 
-1.3095000000 	 0.6214714951 	 1.5892787842 
-1.3080000000 	 0.6135810895 	 1.3722431564 
-1.3065000000 	 0.3944361428 	 1.3663960691 
-1.3050000000 	 0.3711340755 	 1.5865479910 
-1.3035000000 	 0.5874541208 	 1.6272304765 
-1.3020000000 	 0.6416167945 	 1.4158522731 
-1.3005000000 	 0.4325219322 	 1.3484579371 
-1.2990000000 	 0.3484576123 	 1.5542082200 
-1.2975000000 	 0.5460535729 	 1.6545582984 
-1.2960000000 	 0.6584501066 	 1.4661415896 
-1.2945000000 	 0.4764130783 	 1.3422456186 
-1.2930000000 	 0.3378352420 	 1.5169696607 
-1.2915000000 	 0.5005502561 	 1.6695644026 
-1.2900000000 	 0.6626179718 	 1.5197154061 
-1.2885000000 	 0.5226135499 	 1.3489794423 
-1.2870000000 	 0.3402358639 	 1.4784112114 
-1.2855000000 	 0.4545860204 	 1.6715368027 
-1.2840000000 	 0.6536675113 	 1.5728872223 
-1.2825000000 	 0.5674087538 	 1.3688503044 
-1.2810000000 	 0.3555848137 	 1.4422568247 
-1.2795000000 	 0.4118733226 	 1.6608159599 
-1.2780000000 	 0.6322018344 	 1.6219749059 
-1.2765000000 	 0.6071635503 	 1.4009949074 
-1.2750000000 	 0.3827603274 	 1.4120761445 
-1.2735000000 	 0.3758960265 	 1.6387770267 
-1.2720000000 	 0.5998410292 	 1.6635982157 
-1.2705000000 	 0.6386165886 	 1.4435558731 
-1.2690000000 	 0.4196744998 	 1.3909948543 
-1.2675000000 	 0.3496259079 	 1.6077284046 
-1.2660000000 	 0.5591007026 	 1.6949546915 
-1.2645000000 	 0.6591471786 	 1.4938226534 
-1.2630000000 	 0.4634329774 	 1.3814381941 
-1.2615000000 	 0.3352778801 	 1.5707340346 
-1.2600000000 	 0.5131971102 	 1.7140514561 
-1.2585000000 	 0.6669929180 	 1.5484426146 
-1.2570000000 	 0.5105612258 	 1.3849286407 
-1.2555000000 	 0.3341240399 	 1.5313730543 
-1.2540000000 	 0.4657939189 	 1.7198738259 
-1.2525000000 	 0.6614000655 	 1.6036859186 
-1.2510000000 	 0.5572797431 	 1.4019545753 
-1.2495000000 	 0.3463820824 	 1.4934556213 
-1.2480000000 	 0.4207104825 	 1.7124765375 
-1.2465000000 	 0.6426938986 	 1.6557433376 
-1.2450000000 	 0.5998064702 	 1.4319211986 
-1.2435000000 	 0.3711877868 	 1.4607174241 
-1.2420000000 	 0.3816148106 	 1.6929895024 
-1.2405000000 	 0.6122626276 	 1.7010332783 
-1.2390000000 	 0.6346622548 	 1.4731884271 
-1.2375000000 	 0.4066545801 	 1.4365173282 
-1.2360000000 	 0.3517258588 	 1.6635368266 
-1.2345000000 	 0.5724553573 	 1.7364933318 
-1.2330000000 	 0.6589547524 	 1.5231935232 
-1.2315000000 	 0.4500161871 	 1.4235625753 
-1.2300000000 	 0.3335492385 	 1.6270748136 
-1.2285000000 	 0.5264015133 	 1.7598326923 
-1.2270000000 	 0.6706176675 	 1.5786493769 
-1.2255000000 	 0.4978416586 	 1.4236839632 
-1.2240000000 	 0.3286679868 	 1.5871612375 
-1.2225000000 	 0.4777655465 	 1.7697247011 
-1.2210000000 	 0.6685855970 	 1.6358031646 
-1.2195000000 	 0.5463061162 	 1.4376796269 
-1.2180000000 	 0.3376058072 	 1.5476738527 
-1.2165000000 	 0.4304560923 	 1.7659234095 
-1.2150000000 	 0.6528897577 	 1.6907350912 
-1.2135000000 	 0.5914959026 	 1.4652406817 
-1.2120000000 	 0.3597745061 	 1.5125003622 
-1.2105000000 	 0.3883126120 	 1.7492940301 
-1.2090000000 	 0.6246661173 	 1.7396735008 
-1.2075000000 	 0.6297238546 	 1.5049655065 
-1.2060000000 	 0.3935106742 	 1.4852245754 
-1.2045000000 	 0.3547945706 	 1.7217539888 
-1.2030000000 	 0.5860744218 	 1.7793010989 
-1.2015000000 	 0.6578293646 	 1.5544623859 
-1.2000000000 	 0.4361995271 	 1.4688340409 
-1.1985000000 	 0.3326982574 	 1.6861284602 
-1.1970000000 	 0.5401337858 	 1.8070274914 
-1.1955000000 	 0.6734388733 	 1.6105330831 
-1.1940000000 	 0.4844767621 	 1.4654729453 
-1.1925000000 	 0.3239243609 	 1.6459312039 
-1.1910000000 	 0.4904872876 	 1.8212057219 
-1.1895000000 	 0.6751653860 	 1.6694233332 
-1.1880000000 	 0.5344929073 	 1.4762606674 
-1.1865000000 	 0.3293155496 	 1.6050876593 
-1.1850000000 	 0.4411138728 	 1.8212747955 
-1.1835000000 	 0.6627303281 	 1.7271207043 
-1.1820000000 	 0.5822194632 	 1.5011912604 
-1.1805000000 	 0.3485778529 	 1.5676220530 
-1.1790000000 	 0.3960102764 	 1.8078159499 
-1.1775000000 	 0.6369971273 	 1.7796762650 
-1.1760000000 	 0.6237725433 	 1.5391227822 
-1.1745000000 	 0.3802930134 	 1.5373334156 
-1.1730000000 	 0.3588683311 	 1.7825172840 
-1.1715000000 	 0.5999129443 	 1.8235243497 
-1.1700000000 	 0.6557280871 	 1.5878582265 
-1.1685000000 	 0.4220217259 	 1.5174865249 
-1.1670000000 	 0.3327736433 	 1.7480486780 
-1.1655000000 	 0.5543623247 	 1.8557746070 
-1.1640000000 	 0.6754031287 	 1.6443124517 
-1.1625000000 	 0.4704903501 	 1.5105428674 
-1.1610000000 	 0.3199501716 	 1.7078561922 
-1.1595000000 	 0.5039437021 	 1.8744524814 
-1.1580000000 	 0.6810800888 	 1.7047524920 
-1.1565000000 	 0.5218468680 	 1.5179537109 
-1.1550000000 	 0.3215717578 	 1.6658917156 
-1.1535000000 	 0.4526859829 	 1.8786682206 
-1.1520000000 	 0.6721554120 	 1.7650926319 
-1.1505000000 	 0.5719661489 	 1.5400326373 
-1.1490000000 	 0.3376565190 	 1.6262990280 
-1.1475000000 	 0.4047274923 	 1.8687000369 
-1.1460000000 	 0.6491998013 	 1.8212209752 
-1.1445000000 	 0.6167803961 	 1.5759186006 
-1.1430000000 	 0.3670534468 	 1.5930811361 
-1.1415000000 	 0.3639827717 	 1.8459838389 
-1.1400000000 	 0.6139242713 	 1.8693315033 
-1.1385000000 	 0.6526083786 	 1.6236334422 
-1.1370000000 	 0.4075232583 	 1.5697755409 
-1.1355000000 	 0.3338239960 	 1.8130093931 
-1.1340000000 	 0.5690537876 	 1.9062348813 
-1.1325000000 	 0.6764568680 	 1.6802301908 
-1.1310000000 	 0.4559079406 	 1.5591637157 
-1.1295000000 	 0.3168028592 	 1.7731303353 
-1.1280000000 	 0.5181177359 	 1.9296227259 
-1.1265000000 	 0.6862696839 	 1.7420211285 
-1.1250000000 	 0.5083762441 	 1.5630385832 
-1.1235000000 	 0.3144357910 	 1.7303024491 
-1.1220000000 	 0.4651732530 	 1.9382635207 
-1.1205000000 	 0.6811037037 	 1.8048680484 
-1.1190000000 	 0.5607260984 	 1.5820493516 
-1.1175000000 	 0.3270704763 	 1.6887705821 
-1.1160000000 	 0.4144830267 	 1.9321136768 
-1.1145000000 	 0.6612168750 	 1.8645119656 
-1.1130000000 	 0.6087201804 	 1.6156370562 
-1.1115000000 	 0.3538453338 	 1.6527289085 
-1.1100000000 	 0.3701730912 	 1.9123338561 
-1.1085000000 	 0.6280601974 	 1.9169160693 
-1.1070000000 	 0.6484278868 	 1.6620669455 
-1.1055000000 	 0.3927461741 	 1.6259816623 
-1.1040000000 	 0.3358979905 	 1.8812082563 
-1.1025000000 	 0.5841732913 	 1.9585944186 
-1.1010000000 	 0.6765462038 	 1.7185561574 
-1.0995000000 	 0.4407565270 	 1.6116317349 
-1.0980000000 	 0.3145404307 	 1.8419723349 
-1.0965000000 	 0.5329909784 	 1.9868996959 
-1.0950000000 	 0.6906733779 	 1.7814873702 
-1.0935000000 	 0.4940905037 	 1.6118225135 
-1.0920000000 	 0.3079699810 	 1.7985618626 
-1.0905000000 	 0.4785754735 	 2.0002463738 
-1.0890000000 	 0.6895127730 	 1.8466921576 
-1.0875000000 	 0.5484903021 	 1.6275544098 
-1.0860000000 	 0.3168809619 	 1.7553027289 
-1.0845000000 	 0.4252950271 	 1.9982505921 
-1.0830000000 	 0.6729897400 	 1.9097819181 
-1.0815000000 	 0.5995650607 	 1.6585916546 
-1.0800000000 	 0.3407234382 	 1.7165658577 
-1.0785000000 	 0.3774743374 	 1.9817745508 
-1.0770000000 	 0.6422711043 	 1.9665002133 
-1.0755000000 	 0.6431441696 	 1.7034678809 
-1.0740000000 	 0.3777339095 	 1.6864147047 
-1.0725000000 	 0.3390446344 	 1.9528708013 
-1.0710000000 	 0.5996846476 	 2.0130683216 
-1.0695000000 	 0.6756167058 	 1.7595911144 
-1.0680000000 	 0.4250643098 	 1.6682736739 
-1.0665000000 	 0.3132216446 	 1.9146298198 
-1.0650000000 	 0.5485439574 	 2.0464960695 
-1.0635000000 	 0.6942294513 	 1.8234408219 
-1.0620000000 	 0.4790000125 	 1.6646444501 
-1.0605000000 	 0.3022377425 	 1.8709420904 
-1.0590000000 	 0.4928917411 	 2.0648324665 
-1.0575000000 	 0.6973189988 	 1.8908421255 
-1.0560000000 	 0.5352502336 	 1.6768936513 
-1.0545000000 	 0.3071504855 	 1.8261929366 
-1.0530000000 	 0.4371813898 	 2.0673352616 
-1.0515000000 	 0.6844584794 	 1.9572959329 
-1.0500000000 	 0.5892882194 	 1.7051297323 
-1.0485000000 	 0.3277438348 	 1.7849139644 
-1.0470000000 	 0.3859217869 	 2.0545448378 
-1.0455000000 	 0.6565061241 	 2.0183389887 
-1.0440000000 	 0.6367143482 	 1.7481800750 
-1.0425000000 	 0.3625310830 	 1.7514187391 
-1.0410000000 	 0.3433135984 	 2.0282553888 
-1.0395000000 	 0.6155506176 	 2.0699051305 
-1.0380000000 	 0.6736130982 	 1.8036712517 
-1.0365000000 	 0.4088603969 	 1.7294519162 
-1.0350000000 	 0.3129062858 	 1.9913845564 
-1.0335000000 	 0.5647564944 	 2.1086586374 
-1.0320000000 	 0.6968750399 	 1.8682071600 
-1.0305000000 	 0.4631156466 	 1.7218802680 
-1.0290000000 	 0.2973037478 	 1.9477508596 
-1.0275000000 	 0.5081208885 	 2.1322724481 
-1.0260000000 	 0.7044574614 	 1.9376317848 
-1.0245000000 	 0.5209974061 	 1.7304510183 
-1.0230000000 	 0.2979428874 	 1.9017758202 
-1.0215000000 	 0.4501602364 	 2.1396281809 
-1.0200000000 	 0.6955618966 	 2.0073563763 
-1.0185000000 	 0.5778623932 	 1.7556377654 
-1.0170000000 	 0.3149638253 	 1.8581339424 
-1.0155000000 	 0.3955514087 	 2.1309209081 
-1.0140000000 	 0.6707132845 	 2.0727253851 
-1.0125000000 	 0.6290946433 	 1.7965874160 
-1.0110000000 	 0.3471832725 	 1.8213781585 
-1.0095000000 	 0.3487556555 	 2.1076591291 
-1.0080000000 	 0.6317332058 	 2.1293921152 
-1.0065000000 	 0.6704788565 	 1.8511736240 
-1.0050000000 	 0.3921744439 	 1.7955706778 
-1.0035000000 	 0.3136555216 	 2.0725587074 
-1.0020000000 	 0.5816081213 	 2.1736738948 
-1.0005000000 	 0.6985458293 	 1.9161536634 
-0.9990000000 	 0.4464483199 	 1.7839490719 
-0.9975000000 	 0.2932341647 	 2.0293380687 
-0.9960000000 	 0.5242619932 	 2.2028578676 
-0.9945000000 	 0.7108617684 	 1.9874173029 
-0.9930000000 	 0.5057228241 	 1.7886549460 
-0.9915000000 	 0.2893234338 	 1.9824300137 
-0.9900000000 	 0.4642504827 	 2.2154321729 
-0.9885000000 	 0.7062374906 	 2.0603087292 
-0.9870000000 	 0.5652592783 	 1.8105478401 
-0.9855000000 	 0.3024418708 	 1.9366323887 
-0.9840000000 	 0.4064004623 	 2.2112229575 
-0.9825000000 	 0.6848396759 	 2.1299964105 
-0.9810000000 	 0.6202398021 	 1.8491203798 
-0.9795000000 	 0.3317367735 	 1.8967250380 
-0.9780000000 	 0.3554232403 	 2.1914250264 
-0.9765000000 	 0.6481939969 	 2.1918616556 
-0.9750000000 	 0.6661556958 	 1.9025227609 
-0.9735000000 	 0.3750362483 	 1.8670835489 
-0.9720000000 	 0.3155323783 	 2.1585223945 
-0.9705000000 	 0.5990785757 	 2.2418747771 
-0.9690000000 	 0.6991756521 	 1.9676959337 
-0.9675000000 	 0.4290084338 	 1.8513208848 
-0.9660000000 	 0.2900970055 	 2.1161037594 
-0.9645000000 	 0.5413150116 	 2.2769283202 
-0.9630000000 	 0.7164638098 	 2.0406040446 
-0.9615000000 	 0.4894163136 	 1.8519861540 
-0.9600000000 	 0.2813589800 	 2.0685865240 
-0.9585000000 	 0.4794725576 	 2.2951000129 
-0.9570000000 	 0.7164214118 	 2.1165486662 
-0.9555000000 	 0.5514488090 	 1.8703455289 
-0.9540000000 	 0.2902375500 	 2.0208704664 
-0.9525000000 	 0.4185082451 	 2.2958233100 
-0.9510000000 	 0.6988316129 	 2.1905404496 
-0.9495000000 	 0.6101023665 	 1.9062639921 
-0.9480000000 	 0.3162383312 	 1.9779481140 
-0.9465000000 	 0.3633711606 	 2.2799506385 
-0.9450000000 	 0.6648945366 	 2.2576989642 
-0.9435000000 	 0.6605829018 	 1.9581987283 
-0.9420000000 	 0.3574752629 	 1.9445027153 
-0.9405000000 	 0.3186023539 	 2.2497028978 
-0.9390000000 	 0.6171483907 	 2.3136488275 
-0.9375000000 	 0.6986959513 	 2.0233060875 
-0.9360000000 	 0.4108051953 	 1.9245260554 
-0.9345000000 	 0.2879625707 	 2.2085078390 
-0.9330000000 	 0.5592815348 	 2.3548801421 
-0.9315000000 	 0.7211934110 	 2.0976549602 
-0.9300000000 	 0.4720656991 	 1.9209872074 
-0.9285000000 	 0.2741182041 	 2.1607389423 
-0.9270000000 	 0.4958492795 	 2.3790437057 
-0.9255000000 	 0.7260483497 	 2.1765307019 
-0.9240000000 	 0.5363982406 	 1.9355795728 
-0.9225000000 	 0.2784115310 	 2.1113745651 
-0.9210000000 	 0.4319170159 	 2.3851563464 
-0.9195000000 	 0.7126347955 	 2.2548062715 
-0.9180000000 	 0.5986317542 	 1.9685676311 
-0.9165000000 	 0.3007348487 	 2.0656038280 
-0.9150000000 	 0.3726575067 	 2.3736986726 
-0.9135000000 	 0.6817967795 	 2.3273515312 
-0.9120000000 	 0.6536964810 	 2.0187470464 
-0.9105000000 	 0.3395200226 	 2.0284103131 
-0.9090000000 	 0.3229342079 	 2.3465959366 
-0.9075000000 	 0.6357996024 	 2.3894481979 
-0.9060000000 	 0.6970350849 	 2.0835228456 
-0.9045000000 	 0.3918457998 	 2.0041668689 
-0.9030000000 	 0.2869040473 	 2.3070820308 
-0.9015000000 	 0.5781657220 	 2.4371770620 
-0.9000000000 	 0.7249778713 	 2.1591009083 
-0.8985000000 	 0.4536557925 	 1.9962743278 
-0.8970000000 	 0.2676719419 	 2.2594560261 
-0.8955000000 	 0.5134069516 	 2.4677458765 
-0.8940000000 	 0.7350513662 	 2.2407788360 
-0.8925000000 	 0.5200710199 	 2.0068738556 
-0.8910000000 	 0.2670255900 	 2.2087494550 
-0.8895000000 	 0.4466731704 	 2.4797307007 
-0.8880000000 	 0.7261944818 	 2.3233141001 
-0.8865000000 	 0.5857730941 	 2.0366571384 
-0.8850000000 	 0.2852730387 	 2.1603299777 
-0.8835000000 	 0.3833447819 	 2.4732100496 
-0.8820000000 	 0.6988636041 	 2.4013407796 
-0.8805000000 	 0.6454280800 	 2.0847909891 
-0.8790000000 	 0.3211974634 	 2.1194725128 
-0.8775000000 	 0.3286009768 	 2.4497796088 
-0.8760000000 	 0.6550166132 	 2.4698019950 
-0.8745000000 	 0.6941174347 	 2.1489640442 
-0.8730000000 	 0.3721344389 	 2.0909319710 
-0.8715000000 	 0.2869982990 	 2.4124446716 
-0.8700000000 	 0.5979754599 	 2.5243633616 
-0.8685000000 	 0.7277413552 	 2.2255534535 
-0.8670000000 	 0.4341671404 	 2.0785520805 
-0.8655000000 	 0.2620936406 	 2.3653973143 
-0.8640000000 	 0.5321767274 	 2.5617738770 
-0.8625000000 	 0.7433616573 	 2.3098997717 
-0.8610000000 	 0.5024253801 	 2.0849423155 
-0.8595000000 	 0.2561426728 	 2.3136946459 
-0.8580000000 	 0.4628287103 	 2.5801443935 
-0.8565000000 	 0.7394556643 	 2.3966693887 
-0.8550000000 	 0.5714657772 	 2.1112499490 
-0.8535000000 	 0.2698990625 	 2.2628627431 
-0.8520000000 	 0.3955013747 	 2.5791201264 
-0.8505000000 	 0.7160594476 	 2.4802765296 
-0.8490000000 	 0.6357036160 	 2.1570469128 
-0.8475000000 	 0.3025321016 	 2.2184570888 
-0.8460000000 	 0.3356812773 	 2.5599317336 
-0.8445000000 	 0.6747872436 	 2.5553316250 
-0.8430000000 	 0.6898622436 	 2.2203422471 
-0.8415000000 	 0.3516710540 	 2.1856143995 
-0.8400000000 	 0.2883268636 	 2.5253191807 
-0.8385000000 	 0.6187237781 	 2.6170802920 
-0.8370000000 	 0.7294040805 	 2.2977208907 
-0.8355000000 	 0.4135744629 	 2.1686317973 
-0.8340000000 	 0.2574599711 	 2.4793326649 
-0.8325000000 	 0.5521963149 	 2.6617973922 
-0.8310000000 	 0.7509081909 	 2.3845994585 
-0.8295000000 	 0.4834125467 	 2.1706076808 
-0.8280000000 	 0.2458269994 	 2.4270249223 
-0.8265000000 	 0.4804431009 	 2.6871037833 
-0.8250000000 	 0.7523632562 	 2.4755800787 
-0.8235000000 	 0.5556415993 	 2.1931741038 
-0.8220000000 	 0.2546580712 	 2.3740580865 
-0.8205000000 	 0.4092033913 	 2.6921790656 
-0.8190000000 	 0.7333510474 	 2.5648751911 
-0.8175000000 	 0.6244415145 	 2.2363436002 
-0.8160000000 	 0.2835450209 	 2.3262555887 
-0.8145000000 	 0.3442609723 	 2.6778516931 
-0.8130000000 	 0.6951040398 	 2.6467701299 
-0.8115000000 	 0.6841821380 	 2.2984844790 
-0.8100000000 	 0.3304498229 	 2.2891343796 
-0.8085000000 	 0.2909772919 	 2.6465573420 
-0.8070000000 	 0.6404306520 	 2.7160867343 
-0.8055000000 	 0.7298812618 	 2.3764284638 
-0.8040000000 	 0.3918446796 	 2.2674548781 
-0.8025000000 	 0.2538516366 	 2.6021669520 
-0.8010000000 	 0.5735121438 	 2.7686106811 
-0.7995000000 	 0.7576172404 	 2.4657040257 
-0.7980000000 	 0.4629744950 	 2.2648252069 
-0.7965000000 	 0.2361442503 	 2.5496963290 
-0.7950000000 	 0.4995856340 	 2.8014475184 
-0.7935000000 	 0.7648622861 	 2.5608784598 
-0.7920000000 	 0.5382224014 	 2.2833924034 
-0.7905000000 	 0.2395936865 	 2.4949189226 
-0.7890000000 	 0.4245370330 	 2.8132776460 
-0.7875000000 	 0.7507083741 	 2.6559828174 
-0.7860000000 	 0.6115504626 	 2.3236468370 
-0.7845000000 	 0.2642526255 	 2.4439115103 
-0.7830000000 	 0.3544353281 	 2.8044881496 
-0.7815000000 	 0.7159659140 	 2.7449867168 
-0.7800000000 	 0.6769811962 	 2.3843573249 
-0.7785000000 	 0.3084572103 	 2.4025683658 
-0.7770000000 	 0.2950448500 	 2.7771689641 
-0.7755000000 	 0.6631252771 	 2.8222855333 
-0.7740000000 	 0.7290817473 	 2.4626441857 
-0.7725000000 	 0.3689344292 	 2.3761225540 
-0.7710000000 	 0.2513544525 	 2.7349715635 
-0.7695000000 	 0.5961821180 	 2.8831609256 
-0.7680000000 	 0.7634117317 	 2.5541865280 
-0.7665000000 	 0.4410410663 	 2.3687130710 
-0.7650000000 	 0.2271618383 	 2.6828394295 
-0.7635000000 	 0.5203384653 	 2.9241771676 
-0.7620000000 	 0.7768981248 	 2.6535491569 
-0.7605000000 	 0.5191170458 	 2.3830333815 
-0.7590000000 	 0.2247473685 	 2.6266299514 
-0.7575000000 	 0.4416016549 	 2.9434803262 
-0.7560000000 	 0.7681057924 	 2.7546046748 
-0.7545000000 	 0.5969264997 	 2.4200910034 
-0.7530000000 	 0.2446650626 	 2.5726565298 
-0.7515000000 	 0.3663118105 	 2.9409746624 
-0.7500000000 	 0.7373802400 	 2.8510183029 
-0.7485000000 	 0.6681524670 	 2.4790992686 
-0.7470000000 	 0.2856695242 	 2.5271864561 
-0.7455000000 	 0.3006347739 	 2.9183600354 
-0.7440000000 	 0.6868489874 	 2.9367573667 
-0.7425000000 	 0.7269062095 	 2.5575121266 
-0.7410000000 	 0.3447868613 	 2.4959343277 
-0.7395000000 	 0.2500607762 	 2.8790250740 
-0.7380000000 	 0.6202791875 	 3.0065848258 
-0.7365000000 	 0.7682103928 	 2.6512015129 
-0.7350000000 	 0.4175262606 	 2.4835916963 
-0.7335000000 	 0.2189493068 	 2.8278023235 
-0.7320000000 	 0.5428005591 	 3.0564968289 
-0.7305000000 	 0.7884167556 	 2.7547653643 
-0.7290000000 	 0.4982174922 	 2.4934314671 
-0.7275000000 	 0.2101576274 	 2.7706028307 
-0.7260000000 	 0.4605137512 	 3.0840681186 
-0.7245000000 	 0.7855235547 	 2.8619436166 
-0.7230000000 	 0.5804492434 	 2.5270201281 
-0.7215000000 	 0.2247842116 	 2.7139575838 
-0.7200000000 	 0.3800137398 	 3.0886759566 
-0.7185000000 	 0.7593655470 	 2.9661105238 
-0.7170000000 	 0.6575746991 	 2.5840628089 
-0.7155000000 	 0.2620497297 	 2.6645011620 
-0.7140000000 	 0.3078652208 	 3.0715824660 
-0.7125000000 	 0.7116590539 	 3.0608049233 
-0.7110000000 	 0.7232447835 	 2.6623958836 
-0.7095000000 	 0.3193274780 	 2.6284381882 
-0.7080000000 	 0.2500713999 	 3.0358663662 
-0.7065000000 	 0.6458959960 	 3.1402564210 
-0.7050000000 	 0.7719266049 	 2.7581302604 
-0.7035000000 	 0.3923233845 	 2.6110352670 
-0.7020000000 	 0.2115788684 	 2.9862070015 
-0.7005000000 	 0.5670928468 	 3.1998650356 
-0.6990000000 	 0.7993650973 	 2.8659363934 
-0.6975000000 	 0.4753936540 	 2.6161797436 
-0.6960000000 	 0.1958590221 	 2.9285355173 
-0.6945000000 	 0.4814121964 	 3.2365949146 
-0.6930000000 	 0.8029497314 	 2.9794505576 
-0.6915000000 	 0.5619769094 	 2.6460419636 
-0.6900000000 	 0.2046010657 	 2.8695789150 
-0.6885000000 	 0.3956851411 	 3.2492489076 
-0.6870000000 	 0.7819550896 	 3.0917718199 
-0.6855000000 	 0.6451080558 	 2.7008700573 
-0.6840000000 	 0.2375432933 	 2.8163318078 
-0.6825000000 	 0.3168711995 	 3.2385997843 
-0.6810000000 	 0.7376337055 	 3.1960113000 
-0.6795000000 	 0.7179739457 	 2.7789361151 
-0.6780000000 	 0.2924586673 	 2.7754971127 
-0.6765000000 	 0.2514981002 	 3.2073649982 
-0.6750000000 	 0.6731510586 	 3.2858504731 
-0.6735000000 	 0.7744668928 	 2.8766408128 
-0.6720000000 	 0.3652986515 	 2.7529401318 
-0.6705000000 	 0.2051261710 	 3.1600241976 
-0.6690000000 	 0.5933651082 	 3.3560637381 
-0.6675000000 	 0.8096914508 	 2.9887709236 
-0.6660000000 	 0.4504865820 	 2.7532001850 
-0.6645000000 	 0.1818808608 	 3.1024913071 
-0.6630000000 	 0.5044652553 	 3.4029625608 
-0.6615000000 	 0.8203828171 	 3.1088918101 
-0.6600000000 	 0.5413397147 	 2.7791001636 
-0.6585000000 	 0.1840922684 	 3.0416649095 
-0.6570000000 	 0.4134972125 	 3.4247240250 
-0.6555000000 	 0.8052015922 	 3.2298458017 
-0.6540000000 	 0.6305883843 	 2.8314872038 
-0.6525000000 	 0.2120726445 	 2.9848908182 
-0.6510000000 	 0.3278098482 	 3.4215752084 
-0.6495000000 	 0.7648788529 	 3.3443183701 
-0.6480000000 	 0.7109523332 	 2.9091278288 
-0.6465000000 	 0.2640523819 	 2.9393784451 
-0.6450000000 	 0.2544670686 	 3.3958158380 
-0.6435000000 	 0.7021970650 	 3.4454278067 
-0.6420000000 	 0.7757289160 	 3.0087688817 
-0.6405000000 	 0.3362826058 	 2.9116170298 
-0.6390000000 	 0.1996713483 	 3.3516743585 
-0.6375000000 	 0.6218052497 	 3.5272914584 
-0.6360000000 	 0.8193461210 	 3.1253625282 
-0.6345000000 	 0.4232993156 	 2.9068386731 
-0.6330000000 	 0.1682454978 	 3.2950057918 
-0.6315000000 	 0.5298800822 	 3.5855225399 
-0.6300000000 	 0.8378352676 	 3.2524404002 
-0.6285000000 	 0.5183309692 	 2.9285722494 
-0.6270000000 	 0.1632154628 	 3.2328525978 
-0.6255000000 	 0.4336571578 	 3.6176162066 
-0.6240000000 	 0.8291837639 	 3.3826097052 
-0.6225000000 	 0.6138194994 	 2.9783258892 
-0.6210000000 	 0.1855296919 	 3.1729012487 
-0.6195000000 	 0.3408676550 	 3.6231917332 
-0.6180000000 	 0.7935373213 	 3.5081337702 
-0.6165000000 	 0.7020151441 	 3.0554259548 
-0.6150000000 	 0.2339402225 	 3.1228760206 
-0.6135000000 	 0.2591236309 	 3.6040684920 
-0.6120000000 	 0.7332322810 	 3.6215521822 
-0.6105000000 	 0.7755988061 	 3.1570287401 
-0.6090000000 	 0.3050584362 	 3.0899175371 
-0.6075000000 	 0.1953004650 	 3.5641662182 
-0.6060000000 	 0.6526520630 	 3.7162913371 
-0.6045000000 	 0.8282823793 	 3.2783073389 
-0.6030000000 	 0.3935843985 	 3.0799957206 
-0.6015000000 	 0.1549659650 	 3.5092341288 
-0.6000000000 	 0.5579157501 	 3.7872162377 
-0.5985000000 	 0.8553384443 	 3.4128022445 
-0.5970000000 	 0.4926949439 	 3.0974049747 
-0.5955000000 	 0.1419029394 	 3.4464271127 
-0.5940000000 	 0.4564203479 	 3.8310780033 
-0.5925000000 	 0.8540153148 	 3.5529109163 
-0.5910000000 	 0.5945626317 	 3.1443838708 
-0.5895000000 	 0.1577655718 	 3.3837598615 
-0.5880000000 	 0.3562704815 	 3.8468189137 
-0.5865000000 	 0.8238016629 	 3.6904797723 
-0.5850000000 	 0.6909664533 	 3.2208924293 
-0.5835000000 	 0.2018997776 	 3.3294803354 
-0.5820000000 	 0.2656388739 	 3.8357077843 
-0.5805000000 	 0.7665164590 	 3.8174535416 
-0.5790000000 	 0.7739475539 	 3.3245683430 
-0.5775000000 	 0.2713458286 	 3.2914110084 
-0.5760000000 	 0.1921076690 	 3.8012908057 
-0.5745000000 	 0.6862131464 	 3.9265306349 
-0.5730000000 	 0.8364578871 	 3.4508692589 
-0.5715000000 	 0.3610265039 	 3.2763101941 
-0.5700000000 	 0.1420428311 	 3.7491581751 
-0.5685000000 	 0.5889017869 	 4.0117724202 
-0.5670000000 	 0.8729498022 	 3.5933939333 
-0.5655000000 	 0.4641099264 	 3.2893051901 
-0.5640000000 	 0.1200527346 	 3.6865411761 
-0.5625000000 	 0.4821076131 	 4.0691163654 
-0.5610000000 	 0.8798579600 	 3.7443602381 
-0.5595000000 	 0.5725216973 	 3.3334442087 
-0.5580000000 	 0.1285761191 	 3.6217683497 
-0.5565000000 	 0.3742978084 	 4.0967498966 
-0.5550000000 	 0.8559327351 	 3.8952052162 
-0.5535000000 	 0.6775688598 	 3.4094054861 
-0.5520000000 	 0.1676354793 	 3.5636206826 
-0.5505000000 	 0.2742191279 	 4.0953110919 
-0.5490000000 	 0.8023938113 	 4.0372613371 
-0.5475000000 	 0.7706264655 	 3.5153910890 
-0.5460000000 	 0.2347782949 	 3.5206373992 
-0.5445000000 	 0.1901982458 	 4.0678991518 
-0.5430000000 	 0.7228906800 	 4.1624584741 
-0.5415000000 	 0.8438373862 	 3.6472174583 
-0.5400000000 	 0.3252181705 	 3.5004230850 
-0.5385000000 	 0.1294597712 	 4.0198840941 
-0.5370000000 	 0.6232646986 	 4.2639918886 
-0.5355000000 	 0.8907636395 	 3.7985997084 
-0.5340000000 	 0.4321646045 	 3.5090155469 
-0.5325000000 	 0.0975162289 	 3.9585320377 
-0.5310000000 	 0.5111302820 	 4.3369063775 
-0.5295000000 	 0.9069407175 	 3.9616125130 
-0.5280000000 	 0.5473231276 	 3.5503643723 
-0.5265000000 	 0.0976817435 	 3.8924683339 
-0.5250000000 	 0.3953033884 	 4.3785450727 
-0.5235000000 	 0.8902861169 	 4.1272937769 
-0.5220000000 	 0.6615280415 	 3.6259650254 
-0.5205000000 	 0.1307505670 	 3.8310187723 
-0.5190000000 	 0.2851195221 	 4.3888245859 
-0.5175000000 	 0.8413262188 	 4.2863464723 
-0.5160000000 	 0.7654603678 	 3.7346814551 
-0.5145000000 	 0.1948698691 	 3.7834787070 
-0.5130000000 	 0.1896927606 	 4.3703107919 
-0.5115000000 	 0.7632189067 	 4.4298859575 
-0.5100000000 	 0.8503966018 	 3.8727774039 
-0.5085000000 	 0.2856241119 	 3.7583675062 
-0.5070000000 	 0.1171767574 	 4.3280827993 
-0.5055000000 	 0.6615667550 	 4.5501698718 
-0.5040000000 	 0.9089269824 	 4.0341537661 
-0.5025000000 	 0.3963232228 	 3.7627248027 
-0.5010000000 	 0.0740794288 	 4.2693934510 
-0.4995000000 	 0.5440266790 	 4.6412597355 
-0.4980000000 	 0.9355880982 	 4.2107871141 
-0.4965000000 	 0.5184853848 	 3.8015102379 
-0.4950000000 	 0.0646967371 	 4.2031452113 
-0.4935000000 	 0.4197461270 	 4.6995510576 
-0.4920000000 	 0.9273537984 	 4.3933312371 
-0.4905000000 	 0.6424733582 	 3.8771545560 
-0.4890000000 	 0.0907078426 	 4.1392218931 
-0.4875000000 	 0.2986652951 	 4.7241317685 
-0.4860000000 	 0.8839443982 	 4.5718412369 
-0.4845000000 	 0.7582407959 	 3.9893016112 
-0.4830000000 	 0.1509693070 	 4.0877237508 
-0.4815000000 	 0.1907365618 	 4.7169344427 
-0.4800000000 	 0.8079232535 	 4.7365660531 
-0.4785000000 	 0.8561317743 	 4.1347687315 
-0.4770000000 	 0.2415321186 	 4.0581658474 
-0.4755000000 	 0.1051246605 	 4.6826636601 
-0.4740000000 	 0.7045696224 	 4.8787435508 
-0.4725000000 	 0.9276693575 	 4.3077278496 
-0.4710000000 	 0.3558786552 	 4.0586975069 
-0.4695000000 	 0.0494389929 	 4.6284990148 
-0.4680000000 	 0.5815202761 	 4.9913448298 
-0.4665000000 	 0.9662656226 	 4.5001180148 
-0.4650000000 	 0.4853764156 	 4.0954283484 
-0.4635000000 	 0.0290867094 	 4.5636069234 
-0.4620000000 	 0.4482397622 	 5.0697029591 
-0.4605000000 	 0.9678279410 	 4.7022312854 
-0.4590000000 	 0.6199272298 	 4.1718632301 
-0.4575000000 	 0.0467701712 	 4.4984380813 
-0.4560000000 	 0.3152875262 	 5.1119444423 
-0.4545000000 	 0.9311296428 	 4.9034552471 
-0.4530000000 	 0.7487157743 	 4.2885725713 
-0.4515000000 	 0.1021873046 	 4.4439588580 
-0.4500000000 	 0.1935131400 	 5.1192502335 
-0.4485000000 	 0.8580125126 	 5.0931149767 
-0.4470000000 	 0.8610739816 	 4.4430617021 
-0.4455000000 	 0.1919718761 	 4.4107811156 
-0.4440000000 	 0.0931884092 	 5.0958521328 
-0.4425000000 	 0.7533247263 	 5.2613372692 
-0.4410000000 	 0.9473409333 	 4.6298904752 
-0.4395000000 	 0.3098714533 	 4.4083082985 
-0.4380000000 	 0.0231625420 	 5.0487942451 
-0.4365000000 	 0.6246198463 	 5.3998798378 
-0.4350000000 	 0.9996682303 	 4.8410337942 
-0.4335000000 	 0.4471604005 	 4.4439570058 
-0.4320000000 	 -0.0098927717 	 4.9874701898 
-0.4305000000 	 0.4816378680 	 5.5028633824 
-0.4290000000 	 1.0127184567 	 5.0664635709 
-0.4275000000 	 0.5932795723 	 4.5225087463 
-0.4260000000 	 -0.0020740726 	 4.9229430172 
-0.4245000000 	 0.3355993759 	 5.5673140727 
-0.4230000000 	 0.9841750688 	 5.2948832767 
-0.4215000000 	 0.7366187612 	 4.6456309140 
-0.4200000000 	 0.0473289461 	 4.8671002510 
-0.4185000000 	 0.1983123288 	 5.5935005248 
-0.4170000000 	 0.9149812104 	 5.5146263905 
-0.4155000000 	 0.8653847558 	 4.8117025485 
-0.4140000000 	 0.1356729756 	 4.8318027223 
-0.4125000000 	 0.0812802182 	 5.5850906179 
-0.4110000000 	 0.8094374787 	 5.7146282864 
-0.4095000000 	 0.9686181732 	 5.0158452671 
-0.4080000000 	 0.2571232865 	 4.8279065316 
-0.4065000000 	 -0.0051991640 	 5.5489316020 
-0.4050000000 	 0.6749797639 	 5.8853051149 
-0.4035000000 	 1.0371126056 	 5.2501934410 
-0.4020000000 	 0.4030501307 	 4.8643522877 
-0.4005000000 	 -0.0528229301 	 5.4945799523 
-0.3990000000 	 0.5218119362 	 6.0192657437 
-0.3975000000 	 1.0643275505 	 5.5041510459 
-0.3960000000 	 0.5625683045 	 4.9468876863 
-0.3945000000 	 -0.0565026821 	 5.4330139425 
-0.3930000000 	 0.3610903599 	 6.1116184266 
-0.3915000000 	 1.0454765622 	 5.7655923817 
-0.3900000000 	 0.7220424057 	 5.0791303744 
-0.3885000000 	 -0.0149759152 	 5.3783850063 
-0.3870000000 	 0.2058068828 	 6.1629576047 
-0.3855000000 	 0.9812566259 	 6.0228363440 
-0.3840000000 	 0.8695924746 	 5.2609309332 
-0.3825000000 	 0.0710155461 	 5.3437079561 
-0.3810000000 	 0.0693967967 	 6.1756566674 
-0.3795000000 	 0.8753761706 	 6.2629331204 
-0.3780000000 	 0.9926769793 	 5.4878037169 
-0.3765000000 	 0.1960488795 	 5.3413474704 
-0.3750000000 	 -0.0363193488 	 6.1562086717 
-0.3735000000 	 0.7349250668 	 6.4747863720 
-0.3720000000 	 1.0804173279 	 5.7522510614 
-0.3705000000 	 0.3516081065 	 5.3821552551 
-0.3690000000 	 -0.1012526402 	 6.1144788437 
-0.3675000000 	 0.5704009088 	 6.6496380729 
-0.3660000000 	 1.1248181769 	 6.0438830639 
-0.3645000000 	 0.5269829068 	 5.4742287642 
-0.3630000000 	 -0.1174431664 	 6.0625947049 
-0.3615000000 	 0.3955879868 	 6.7810512411 
-0.3600000000 	 1.1220592496 	 6.3486810406 
-0.3585000000 	 0.7100540469 	 5.6197047494 
-0.3570000000 	 -0.0813514294 	 6.0105679025 
-0.3555000000 	 0.2219881398 	 6.8619913994 
-0.3540000000 	 1.0646690655 	 6.6490497681 
-0.3525000000 	 0.8779926979 	 5.8194969996 
-0.3510000000 	 -0.0014865043 	 5.9784677608 
-0.3495000000 	 0.0599739661 	 6.9037205876 
-0.3480000000 	 0.9568823737 	 6.9411071158 
-0.3465000000 	 1.0230345270 	 6.0776336633 
-0.3450000000 	 0.1258023889 	 5.9831530056 
-0.3435000000 	 -0.0698112898 	 6.9105351431 
-0.3420000000 	 0.8093234593 	 7.2082181055 
-0.3405000000 	 1.1337036369 	 6.3834111897 
-0.3390000000 	 0.2920779632 	 6.0349583848 
-0.3375000000 	 -0.1559330595 	 6.8907598317 
-0.3360000000 	 0.6317615736 	 7.4388871345 
-0.3345000000 	 1.1992020877 	 6.7261400246 
-0.3330000000 	 0.4857035395 	 6.1444596820 
-0.3315000000 	 -0.1886843689 	 6.8578713190 
-0.3300000000 	 0.4386449561 	 7.6259164227 
-0.3285000000 	 1.2141901607 	 7.0928607502 
-0.3270000000 	 0.6951050504 	 6.3184313555 
-0.3255000000 	 -0.1589492478 	 6.8263112113 
-0.3240000000 	 0.2501060388 	 7.7630186579 
-0.3225000000 	 1.1811594149 	 7.4630856636 
-0.3210000000 	 0.9094601888 	 6.5493564016 
-0.3195000000 	 -0.0651897905 	 6.7967692651 
-0.3180000000 	 0.0731700695 	 7.8318801859 
-0.3165000000 	 1.0800447205 	 7.8061793681 
-0.3150000000 	 1.0825565298 	 6.8323061959 
-0.3135000000 	 0.0582566188 	 6.7984287714 
-0.3120000000 	 -0.0998894781 	 7.8644784734 
-0.3105000000 	 0.9060681651 	 8.1437715968 
-0.3090000000 	 1.2061631804 	 7.2014487598 
-0.3075000000 	 0.2303814120 	 6.8813411378 
-0.3060000000 	 -0.2124949210 	 7.8868468953 
-0.3045000000 	 0.7124470615 	 8.4531824829 
-0.3030000000 	 1.2935530881 	 7.6161700888 
-0.3015000000 	 0.4401817809 	 7.0250218511 
-0.3000000000 	 -0.2703676391 	 7.8932796693 
-0.2985000000 	 0.4938187062 	 8.7249453649 
-0.2970000000 	 1.3270160223 	 8.0751220285 
-0.2955000000 	 0.6773059813 	 7.2507116483 
-0.2940000000 	 -0.2555841169 	 7.9040777952 
-0.2925000000 	 0.2736487275 	 8.9506816679 
-0.2910000000 	 1.3028401654 	 8.5605977873 
-0.2895000000 	 0.9259676070 	 7.5672384245 
-0.2880000000 	 -0.1585898313 	 7.9440208381 
-0.2865000000 	 0.0801432029 	 9.1339079316 
-0.2850000000 	 1.2315637347 	 9.0597788597 
-0.2835000000 	 1.1840096756 	 7.9828358415 
-0.2820000000 	 0.0469261591 	 8.0388527187 
-0.2805000000 	 -0.0309557045 	 9.2740560949 
-0.2790000000 	 1.1557099907 	 9.5426989908 
-0.2775000000 	 1.4845359172 	 8.4842619167 
-0.2760000000 	 0.4554406344 	 8.1817326624 
-0.2745000000 	 0.1109440532 	 9.2542000752 
-0.2730000000 	 1.1786069094 	 9.6854543176 
-0.2715000000 	 1.6526230930 	 8.6305025576 
-0.2700000000 	 0.5479334636 	 8.0866466530 
-0.2685000000 	 -0.1627227143 	 9.2000463995 
-0.2670000000 	 0.8371515867 	 10.0477164482 
-0.2655000000 	 1.6984989174 	 9.1441397279 
-0.2640000000 	 0.7727492780 	 8.2439920201 
-0.2625000000 	 -0.2985578096 	 9.1504069531 
-0.2610000000 	 0.4300166004 	 10.3519443155 
-0.2595000000 	 1.5896333681 	 9.7760827030 
-0.2580000000 	 0.9951753281 	 8.6415481427 
-0.2565000000 	 -0.2903152156 	 9.2345487616 
-0.2550000000 	 0.1104936476 	 10.6542199163 
-0.2535000000 	 1.4661835766 	 10.4429026264 
-0.2520000000 	 1.2507789398 	 9.1560539893 
-0.2505000000 	 -0.1615768099 	 9.3756042010 
-0.2490000000 	 -0.1454864892 	 10.9133558820 
-0.2475000000 	 1.3006871180 	 11.1132833574 
-0.2460000000 	 1.5032239154 	 9.7809219974 
-0.2445000000 	 0.0722756685 	 9.5947803797 
-0.2430000000 	 -0.3224687076 	 11.1423295812 
-0.2415000000 	 1.1048939609 	 11.7772675230 
-0.2400000000 	 1.7454693926 	 10.5165175161 
-0.2385000000 	 0.4205465201 	 9.9193346278 
-0.2370000000 	 -0.3726259203 	 11.3602749303 
-0.2355000000 	 0.9364049114 	 12.4196266218 
-0.2340000000 	 2.0224829971 	 11.3354961564 
-0.2325000000 	 0.9402726867 	 10.3261988727 
-0.2310000000 	 -0.2052846436 	 11.5177077159 
-0.2295000000 	 0.9003158460 	 12.9302069192 
-0.2280000000 	 2.4321393110 	 12.0524778565 
-0.2265000000 	 1.6941979096 	 10.5111397093 
-0.2250000000 	 0.0812576300 	 11.1476396770 
-0.2235000000 	 0.5320865644 	 12.8028486568 
-0.2220000000 	 2.1035098910 	 12.4704749212 
-0.2205000000 	 1.7256298901 	 10.8952605569 
-0.2190000000 	 -0.0566533726 	 11.2156312005 
-0.2175000000 	 -0.0415378195 	 13.1002106296 
-0.2160000000 	 1.6632229555 	 13.3000241474 
-0.2145000000 	 1.7774792749 	 11.6972708289 
-0.2130000000 	 -0.0434804926 	 11.5930369713 
-0.2115000000 	 -0.4872589399 	 13.5654729814 
-0.2100000000 	 1.2663553282 	 14.3057524149 
-0.2085000000 	 1.9313129438 	 12.7463995799 
-0.2070000000 	 0.1919190019 	 12.1314663903 
-0.2055000000 	 -0.7674166687 	 14.0242838737 
-0.2040000000 	 0.8636340133 	 15.3177176050 
-0.2025000000 	 2.0741282777 	 13.9563037904 
-0.2010000000 	 0.5681449921 	 12.8356221265 
-0.1995000000 	 -0.8912680917 	 14.4850880627 
-0.1980000000 	 0.4523606593 	 16.2888394142 
-0.1965000000 	 2.1453546419 	 15.2673116022 
-0.1950000000 	 0.9886988377 	 13.6932011231 
-0.1935000000 	 -0.9478381349 	 14.9772028340 
-0.1920000000 	 -0.0549696433 	 17.2732032152 
-0.1905000000 	 2.0619334647 	 16.7884853430 
-0.1890000000 	 1.4414728898 	 14.8723549635 
-0.1875000000 	 -0.8383956540 	 15.6394069602 
-0.1860000000 	 -0.5270177208 	 18.2970379965 
-0.1845000000 	 1.8806066407 	 18.4755391038 
-0.1830000000 	 1.9122227790 	 16.3593507967 
-0.1815000000 	 -0.5725079208 	 16.5040936687 
-0.1800000000 	 -0.9574990507 	 19.3865938385 
-0.1785000000 	 1.5780920462 	 20.3527699639 
-0.1770000000 	 2.3620067839 	 18.2299781480 
-0.1755000000 	 -0.1410990192 	 17.6866220012 
-0.1740000000 	 -1.2948272913 	 20.6294090892 
-0.1725000000 	 1.1798970552 	 22.4826779459 
-0.1710000000 	 2.7901608702 	 20.5963353797 
-0.1695000000 	 0.5087225502 	 19.3606619643 
-0.1680000000 	 -1.4081742090 	 22.1912519661 
-0.1665000000 	 0.8415422571 	 25.0125329582 
-0.1650000000 	 3.4052838417 	 23.6670313796 
-0.1635000000 	 1.8195620141 	 21.7796678024 
-0.1620000000 	 -0.4718335104 	 24.0987599520 
-0.1605000000 	 1.6222424782 	 27.3054460137 
-0.1590000000 	 4.9274959246 	 25.8367581556 
-0.1575000000 	 3.3038215243 	 22.5785199907 
-0.1560000000 	 -0.8548201727 	 24.2243270501 
-0.1545000000 	 -0.4502764572 	 29.0009307157 
-0.1530000000 	 3.3577568400 	 29.5597389098 
-0.1515000000 	 3.0282608956 	 26.5171809340 
-0.1500000000 	 -1.3347329909 	 27.6259536017 
-0.1485000000 	 -1.7443933202 	 33.3191014422 
-0.1470000000 	 2.8119162226 	 35.3715399578 
-0.1455000000 	 3.8724718250 	 32.1352842733 
-0.1440000000 	 -0.9197255195 	 32.2814335168 
-0.1425000000 	 -2.7458218260 	 38.9253496137 
-0.1410000000 	 2.2745544584 	 43.1351122234 
-0.1395000000 	 5.0724550288 	 40.2223596326 
-0.1380000000 	 0.0242849415 	 39.3794110328 
-0.1365000000 	 -3.6711682262 	 47.2606806202 
-0.1350000000 	 1.6470807979 	 54.7373653653 
-0.1335000000 	 6.8317689264 	 53.1058146404 
-0.1320000000 	 1.8619505891 	 51.5651106302 
-0.1305000000 	 -4.2806127955 	 61.6994125357 
-0.1290000000 	 1.4205965296 	 74.9773510436 
-0.1275000000 	 10.5575224455 	 77.0266356721 
-0.1260000000 	 6.6142005149 	 76.5128121671 
-0.1245000000 	 -2.2739281907 	 93.2040517298 
-0.1230000000 	 6.4715032607 	 120.9037911215 
-0.1215000000 	 27.5737934168 	 135.9134288305 
-0.1200000000 	 34.2775542353 	 147.0134688444 
-0.1185000000 	 40.2423219829 	 194.0155751549 
-0.1170000000 	 110.9582571362 	 270.3323504228 
-0.1155000000 	 272.9258256886 	 285.7038193318 
-0.1140000000 	 437.6576233948 	 157.7291358059 
-0.1125000000 	 471.3482434270 	 -69.6482927467 
-0.1110000000 	 343.5809848991 	 -249.8475569716 
-0.1095000000 	 162.8720795191 	 -285.6995837423 
-0.1080000000 	 52.0445241948 	 -218.5050732582 
-0.1065000000 	 28.3432534259 	 -151.6496074245 
-0.1050000000 	 28.7269837857 	 -128.2922127405 
-0.1035000000 	 13.2521350793 	 -118.3202820164 
-0.1020000000 	 -2.2268653166 	 -94.8971086225 
-0.1005000000 	 0.8696190811 	 -71.8223867545 
-0.0990000000 	 9.0784410603 	 -66.1009268271 
-0.0975000000 	 5.2354216957 	 -66.9238478412 
-0.0960000000 	 -3.0872235820 	 -58.2958183185 
-0.0945000000 	 -1.7019487743 	 -45.8311514760 
-0.0930000000 	 4.8361460619 	 -42.5666458074 
-0.0915000000 	 4.0957416615 	 -45.0961879701 
-0.0900000000 	 -1.8155535179 	 -41.7165260882 
-0.0885000000 	 -2.1116156049 	 -33.5106554344 
-0.0870000000 	 2.8401269736 	 -30.4760972533 
-0.0855000000 	 3.6526263507 	 -32.9130568918 
-0.0840000000 	 -0.6608802408 	 -32.0555715541 
-0.0825000000 	 -2.0170709523 	 -26.3403292757 
-0.0810000000 	 1.5820396254 	 -23.2122810901 
-0.0795000000 	 3.2524215981 	 -25.0551159036 
-0.0780000000 	 0.2373002698 	 -25.5378625852 
-0.0765000000 	 -1.7043813043 	 -21.5930963764 
-0.0750000000 	 0.7252421625 	 -18.4330764722 
-0.0735000000 	 2.8163980380 	 -19.5468128646 
-0.0720000000 	 0.9081595827 	 -20.7137589687 
-0.0705000000 	 -1.2694112177 	 -18.1430510244 
-0.0690000000 	 0.1524920608 	 -15.0948616619 
-0.0675000000 	 2.3515094342 	 -15.4848030949 
-0.0660000000 	 1.3840760525 	 -16.9114840272 
-0.0645000000 	 -0.7610364138 	 -15.4331853759 
-0.0630000000 	 -0.1794937088 	 -12.6458037941 
-0.0615000000 	 1.8987619246 	 -12.3919620081 
-0.0600000000 	 1.7093336223 	 -13.7881325221 
-0.0585000000 	 -0.1959968074 	 -13.1690956830 
-0.0570000000 	 -0.2746202373 	 -10.7743239122 
-0.0555000000 	 1.5244241848 	 -10.0048545184 
-0.0540000000 	 1.9599704727 	 -11.1827148006 
-0.0525000000 	 0.4615926220 	 -11.2486810064 
-0.0510000000 	 -0.1122750162 	 -9.4153332163 
-0.0495000000 	 1.2090626218 	 -8.3311978696 
-0.0480000000 	 1.9916005487 	 -9.1199408251 
-0.0465000000 	 0.9918545461 	 -9.5656135637 
-0.0450000000 	 0.2160398905 	 -8.3440828826 
-0.0435000000 	 1.0392700520 	 -7.2805589567 
-0.0420000000 	 1.7828450370 	 -7.7994499945 
-0.0405000000 	 0.9521290584 	 -8.3550029439 
-0.0390000000 	 -0.0560187355 	 -7.3655011180 
-0.0375000000 	 0.4204330484 	 -6.0508458488 
-0.0360000000 	 1.3567662727 	 -6.1269269185 
-0.0345000000 	 1.0132175438 	 -6.7659775883 
-0.0330000000 	 0.0281358896 	 -6.2274920675 
-0.0315000000 	 0.1263003563 	 -4.9687705973 
-0.0300000000 	 1.0249782890 	 -4.6843656747 
-0.0285000000 	 1.0752921671 	 -5.2595112432 
-0.0270000000 	 0.2333244164 	 -5.1065738312 
-0.0255000000 	 0.0122958226 	 -4.0347701080 
-0.0240000000 	 0.7379345357 	 -3.4727526495 
-0.0225000000 	 1.0753126278 	 -3.8703646573 
-0.0210000000 	 0.4617771042 	 -3.9959359130 
-0.0195000000 	 0.0171775631 	 -3.1871992486 
-0.0180000000 	 0.4894899058 	 -2.4461393365 
-0.0165000000 	 0.9990133518 	 -2.5934592465 
-0.0150000000 	 0.6650233044 	 -2.8760623028 
-0.0135000000 	 0.1103934239 	 -2.3670367509 
-0.0120000000 	 0.2938535958 	 -1.5575622025 
-0.0105000000 	 0.8556818697 	 -1.4247956422 
-0.0090000000 	 0.8129769501 	 -1.7399545997 
-0.0075000000 	 0.2646451661 	 -1.5276786713 
-0.0060000000 	 0.1649240935 	 -0.7599721709 
-0.0045000000 	 0.6640086708 	 -0.3575741390 
-0.0030000000 	 0.8857639646 	 -0.5879594408 
-0.0015000000 	 0.4503083216 	 -0.6308322519 
0.0000000000 	 0.1103040165 	 0.0000000000 
0.0015000000 	 0.4503083216 	 0.6308322519 
0.0030000000 	 0.8857639646 	 0.5879594408 
0.0045000000 	 0.6640086708 	 0.3575741390 
0.0060000000 	 0.1649240935 	 0.7599721709 
0.0075000000 	 0.2646451661 	 1.5276786713 
0.0090000000 	 0.8129769501 	 1.7399545997 
0.0105000000 	 0.8556818697 	 1.4247956422 
0.0120000000 	 0.2938535958 	 1.5575622025 
0.0135000000 	 0.1103934239 	 2.3670367509 
0.0150000000 	 0.6650233044 	 2.8760623028 
0.0165000000 	 0.9990133518 	 2.5934592465 
0.0180000000 	 0.4894899058 	 2.4461393365 
0.0195000000 	 0.0171775631 	 3.1871992486 
0.0210000000 	 0.4617771042 	 3.9959359130 
0.0225000000 	 1.0753126278 	 3.8703646573 
0.0240000000 	 0.7379345357 	 3.4727526495 
0.0255000000 	 0.0122958226 	 4.0347701080 
0.0270000000 	 0.2333244164 	 5.1065738312 
0.0285000000 	 1.0752921671 	 5.2595112432 
0.0300000000 	 1.0249782890 	 4.6843656747 
0.0315000000 	 0.1263003563 	 4.9687705973 
0.0330000000 	 0.0281358896 	 6.2274920675 
0.0345000000 	 1.0132175438 	 6.7659775883 
0.0360000000 	 1.3567662727 	 6.1269269185 
0.0375000000 	 0.4204330484 	 6.0508458488 
0.0390000000 	 -0.0560187355 	 7.3655011180 
0.0405000000 	 0.9521290584 	 8.3550029439 
0.0420000000 	 1.7828450370 	 7.7994499945 
0.0435000000 	 1.0392700520 	 7.2805589567 
0.0450000000 	 0.2160398905 	 8.3440828826 
0.0465000000 	 0.9918545461 	 9.5656135637 
0.0480000000 	 1.9916005487 	 9.1199408251 
0.0495000000 	 1.2090626218 	 8.3311978696 
0.0510000000 	 -0.1122750162 	 9.4153332163 
0.0525000000 	 0.4615926220 	 11.2486810064 
0.0540000000 	 1.9599704727 	 11.1827148006 
0.0555000000 	 1.5244241848 	 10.0048545184 
0.0570000000 	 -0.2746202373 	 10.7743239122 
0.0585000000 	 -0.1959968074 	 13.1690956830 
0.0600000000 	 1.7093336223 	 13.7881325221 
0.0615000000 	 1.8987619246 	 12.3919620081 
0.0630000000 	 -0.1794937088 	 12.6458037941 
0.0645000000 	 -0.7610364138 	 15.4331853759 
0.0660000000 	 1.3840760525 	 16.9114840272 
0.0675000000 	 2.3515094342 	 15.4848030949 
0.0690000000 	 0.1524920608 	 15.0948616619 
0.0705000000 	 -1.2694112177 	 18.1430510244 
0.0720000000 	 0.9081595827 	 20.7137589687 
0.0735000000 	 2.8163980380 	 19.5468128646 
0.0750000000 	 0.7252421625 	 18.4330764722 
0.0765000000 	 -1.7043813043 	 21.5930963764 
0.0780000000 	 0.2373002698 	 25.5378625852 
0.0795000000 	 3.2524215981 	 25.0551159036 
0.0810000000 	 1.5820396254 	 23.2122810901 
0.0825000000 	 -2.0170709523 	 26.3403292757 
0.0840000000 	 -0.6608802408 	 32.0555715541 
0.0855000000 	 3.6526263507 	 32.9130568918 
0.0870000000 	 2.8401269736 	 30.4760972533 
0.0885000000 	 -2.1116156049 	 33.5106554344 
0.0900000000 	 -1.8155535179 	 41.7165260882 
0.0915000000 	 4.0957416615 	 45.0961879701 
0.0930000000 	 4.8361460619 	 42.5666458074 
0.0945000000 	 -1.7019487743 	 45.8311514760 
0.0960000000 	 -3.0872235820 	 58.2958183185 
0.0975000000 	 5.2354216957 	 66.9238478412 
0.0990000000 	 9.0784410603 	 66.1009268271 
0.1005000000 	 0.8696190811 	 71.8223867545 
0.1020000000 	 -2.2268653166 	 94.8971086225 
0.1035000000 	 13.2521350793 	 118.3202820164 
0.1050000000 	 28.7269837857 	 128.2922127405 
0.1065000000 	 28.3432534259 	 151.6496074245 
0.1080000000 	 52.0445241948 	 218.5050732583 
0.1095000000 	 162.8720795191 	 285.6995837423 
0.1110000000 	 343.5809848991 	 249.8475569716 
0.1125000000 	 471.3482434270 	 69.6482927467 
0.1140000000 	 437.6576233948 	 -157.7291358059 
0.1155000000 	 272.9258256886 	 -285.7038193318 
0.1170000000 	 110.9582571362 	 -270.3323504228 
0.1185000000 	 40.2423219829 	 -194.0155751549 
0.1200000000 	 34.2775542353 	 -147.0134688444 
0.1215000000 	 27.5737934168 	 -135.9134288305 
0.1230000000 	 6.4715032607 	 -120.9037911215 
0.1245000000 	 -2.2739281907 	 -93.2040517298 
0.1260000000 	 6.6142005149 	 -76.5128121671 
0.1275000000 	 10.5575224455 	 -77.0266356721 
0.1290000000 	 1.4205965296 	 -74.9773510436 
0.1305000000 	 -4.2806127955 	 -61.6994125357 
0.1320000000 	 1.8619505891 	 -51.5651106302 
0.1335000000 	 6.8317689264 	 -53.1058146404 
0.1350000000 	 1.6470807979 	 -54.7373653653 
0.1365000000 	 -3.6711682262 	 -47.2606806202 
0.1380000000 	 0.0242849415 	 -39.3794110328 
0.1395000000 	 5.0724550288 	 -40.2223596326 
0.1410000000 	 2.2745544584 	 -43.1351122234 
0.1425000000 	 -2.7458218260 	 -38.9253496137 
0.1440000000 	 -0.9197255195 	 -32.2814335168 
0.1455000000 	 3.8724718250 	 -32.1352842733 
0.1470000000 	 2.8119162226 	 -35.3715399578 
0.1485000000 	 -1.7443933202 	 -33.3191014422 
0.1500000000 	 -1.3347329909 	 -27.6259536017 
0.1515000000 	 3.0282608956 	 -26.5171809340 
0.1530000000 	 3.3577568400 	 -29.5597389098 
0.1545000000 	 -0.4502764572 	 -29.0009307157 
0.1560000000 	 -0.8548201727 	 -24.2243270501 
0.1575000000 	 3.3038215243 	 -22.5785199907 
0.1590000000 	 4.9274959246 	 -25.8367581556 
0.1605000000 	 1.6222424782 	 -27.3054460137 
0.1620000000 	 -0.4718335104 	 -24.0987599520 
0.1635000000 	 1.8195620141 	 -21.7796678024 
0.1650000000 	 3.4052838417 	 -23.6670313796 
0.1665000000 	 0.8415422571 	 -25.0125329582 
0.1680000000 	 -1.4081742090 	 -22.1912519661 
0.1695000000 	 0.5087225502 	 -19.3606619643 
0.1710000000 	 2.7901608702 	 -20.5963353797 
0.1725000000 	 1.1798970552 	 -22.4826779459 
0.1740000000 	 -1.2948272913 	 -20.6294090892 
0.1755000000 	 -0.1410990192 	 -17.6866220012 
0.1770000000 	 2.3620067839 	 -18.2299781480 
0.1785000000 	 1.5780920462 	 -20.3527699639 
0.1800000000 	 -0.9574990507 	 -19.3865938385 
0.1815000000 	 -0.5725079208 	 -16.5040936687 
0.1830000000 	 1.9122227790 	 -16.3593507967 
0.1845000000 	 1.8806066407 	 -18.4755391038 
0.1860000000 	 -0.5270177208 	 -18.2970379965 
0.1875000000 	 -0.8383956540 	 -15.6394069602 
0.1890000000 	 1.4414728898 	 -14.8723549635 
0.1905000000 	 2.0619334647 	 -16.7884853430 
0.1920000000 	 -0.0549696433 	 -17.2732032152 
0.1935000000 	 -0.9478381349 	 -14.9772028340 
0.1950000000 	 0.9886988377 	 -13.6932011231 
0.1965000000 	 2.1453546419 	 -15.2673116022 
0.1980000000 	 0.4523606593 	 -16.2888394142 
0.1995000000 	 -0.8912680917 	 -14.4850880627 
0.2010000000 	 0.5681449921 	 -12.8356221265 
0.2025000000 	 2.0741282777 	 -13.9563037904 
0.2040000000 	 0.8636340133 	 -15.3177176050 
0.2055000000 	 -0.7674166687 	 -14.0242838737 
0.2070000000 	 0.1919190019 	 -12.1314663903 
0.2085000000 	 1.9313129438 	 -12.7463995799 
0.2100000000 	 1.2663553282 	 -14.3057524149 
0.2115000000 	 -0.4872589399 	 -13.5654729814 
0.2130000000 	 -0.0434804926 	 -11.5930369713 
0.2145000000 	 1.7774792749 	 -11.6972708289 
0.2160000000 	 1.6632229555 	 -13.3000241474 
0.2175000000 	 -0.0415378195 	 -13.1002106296 
0.2190000000 	 -0.0566533726 	 -11.2156312005 
0.2205000000 	 1.7256298901 	 -10.8952605569 
0.2220000000 	 2.1035098910 	 -12.4704749212 
0.2235000000 	 0.5320865644 	 -12.8028486568 
0.2250000000 	 0.0812576300 	 -11.1476396770 
0.2265000000 	 1.6941979096 	 -10.5111397093 
0.2280000000 	 2.4321393110 	 -12.0524778565 
0.2295000000 	 0.9003158460 	 -12.9302069192 
0.2310000000 	 -0.2052846436 	 -11.5177077159 
0.2325000000 	 0.9402726867 	 -10.3261988727 
0.2340000000 	 2.0224829971 	 -11.3354961564 
0.2355000000 	 0.9364049114 	 -12.4196266218 
0.2370000000 	 -0.3726259203 	 -11.3602749303 
0.2385000000 	 0.4205465201 	 -9.9193346278 
0.2400000000 	 1.7454693926 	 -10.5165175161 
0.2415000000 	 1.1048939609 	 -11.7772675230 
0.2430000000 	 -0.3224687076 	 -11.1423295812 
0.2445000000 	 0.0722756685 	 -9.5947803797 
0.2460000000 	 1.5032239154 	 -9.7809219974 
0.2475000000 	 1.3006871180 	 -11.1132833574 
0.2490000000 	 -0.1454864892 	 -10.9133558820 
0.2505000000 	 -0.1615768099 	 -9.3756042010 
0.2520000000 	 1.2507789398 	 -9.1560539893 
0.2535000000 	 1.4661835766 	 -10.4429026264 
0.2550000000 	 0.1104936476 	 -10.6542199163 
0.2565000000 	 -0.2903152156 	 -9.2345487616 
0.2580000000 	 0.9951753281 	 -8.6415481427 
0.2595000000 	 1.5896333681 	 -9.7760827030 
0.2610000000 	 0.4300166004 	 -10.3519443155 
0.2625000000 	 -0.2985578096 	 -9.1504069531 
0.2640000000 	 0.7727492780 	 -8.2439920201 
0.2655000000 	 1.6984989174 	 -9.1441397279 
0.2670000000 	 0.8371515867 	 -10.0477164482 
0.2685000000 	 -0.1627227143 	 -9.2000463995 
0.2700000000 	 0.5479334636 	 -8.0866466530 
0.2715000000 	 1.6526230930 	 -8.6305025576 
0.2730000000 	 1.1786069094 	 -9.6854543176 
0.2745000000 	 0.1109440532 	 -9.2542000752 
0.2760000000 	 0.4554406344 	 -8.1817326624 
0.2775000000 	 1.4845359172 	 -8.4842619167 
0.2790000000 	 1.1557099907 	 -9.5426989908 
0.2805000000 	 -0.0309557045 	 -9.2740560949 
0.2820000000 	 0.0469261591 	 -8.0388527187 
0.2835000000 	 1.1840096756 	 -7.9828358415 
0.2850000000 	 1.2315637347 	 -9.0597788597 
0.2865000000 	 0.0801432029 	 -9.1339079316 
0.2880000000 	 -0.1585898313 	 -7.9440208381 
0.2895000000 	 0.9259676070 	 -7.5672384245 
0.2910000000 	 1.3028401654 	 -8.5605977873 
0.2925000000 	 0.2736487275 	 -8.9506816679 
0.2940000000 	 -0.2555841169 	 -7.9040777952 
0.2955000000 	 0.6773059813 	 -7.2507116483 
0.2970000000 	 1.3270160223 	 -8.0751220285 
0.2985000000 	 0.4938187062 	 -8.7249453649 
0.3000000000 	 -0.2703676391 	 -7.8932796693 
0.3015000000 	 0.4401817809 	 -7.0250218511 
0.3030000000 	 1.2935530881 	 -7.6161700888 
0.3045000000 	 0.7124470615 	 -8.4531824829 
0.3060000000 	 -0.2124949210 	 -7.8868468953 
0.3075000000 	 0.2303814120 	 -6.8813411378 
0.3090000000 	 1.2061631804 	 -7.2014487598 
0.3105000000 	 0.9060681651 	 -8.1437715968 
0.3120000000 	 -0.0998894781 	 -7.8644784734 
0.3135000000 	 0.0582566188 	 -6.7984287714 
0.3150000000 	 1.0825565298 	 -6.8323061959 
0.3165000000 	 1.0800447205 	 -7.8061793681 
0.3180000000 	 0.0731700695 	 -7.8318801859 
0.3195000000 	 -0.0651897905 	 -6.7967692651 
0.3210000000 	 0.9094601888 	 -6.5493564016 
0.3225000000 	 1.1811594149 	 -7.4630856636 
0.3240000000 	 0.2501060388 	 -7.7630186579 
0.3255000000 	 -0.1589492478 	 -6.8263112113 
0.3270000000 	 0.6951050504 	 -6.3184313555 
0.3285000000 	 1.2141901607 	 -7.0928607502 
0.3300000000 	 0.4386449561 	 -7.6259164227 
0.3315000000 	 -0.1886843689 	 -6.8578713190 
0.3330000000 	 0.4857035395 	 -6.1444596820 
0.3345000000 	 1.1992020877 	 -6.7261400246 
0.3360000000 	 0.6317615736 	 -7.4388871345 
0.3375000000 	 -0.1559330595 	 -6.8907598317 
0.3390000000 	 0.2920779632 	 -6.0349583848 
0.3405000000 	 1.1337036369 	 -6.3834111897 
0.3420000000 	 0.8093234593 	 -7.2082181055 
0.3435000000 	 -0.0698112898 	 -6.9105351431 
0.3450000000 	 0.1258023889 	 -5.9831530056 
0.3465000000 	 1.0230345270 	 -6.0776336633 
0.3480000000 	 0.9568823737 	 -6.9411071158 
0.3495000000 	 0.0599739661 	 -6.9037205876 
0.3510000000 	 -0.0014865043 	 -5.9784677608 
0.3525000000 	 0.8779926979 	 -5.8194969996 
0.3540000000 	 1.0646690655 	 -6.6490497681 
0.3555000000 	 0.2219881398 	 -6.8619913994 
0.3570000000 	 -0.0813514294 	 -6.0105679025 
0.3585000000 	 0.7100540469 	 -5.6197047494 
0.3600000000 	 1.1220592496 	 -6.3486810406 
0.3615000000 	 0.3955879868 	 -6.7810512411 
0.3630000000 	 -0.1174431664 	 -6.0625947049 
0.3645000000 	 0.5269829068 	 -5.4742287642 
0.3660000000 	 1.1248181769 	 -6.0438830639 
0.3675000000 	 0.5704009088 	 -6.6496380729 
0.3690000000 	 -0.1012526402 	 -6.1144788437 
0.3705000000 	 0.3516081065 	 -5.3821552551 
0.3720000000 	 1.0804173279 	 -5.7522510614 
0.3735000000 	 0.7349250668 	 -6.4747863720 
0.3750000000 	 -0.0363193488 	 -6.1562086717 
0.3765000000 	 0.1960488795 	 -5.3413474704 
0.3780000000 	 0.9926769793 	 -5.4878037169 
0.3795000000 	 0.8753761706 	 -6.2629331204 
0.3810000000 	 0.0693967967 	 -6.1756566674 
0.3825000000 	 0.0710155461 	 -5.3437079561 
0.3840000000 	 0.8695924746 	 -5.2609309332 
0.3855000000 	 0.9812566259 	 -6.0228363440 
0.3870000000 	 0.2058068828 	 -6.1629576047 
0.3885000000 	 -0.0149759152 	 -5.3783850063 
0.3900000000 	 0.7220424057 	 -5.0791303744 
0.3915000000 	 1.0454765622 	 -5.7655923817 
0.3930000000 	 0.3610903599 	 -6.1116184266 
0.3945000000 	 -0.0565026821 	 -5.4330139425 
0.3960000000 	 0.5625683045 	 -4.9468876863 
0.3975000000 	 1.0643275505 	 -5.5041510459 
0.3990000000 	 0.5218119362 	 -6.0192657437 
0.4005000000 	 -0.0528229301 	 -5.4945799523 
0.4020000000 	 0.4030501307 	 -4.8643522877 
0.4035000000 	 1.0371126056 	 -5.2501934410 
0.4050000000 	 0.6749797639 	 -5.8853051149 
0.4065000000 	 -0.0051991640 	 -5.5489316020 
0.4080000000 	 0.2571232865 	 -4.8279065316 
0.4095000000 	 0.9686181732 	 -5.0158452671 
0.4110000000 	 0.8094374787 	 -5.7146282864 
0.4125000000 	 0.0812802182 	 -5.5850906179 
0.4140000000 	 0.1356729756 	 -4.8318027223 
0.4155000000 	 0.8653847558 	 -4.8117025485 
0.4170000000 	 0.9149812104 	 -5.5146263905 
0.4185000000 	 0.1983123288 	 -5.5935005248 
0.4200000000 	 0.0473289461 	 -4.8671002510 
0.4215000000 	 0.7366187612 	 -4.6456309140 
0.4230000000 	 0.9841750688 	 -5.2948832767 
0.4245000000 	 0.3355993759 	 -5.5673140727 
0.4260000000 	 -0.0020740726 	 -4.9229430172 
0.4275000000 	 0.5932795723 	 -4.5225087463 
0.4290000000 	 1.0127184567 	 -5.0664635709 
0.4305000000 	 0.4816378680 	 -5.5028633824 
0.4320000000 	 -0.0098927717 	 -4.9874701898 
0.4335000000 	 0.4471604005 	 -4.4439570058 
0.4350000000 	 0.9996682303 	 -4.8410337942 
0.4365000000 	 0.6246198463 	 -5.3998798378 
0.4380000000 	 0.0231625420 	 -5.0487942451 
0.4395000000 	 0.3098714533 	 -4.4083082985 
0.4410000000 	 0.9473409333 	 -4.6298904752 
0.4425000000 	 0.7533247263 	 -5.2613372692 
0.4440000000 	 0.0931884092 	 -5.0958521328 
0.4455000000 	 0.1919718761 	 -4.4107811156 
0.4470000000 	 0.8610739816 	 -4.4430617021 
0.4485000000 	 0.8580125126 	 -5.0931149767 
0.4500000000 	 0.1935131400 	 -5.1192502335 
0.4515000000 	 0.1021873046 	 -4.4439588580 
0.4530000000 	 0.7487157743 	 -4.2885725713 
0.4545000000 	 0.9311296428 	 -4.9034552471 
0.4560000000 	 0.3152875262 	 -5.1119444423 
0.4575000000 	 0.0467701712 	 -4.4984380813 
0.4590000000 	 0.6199272298 	 -4.1718632301 
0.4605000000 	 0.9678279410 	 -4.7022312854 
0.4620000000 	 0.4482397622 	 -5.0697029591 
0.4635000000 	 0.0290867094 	 -4.5636069234 
0.4650000000 	 0.4853764156 	 -4.0954283484 
0.4665000000 	 0.9662656226 	 -4.5001180148 
0.4680000000 	 0.5815202761 	 -4.9913448298 
0.4695000000 	 0.0494389929 	 -4.6284990148 
0.4710000000 	 0.3558786552 	 -4.0586975069 
0.4725000000 	 0.9276693575 	 -4.3077278496 
0.4740000000 	 0.7045696224 	 -4.8787435508 
0.4755000000 	 0.1051246605 	 -4.6826636601 
0.4770000000 	 0.2415321186 	 -4.0581658474 
0.4785000000 	 0.8561317743 	 -4.1347687315 
0.4800000000 	 0.8079232535 	 -4.7365660531 
0.4815000000 	 0.1907365618 	 -4.7169344427 
0.4830000000 	 0.1509693070 	 -4.0877237508 
0.4845000000 	 0.7582407959 	 -3.9893016112 
0.4860000000 	 0.8839443982 	 -4.5718412369 
0.4875000000 	 0.2986652951 	 -4.7241317685 
0.4890000000 	 0.0907078426 	 -4.1392218931 
0.4905000000 	 0.6424733582 	 -3.8771545560 
0.4920000000 	 0.9273537984 	 -4.3933312371 
0.4935000000 	 0.4197461270 	 -4.6995510576 
0.4950000000 	 0.0646967371 	 -4.2031452113 
0.4965000000 	 0.5184853848 	 -3.8015102379 
0.4980000000 	 0.9355880982 	 -4.2107871141 
0.4995000000 	 0.5440266790 	 -4.6412597355 
0.5010000000 	 0.0740794288 	 -4.2693934510 
0.5025000000 	 0.3963232228 	 -3.7627248027 
0.5040000000 	 0.9089269824 	 -4.0341537661 
0.5055000000 	 0.6615667550 	 -4.5501698718 
0.5070000000 	 0.1171767574 	 -4.3280827993 
0.5085000000 	 0.2856241119 	 -3.7583675062 
0.5100000000 	 0.8503966018 	 -3.8727774039 
0.5115000000 	 0.7632189067 	 -4.4298859575 
0.5130000000 	 0.1896927606 	 -4.3703107919 
0.5145000000 	 0.1948698691 	 -3.7834787070 
0.5160000000 	 0.7654603678 	 -3.7346814551 
0.5175000000 	 0.8413262188 	 -4.2863464723 
0.5190000000 	 0.2851195221 	 -4.3888245859 
0.5205000000 	 0.1307505670 	 -3.8310187723 
0.5220000000 	 0.6615280415 	 -3.6259650254 
0.5235000000 	 0.8902861169 	 -4.1272937769 
0.5250000000 	 0.3953033884 	 -4.3785450727 
0.5265000000 	 0.0976817435 	 -3.8924683339 
0.5280000000 	 0.5473231276 	 -3.5503643723 
0.5295000000 	 0.9069407175 	 -3.9616125130 
0.5310000000 	 0.5111302820 	 -4.3369063775 
0.5325000000 	 0.0975162289 	 -3.9585320377 
0.5340000000 	 0.4321646045 	 -3.5090155469 
0.5355000000 	 0.8907636395 	 -3.7985997084 
0.5370000000 	 0.6232646986 	 -4.2639918886 
0.5385000000 	 0.1294597712 	 -4.0198840941 
0.5400000000 	 0.3252181705 	 -3.5004230850 
0.5415000000 	 0.8438373862 	 -3.6472174583 
0.5430000000 	 0.7228906800 	 -4.1624584741 
0.5445000000 	 0.1901982458 	 -4.0678991518 
0.5460000000 	 0.2347782949 	 -3.5206373992 
0.5475000000 	 0.7706264655 	 -3.5153910890 
0.5490000000 	 0.8023938113 	 -4.0372613371 
0.5505000000 	 0.2742191279 	 -4.0953110919 
0.5520000000 	 0.1676354793 	 -3.5636206826 
0.5535000000 	 0.6775688598 	 -3.4094054861 
0.5550000000 	 0.8559327351 	 -3.8952052162 
0.5565000000 	 0.3742978084 	 -4.0967498966 
0.5580000000 	 0.1285761191 	 -3.6217683497 
0.5595000000 	 0.5725216973 	 -3.3334442087 
0.5610000000 	 0.8798579600 	 -3.7443602381 
0.5625000000 	 0.4821076131 	 -4.0691163654 
0.5640000000 	 0.1200527346 	 -3.6865411761 
0.5655000000 	 0.4641099264 	 -3.2893051901 
0.5670000000 	 0.8729498022 	 -3.5933939333 
0.5685000000 	 0.5889017869 	 -4.0117724202 
0.5700000000 	 0.1420428311 	 -3.7491581751 
0.5715000000 	 0.3610265039 	 -3.2763101941 
0.5730000000 	 0.8364578871 	 -3.4508692589 
0.5745000000 	 0.6862131464 	 -3.9265306349 
0.5760000000 	 0.1921076690 	 -3.8012908057 
0.5775000000 	 0.2713458286 	 -3.2914110084 
0.5790000000 	 0.7739475539 	 -3.3245683430 
0.5805000000 	 0.7665164590 	 -3.8174535416 
0.5820000000 	 0.2656388739 	 -3.8357077843 
0.5835000000 	 0.2018997776 	 -3.3294803354 
0.5850000000 	 0.6909664533 	 -3.2208924293 
0.5865000000 	 0.8238016629 	 -3.6904797723 
0.5880000000 	 0.3562704815 	 -3.8468189137 
0.5895000000 	 0.1577655718 	 -3.3837598615 
0.5910000000 	 0.5945626317 	 -3.1443838708 
0.5925000000 	 0.8540153148 	 -3.5529109163 
0.5940000000 	 0.4564203479 	 -3.8310780033 
0.5955000000 	 0.1419029394 	 -3.4464271127 
0.5970000000 	 0.4926949439 	 -3.0974049747 
0.5985000000 	 0.8553384443 	 -3.4128022445 
0.6000000000 	 0.5579157501 	 -3.7872162377 
0.6015000000 	 0.1549659650 	 -3.5092341288 
0.6030000000 	 0.3935843985 	 -3.0799957206 
0.6045000000 	 0.8282823793 	 -3.2783073389 
0.6060000000 	 0.6526520630 	 -3.7162913371 
0.6075000000 	 0.1953004650 	 -3.5641662182 
0.6090000000 	 0.3050584362 	 -3.0899175371 
0.6105000000 	 0.7755988061 	 -3.1570287401 
0.6120000000 	 0.7332322810 	 -3.6215521822 
0.6135000000 	 0.2591236309 	 -3.6040684920 
0.6150000000 	 0.2339402225 	 -3.1228760206 
0.6165000000 	 0.7020151441 	 -3.0554259548 
0.6180000000 	 0.7935373213 	 -3.5081337702 
0.6195000000 	 0.3408676550 	 -3.6231917332 
0.6210000000 	 0.1855296919 	 -3.1729012487 
0.6225000000 	 0.6138194994 	 -2.9783258892 
0.6240000000 	 0.8291837639 	 -3.3826097052 
0.6255000000 	 0.4336571578 	 -3.6176162066 
0.6270000000 	 0.1632154628 	 -3.2328525978 
0.6285000000 	 0.5183309692 	 -2.9285722494 
0.6300000000 	 0.8378352676 	 -3.2524404002 
0.6315000000 	 0.5298800822 	 -3.5855225399 
0.6330000000 	 0.1682454978 	 -3.2950057918 
0.6345000000 	 0.4232993156 	 -2.9068386731 
0.6360000000 	 0.8193461210 	 -3.1253625282 
0.6375000000 	 0.6218052497 	 -3.5272914584 
0.6390000000 	 0.1996713483 	 -3.3516743585 
0.6405000000 	 0.3362826058 	 -2.9116170298 
0.6420000000 	 0.7757289160 	 -3.0087688817 
0.6435000000 	 0.7021970650 	 -3.4454278067 
0.6450000000 	 0.2544670686 	 -3.3958158380 
0.6465000000 	 0.2640523819 	 -2.9393784451 
0.6480000000 	 0.7109523332 	 -2.9091278288 
0.6495000000 	 0.7648788529 	 -3.3443183701 
0.6510000000 	 0.3278098482 	 -3.4215752084 
0.6525000000 	 0.2120726445 	 -2.9848908182 
0.6540000000 	 0.6305883843 	 -2.8314872038 
0.6555000000 	 0.8052015922 	 -3.2298458017 
0.6570000000 	 0.4134972125 	 -3.4247240250 
0.6585000000 	 0.1840922684 	 -3.0416649095 
0.6600000000 	 0.5413397147 	 -2.7791001636 
0.6615000000 	 0.8203828171 	 -3.1088918101 
0.6630000000 	 0.5044652553 	 -3.4029625608 
0.6645000000 	 0.1818808608 	 -3.1024913071 
0.6660000000 	 0.4504865820 	 -2.7532001850 
0.6675000000 	 0.8096914508 	 -2.9887709236 
0.6690000000 	 0.5933651082 	 -3.3560637381 
0.6705000000 	 0.2051261710 	 -3.1600241976 
0.6720000000 	 0.3652986515 	 -2.7529401318 
0.6735000000 	 0.7744668928 	 -2.8766408128 
0.6750000000 	 0.6731510586 	 -3.2858504731 
0.6765000000 	 0.2514981002 	 -3.2073649982 
0.6780000000 	 0.2924586673 	 -2.7754971127 
0.6795000000 	 0.7179739457 	 -2.7789361151 
0.6810000000 	 0.7376337055 	 -3.1960113000 
0.6825000000 	 0.3168711995 	 -3.2385997843 
0.6840000000 	 0.2375432933 	 -2.8163318078 
0.6855000000 	 0.6451080558 	 -2.7008700573 
0.6870000000 	 0.7819550896 	 -3.0917718199 
0.6885000000 	 0.3956851411 	 -3.2492489076 
0.6900000000 	 0.2046010657 	 -2.8695789150 
0.6915000000 	 0.5619769094 	 -2.6460419636 
0.6930000000 	 0.8029497314 	 -2.9794505576 
0.6945000000 	 0.4814121964 	 -3.2365949146 
0.6960000000 	 0.1958590221 	 -2.9285355173 
0.6975000000 	 0.4753936540 	 -2.6161797436 
0.6990000000 	 0.7993650973 	 -2.8659363934 
0.7005000000 	 0.5670928468 	 -3.1998650356 
0.7020000000 	 0.2115788684 	 -2.9862070015 
0.7035000000 	 0.3923233845 	 -2.6110352670 
0.7050000000 	 0.7719266049 	 -2.7581302604 
0.7065000000 	 0.6458959960 	 -3.1402564210 
0.7080000000 	 0.2500713999 	 -3.0358663662 
0.7095000000 	 0.3193274780 	 -2.6284381882 
0.7110000000 	 0.7232447835 	 -2.6623958836 
0.7125000000 	 0.7116590539 	 -3.0608049233 
0.7140000000 	 0.3078652208 	 -3.0715824660 
0.7155000000 	 0.2620497297 	 -2.6645011620 
0.7170000000 	 0.6575746991 	 -2.5840628089 
0.7185000000 	 0.7593655470 	 -2.9661105238 
0.7200000000 	 0.3800137398 	 -3.0886759566 
0.7215000000 	 0.2247842116 	 -2.7139575838 
0.7230000000 	 0.5804492434 	 -2.5270201281 
0.7245000000 	 0.7855235547 	 -2.8619436166 
0.7260000000 	 0.4605137512 	 -3.0840681186 
0.7275000000 	 0.2101576274 	 -2.7706028307 
0.7290000000 	 0.4982174922 	 -2.4934314671 
0.7305000000 	 0.7884167556 	 -2.7547653643 
0.7320000000 	 0.5428005591 	 -3.0564968289 
0.7335000000 	 0.2189493068 	 -2.8278023235 
0.7350000000 	 0.4175262606 	 -2.4835916963 
0.7365000000 	 0.7682103928 	 -2.6512015129 
0.7380000000 	 0.6202791875 	 -3.0065848258 
0.7395000000 	 0.2500607762 	 -2.8790250740 
0.7410000000 	 0.3447868613 	 -2.4959343277 
0.7425000000 	 0.7269062095 	 -2.5575121266 
0.7440000000 	 0.6868489874 	 -2.9367573667 
0.7455000000 	 0.3006347739 	 -2.9183600354 
0.7470000000 	 0.2856695242 	 -2.5271864561 
0.7485000000 	 0.6681524670 	 -2.4790992686 
0.7500000000 	 0.7373802400 	 -2.8510183029 
0.7515000000 	 0.3663118105 	 -2.9409746624 
0.7530000000 	 0.2446650626 	 -2.5726565298 
0.7545000000 	 0.5969264997 	 -2.4200910034 
0.7560000000 	 0.7681057924 	 -2.7546046748 
0.7575000000 	 0.4416016549 	 -2.9434803262 
0.7590000000 	 0.2247473685 	 -2.6266299514 
0.7605000000 	 0.5191170458 	 -2.3830333815 
0.7620000000 	 0.7768981248 	 -2.6535491569 
0.7635000000 	 0.5203384653 	 -2.9241771676 
0.7650000000 	 0.2271618383 	 -2.6828394295 
0.7665000000 	 0.4410410663 	 -2.3687130710 
0.7680000000 	 0.7634117317 	 -2.5541865280 
0.7695000000 	 0.5961821180 	 -2.8831609256 
0.7710000000 	 0.2513544525 	 -2.7349715635 
0.7725000000 	 0.3689344292 	 -2.3761225540 
0.7740000000 	 0.7290817473 	 -2.4626441857 
0.7755000000 	 0.6631252771 	 -2.8222855333 
0.7770000000 	 0.2950448500 	 -2.7771689641 
0.7785000000 	 0.3084572103 	 -2.4025683658 
0.7800000000 	 0.6769811962 	 -2.3843573249 
0.7815000000 	 0.7159659140 	 -2.7449867168 
0.7830000000 	 0.3544353281 	 -2.8044881496 
0.7845000000 	 0.2642526255 	 -2.4439115103 
0.7860000000 	 0.6115504626 	 -2.3236468370 
0.7875000000 	 0.7507083741 	 -2.6559828174 
0.7890000000 	 0.4245370330 	 -2.8132776460 
0.7905000000 	 0.2395936865 	 -2.4949189226 
0.7920000000 	 0.5382224014 	 -2.2833924034 
0.7935000000 	 0.7648622861 	 -2.5608784598 
0.7950000000 	 0.4995856340 	 -2.8014475184 
0.7965000000 	 0.2361442503 	 -2.5496963290 
0.7980000000 	 0.4629744950 	 -2.2648252069 
0.7995000000 	 0.7576172404 	 -2.4657040257 
0.8010000000 	 0.5735121438 	 -2.7686106811 
0.8025000000 	 0.2538516366 	 -2.6021669520 
0.8040000000 	 0.3918446796 	 -2.2674548781 
0.8055000000 	 0.7298812618 	 -2.3764284638 
0.8070000000 	 0.6404306520 	 -2.7160867343 
0.8085000000 	 0.2909772919 	 -2.6465573420 
0.8100000000 	 0.3304498229 	 -2.2891343796 
0.8115000000 	 0.6841821380 	 -2.2984844790 
0.8130000000 	 0.6951040398 	 -2.6467701299 
0.8145000000 	 0.3442609723 	 -2.6778516931 
0.8160000000 	 0.2835450209 	 -2.3262555887 
0.8175000000 	 0.6244415145 	 -2.2363436002 
0.8190000000 	 0.7333510474 	 -2.5648751911 
0.8205000000 	 0.4092033913 	 -2.6921790656 
0.8220000000 	 0.2546580712 	 -2.3740580865 
0.8235000000 	 0.5556415993 	 -2.1931741038 
0.8250000000 	 0.7523632562 	 -2.4755800787 
0.8265000000 	 0.4804431009 	 -2.6871037833 
0.8280000000 	 0.2458269994 	 -2.4270249223 
0.8295000000 	 0.4834125467 	 -2.1706076808 
0.8310000000 	 0.7509081909 	 -2.3845994585 
0.8325000000 	 0.5521963149 	 -2.6617973922 
0.8340000000 	 0.2574599711 	 -2.4793326649 
0.8355000000 	 0.4135744629 	 -2.1686317973 
0.8370000000 	 0.7294040805 	 -2.2977208907 
0.8385000000 	 0.6187237781 	 -2.6170802920 
0.8400000000 	 0.2883268636 	 -2.5253191807 
0.8415000000 	 0.3516710540 	 -2.1856143995 
0.8430000000 	 0.6898622436 	 -2.2203422471 
0.8445000000 	 0.6747872436 	 -2.5553316250 
0.8460000000 	 0.3356812773 	 -2.5599317336 
0.8475000000 	 0.3025321016 	 -2.2184570888 
0.8490000000 	 0.6357036160 	 -2.1570469128 
0.8505000000 	 0.7160594476 	 -2.4802765296 
0.8520000000 	 0.3955013747 	 -2.5791201264 
0.8535000000 	 0.2698990625 	 -2.2628627431 
0.8550000000 	 0.5714657772 	 -2.1112499490 
0.8565000000 	 0.7394556643 	 -2.3966693887 
0.8580000000 	 0.4628287103 	 -2.5801443935 
0.8595000000 	 0.2561426728 	 -2.3136946459 
0.8610000000 	 0.5024253801 	 -2.0849423155 
0.8625000000 	 0.7433616573 	 -2.3098997717 
0.8640000000 	 0.5321767274 	 -2.5617738770 
0.8655000000 	 0.2620936406 	 -2.3653973143 
0.8670000000 	 0.4341671404 	 -2.0785520805 
0.8685000000 	 0.7277413552 	 -2.2255534535 
0.8700000000 	 0.5979754599 	 -2.5243633616 
0.8715000000 	 0.2869982990 	 -2.4124446716 
0.8730000000 	 0.3721344389 	 -2.0909319710 
0.8745000000 	 0.6941174347 	 -2.1489640442 
0.8760000000 	 0.6550166132 	 -2.4698019950 
0.8775000000 	 0.3286009768 	 -2.4497796088 
0.8790000000 	 0.3211974634 	 -2.1194725128 
0.8805000000 	 0.6454280800 	 -2.0847909891 
0.8820000000 	 0.6988636041 	 -2.4013407796 
0.8835000000 	 0.3833447819 	 -2.4732100496 
0.8850000000 	 0.2852730387 	 -2.1603299777 
0.8865000000 	 0.5857730941 	 -2.0366571384 
0.8880000000 	 0.7261944818 	 -2.3233141001 
0.8895000000 	 0.4466731704 	 -2.4797307007 
0.8910000000 	 0.2670255900 	 -2.2087494550 
0.8925000000 	 0.5200710199 	 -2.0068738556 
0.8940000000 	 0.7350513662 	 -2.2407788360 
0.8955000000 	 0.5134069516 	 -2.4677458765 
0.8970000000 	 0.2676719419 	 -2.2594560261 
0.8985000000 	 0.4536557925 	 -1.9962743278 
0.9000000000 	 0.7249778713 	 -2.1591009083 
0.9015000000 	 0.5781657220 	 -2.4371770620 
0.9030000000 	 0.2869040473 	 -2.3070820308 
0.9045000000 	 0.3918457998 	 -2.0041668689 
0.9060000000 	 0.6970350849 	 -2.0835228456 
0.9075000000 	 0.6357996024 	 -2.3894481979 
0.9090000000 	 0.3229342079 	 -2.3465959366 
0.9105000000 	 0.3395200226 	 -2.0284103131 
0.9120000000 	 0.6536964810 	 -2.0187470464 
0.9135000000 	 0.6817967795 	 -2.3273515312 
0.9150000000 	 0.3726575067 	 -2.3736986726 
0.9165000000 	 0.3007348487 	 -2.0656038280 
0.9180000000 	 0.5986317542 	 -1.9685676311 
0.9195000000 	 0.7126347955 	 -2.2548062715 
0.9210000000 	 0.4319170159 	 -2.3851563464 
0.9225000000 	 0.2784115310 	 -2.1113745651 
0.9240000000 	 0.5363982406 	 -1.9355795728 
0.9255000000 	 0.7260483497 	 -2.1765307019 
0.9270000000 	 0.4958492795 	 -2.3790437057 
0.9285000000 	 0.2741182041 	 -2.1607389423 
0.9300000000 	 0.4720656991 	 -1.9209872074 
0.9315000000 	 0.7211934110 	 -2.0976549602 
0.9330000000 	 0.5592815348 	 -2.3548801421 
0.9345000000 	 0.2879625707 	 -2.2085078390 
0.9360000000 	 0.4108051953 	 -1.9245260554 
0.9375000000 	 0.6986959513 	 -2.0233060875 
0.9390000000 	 0.6171483907 	 -2.3136488275 
0.9405000000 	 0.3186023539 	 -2.2497028978 
0.9420000000 	 0.3574752629 	 -1.9445027153 
0.9435000000 	 0.6605829018 	 -1.9581987283 
0.9450000000 	 0.6648945366 	 -2.2576989642 
0.9465000000 	 0.3633711606 	 -2.2799506385 
0.9480000000 	 0.3162383312 	 -1.9779481140 
0.9495000000 	 0.6101023665 	 -1.9062639921 
0.9510000000 	 0.6988316129 	 -2.1905404496 
0.9525000000 	 0.4185082451 	 -2.2958233100 
0.9540000000 	 0.2902375500 	 -2.0208704664 
0.9555000000 	 0.5514488090 	 -1.8703455289 
0.9570000000 	 0.7164214118 	 -2.1165486662 
0.9585000000 	 0.4794725576 	 -2.2951000129 
0.9600000000 	 0.2813589800 	 -2.0685865240 
0.9615000000 	 0.4894163136 	 -1.8519861540 
0.9630000000 	 0.7164638098 	 -2.0406040446 
0.9645000000 	 0.5413150116 	 -2.2769283202 
0.9660000000 	 0.2900970055 	 -2.1161037594 
0.9675000000 	 0.4290084338 	 -1.8513208848 
0.9690000000 	 0.6991756521 	 -1.9676959337 
0.9705000000 	 0.5990785757 	 -2.2418747771 
0.9720000000 	 0.3155323783 	 -2.1585223945 
0.9735000000 	 0.3750362483 	 -1.8670835489 
0.9750000000 	 0.6661556958 	 -1.9025227609 
0.9765000000 	 0.6481939969 	 -2.1918616556 
0.9780000000 	 0.3554232403 	 -2.1914250264 
0.9795000000 	 0.3317367735 	 -1.8967250380 
0.9810000000 	 0.6202398021 	 -1.8491203798 
0.9825000000 	 0.6848396759 	 -2.1299964105 
0.9840000000 	 0.4064004623 	 -2.2112229575 
0.9855000000 	 0.3024418708 	 -1.9366323887 
0.9870000000 	 0.5652592783 	 -1.8105478401 
0.9885000000 	 0.7062374906 	 -2.0603087292 
0.9900000000 	 0.4642504827 	 -2.2154321729 
0.9915000000 	 0.2893234338 	 -1.9824300137 
0.9930000000 	 0.5057228241 	 -1.7886549460 
0.9945000000 	 0.7108617684 	 -1.9874173029 
0.9960000000 	 0.5242619932 	 -2.2028578676 
0.9975000000 	 0.2932341647 	 -2.0293380687 
0.9990000000 	 0.4464483199 	 -1.7839490719 
1.0005000000 	 0.6985458293 	 -1.9161536634 
1.0020000000 	 0.5816081213 	 -2.1736738948 
1.0035000000 	 0.3136555216 	 -2.0725587074 
1.0050000000 	 0.3921744439 	 -1.7955706778 
1.0065000000 	 0.6704788565 	 -1.8511736240 
1.0080000000 	 0.6317332058 	 -2.1293921152 
1.0095000000 	 0.3487556555 	 -2.1076591291 
1.0110000000 	 0.3471832725 	 -1.8213781585 
1.0125000000 	 0.6290946433 	 -1.7965874160 
1.0140000000 	 0.6707132845 	 -2.0727253851 
1.0155000000 	 0.3955514087 	 -2.1309209081 
1.0170000000 	 0.3149638253 	 -1.8581339424 
1.0185000000 	 0.5778623932 	 -1.7556377654 
1.0200000000 	 0.6955618966 	 -2.0073563763 
1.0215000000 	 0.4501602364 	 -2.1396281809 
1.0230000000 	 0.2979428874 	 -1.9017758202 
1.0245000000 	 0.5209974061 	 -1.7304510183 
1.0260000000 	 0.7044574614 	 -1.9376317848 
1.0275000000 	 0.5081208885 	 -2.1322724481 
1.0290000000 	 0.2973037478 	 -1.9477508596 
1.0305000000 	 0.4631156466 	 -1.7218802680 
1.0320000000 	 0.6968750399 	 -1.8682071600 
1.0335000000 	 0.5647564944 	 -2.1086586374 
1.0350000000 	 0.3129062858 	 -1.9913845564 
1.0365000000 	 0.4088603969 	 -1.7294519162 
1.0380000000 	 0.6736130982 	 -1.8036712517 
1.0395000000 	 0.6155506176 	 -2.0699051305 
1.0410000000 	 0.3433135984 	 -2.0282553888 
1.0425000000 	 0.3625310830 	 -1.7514187391 
1.0440000000 	 0.6367143482 	 -1.7481800750 
1.0455000000 	 0.6565061241 	 -2.0183389887 
1.0470000000 	 0.3859217869 	 -2.0545448378 
1.0485000000 	 0.3277438348 	 -1.7849139644 
1.0500000000 	 0.5892882194 	 -1.7051297323 
1.0515000000 	 0.6844584794 	 -1.9572959329 
1.0530000000 	 0.4371813898 	 -2.0673352616 
1.0545000000 	 0.3071504855 	 -1.8261929366 
1.0560000000 	 0.5352502336 	 -1.6768936513 
1.0575000000 	 0.6973189988 	 -1.8908421255 
1.0590000000 	 0.4928917411 	 -2.0648324665 
1.0605000000 	 0.3022377425 	 -1.8709420904 
1.0620000000 	 0.4790000125 	 -1.6646444501 
1.0635000000 	 0.6942294513 	 -1.8234408219 
1.0650000000 	 0.5485439574 	 -2.0464960695 
1.0665000000 	 0.3132216446 	 -1.9146298198 
1.0680000000 	 0.4250643098 	 -1.6682736739 
1.0695000000 	 0.6756167058 	 -1.7595911144 
1.0710000000 	 0.5996846476 	 -2.0130683216 
1.0725000000 	 0.3390446344 	 -1.9528708013 
1.0740000000 	 0.3777339095 	 -1.6864147047 
1.0755000000 	 0.6431441696 	 -1.7034678809 
1.0770000000 	 0.6422711043 	 -1.9665002133 
1.0785000000 	 0.3774743374 	 -1.9817745508 
1.0800000000 	 0.3407234382 	 -1.7165658577 
1.0815000000 	 0.5995650607 	 -1.6585916546 
1.0830000000 	 0.6729897400 	 -1.9097819181 
1.0845000000 	 0.4252950271 	 -1.9982505921 
1.0860000000 	 0.3168809619 	 -1.7553027289 
1.0875000000 	 0.5484903021 	 -1.6275544098 
1.0890000000 	 0.6895127730 	 -1.8466921576 
1.0905000000 	 0.4785754735 	 -2.0002463738 
1.0920000000 	 0.3079699810 	 -1.7985618626 
1.0935000000 	 0.4940905037 	 -1.6118225135 
1.0950000000 	 0.6906733779 	 -1.7814873702 
1.0965000000 	 0.5329909784 	 -1.9868996959 
1.0980000000 	 0.3145404307 	 -1.8419723349 
1.0995000000 	 0.4407565270 	 -1.6116317349 
1.1010000000 	 0.6765462038 	 -1.7185561574 
1.1025000000 	 0.5841732913 	 -1.9585944186 
1.1040000000 	 0.3358979905 	 -1.8812082563 
1.1055000000 	 0.3927461741 	 -1.6259816623 
1.1070000000 	 0.6484278868 	 -1.6620669455 
1.1085000000 	 0.6280601974 	 -1.9169160694 
1.1100000000 	 0.3701730912 	 -1.9123338561 
1.1115000000 	 0.3538453338 	 -1.6527289085 
1.1130000000 	 0.6087201804 	 -1.6156370562 
1.1145000000 	 0.6612168750 	 -1.8645119656 
1.1160000000 	 0.4144830267 	 -1.9321136768 
1.1175000000 	 0.3270704763 	 -1.6887705821 
1.1190000000 	 0.5607260984 	 -1.5820493516 
1.1205000000 	 0.6811037037 	 -1.8048680484 
1.1220000000 	 0.4651732530 	 -1.9382635207 
1.1235000000 	 0.3144357910 	 -1.7303024491 
1.1250000000 	 0.5083762441 	 -1.5630385832 
1.1265000000 	 0.6862696839 	 -1.7420211285 
1.1280000000 	 0.5181177359 	 -1.9296227259 
1.1295000000 	 0.3168028592 	 -1.7731303353 
1.1310000000 	 0.4559079406 	 -1.5591637157 
1.1325000000 	 0.6764568680 	 -1.6802301908 
1.1340000000 	 0.5690537876 	 -1.9062348813 
1.1355000000 	 0.3338239960 	 -1.8130093931 
1.1370000000 	 0.4075232583 	 -1.5697755409 
1.1385000000 	 0.6526083786 	 -1.6236334422 
1.1400000000 	 0.6139242713 	 -1.8693315033 
1.1415000000 	 0.3639827717 	 -1.8459838389 
1.1430000000 	 0.3670534468 	 -1.5930811361 
1.1445000000 	 0.6167803961 	 -1.5759186006 
1.1460000000 	 0.6491998013 	 -1.8212209752 
1.1475000000 	 0.4047274923 	 -1.8687000369 
1.1490000000 	 0.3376565190 	 -1.6262990280 
1.1505000000 	 0.5719661489 	 -1.5400326373 
1.1520000000 	 0.6721554120 	 -1.7650926319 
1.1535000000 	 0.4526859829 	 -1.8786682206 
1.1550000000 	 0.3215717578 	 -1.6658917156 
1.1565000000 	 0.5218468680 	 -1.5179537109 
1.1580000000 	 0.6810800888 	 -1.7047524920 
1.1595000000 	 0.5039437021 	 -1.8744524814 
1.1610000000 	 0.3199501716 	 -1.7078561922 
1.1625000000 	 0.4704903501 	 -1.5105428674 
1.1640000000 	 0.6754031287 	 -1.6443124517 
1.1655000000 	 0.5543623247 	 -1.8557746070 
1.1670000000 	 0.3327736433 	 -1.7480486780 
1.1685000000 	 0.4220217259 	 -1.5174865249 
1.1700000000 	 0.6557280871 	 -1.5878582265 
1.1715000000 	 0.5999129443 	 -1.8235243497 
1.1730000000 	 0.3588683311 	 -1.7825172840 
1.1745000000 	 0.3802930134 	 -1.5373334156 
1.1760000000 	 0.6237725433 	 -1.5391227822 
1.1775000000 	 0.6369971273 	 -1.7796762650 
1.1790000000 	 0.3960102764 	 -1.8078159499 
1.1805000000 	 0.3485778529 	 -1.5676220530 
1.1820000000 	 0.5822194632 	 -1.5011912604 
1.1835000000 	 0.6627303281 	 -1.7271207043 
1.1850000000 	 0.4411138728 	 -1.8212747955 
1.1865000000 	 0.3293155496 	 -1.6050876593 
1.1880000000 	 0.5344929073 	 -1.4762606674 
1.1895000000 	 0.6751653860 	 -1.6694233332 
1.1910000000 	 0.4904872876 	 -1.8212057219 
1.1925000000 	 0.3239243609 	 -1.6459312039 
1.1940000000 	 0.4844767621 	 -1.4654729453 
1.1955000000 	 0.6734388733 	 -1.6105330831 
1.1970000000 	 0.5401337858 	 -1.8070274914 
1.1985000000 	 0.3326982574 	 -1.6861284602 
1.2000000000 	 0.4361995271 	 -1.4688340409 
1.2015000000 	 0.6578293646 	 -1.5544623859 
1.2030000000 	 0.5860744218 	 -1.7793010989 
1.2045000000 	 0.3547945706 	 -1.7217539888 
1.2060000000 	 0.3935106742 	 -1.4852245754 
1.2075000000 	 0.6297238546 	 -1.5049655065 
1.2090000000 	 0.6246661173 	 -1.7396735008 
1.2105000000 	 0.3883126120 	 -1.7492940301 
1.2120000000 	 0.3597745061 	 -1.5125003622 
1.2135000000 	 0.5914959026 	 -1.4652406817 
1.2150000000 	 0.6528897577 	 -1.6907350912 
1.2165000000 	 0.4304560923 	 -1.7659234095 
1.2180000000 	 0.3376058072 	 -1.5476738527 
1.2195000000 	 0.5463061162 	 -1.4376796269 
1.2210000000 	 0.6685855970 	 -1.6358031646 
1.2225000000 	 0.4777655465 	 -1.7697247011 
1.2240000000 	 0.3286679868 	 -1.5871612375 
1.2255000000 	 0.4978416586 	 -1.4236839632 
1.2270000000 	 0.6706176675 	 -1.5786493769 
1.2285000000 	 0.5264015133 	 -1.7598326923 
1.2300000000 	 0.3335492385 	 -1.6270748136 
1.2315000000 	 0.4500161871 	 -1.4235625753 
1.2330000000 	 0.6589547524 	 -1.5231935232 
1.2345000000 	 0.5724553573 	 -1.7364933318 
1.2360000000 	 0.3517258588 	 -1.6635368266 
1.2375000000 	 0.4066545801 	 -1.4365173282 
1.2390000000 	 0.6346622548 	 -1.4731884271 
1.2405000000 	 0.6122626276 	 -1.7010332783 
1.2420000000 	 0.3816148106 	 -1.6929895024 
1.2435000000 	 0.3711877868 	 -1.4607174241 
1.2450000000 	 0.5998064702 	 -1.4319211986 
1.2465000000 	 0.6426938986 	 -1.6557433376 
1.2480000000 	 0.4207104825 	 -1.7124765375 
1.2495000000 	 0.3463820824 	 -1.4934556213 
1.2510000000 	 0.5572797431 	 -1.4019545753 
1.2525000000 	 0.6614000655 	 -1.6036859186 
1.2540000000 	 0.4657939189 	 -1.7198738259 
1.2555000000 	 0.3341240399 	 -1.5313730543 
1.2570000000 	 0.5105612258 	 -1.3849286407 
1.2585000000 	 0.6669929180 	 -1.5484426146 
1.2600000000 	 0.5131971102 	 -1.7140514561 
1.2615000000 	 0.3352778801 	 -1.5707340346 
1.2630000000 	 0.4634329774 	 -1.3814381941 
1.2645000000 	 0.6591471786 	 -1.4938226534 
1.2660000000 	 0.5591007026 	 -1.6949546915 
1.2675000000 	 0.3496259079 	 -1.6077284046 
1.2690000000 	 0.4196744998 	 -1.3909948543 
1.2705000000 	 0.6386165886 	 -1.4435558731 
1.2720000000 	 0.5998410292 	 -1.6635982157 
1.2735000000 	 0.3758960265 	 -1.6387770267 
1.2750000000 	 0.3827603274 	 -1.4120761445 
1.2765000000 	 0.6071635503 	 -1.4009949074 
1.2780000000 	 0.6322018344 	 -1.6219749059 
1.2795000000 	 0.4118733226 	 -1.6608159599 
1.2810000000 	 0.3555848137 	 -1.4422568247 
1.2825000000 	 0.5674087538 	 -1.3688503044 
1.2840000000 	 0.6536675113 	 -1.5728872223 
1.2855000000 	 0.4545860204 	 -1.6715368027 
1.2870000000 	 0.3402358639 	 -1.4784112114 
1.2885000000 	 0.5226135499 	 -1.3489794423 
1.2900000000 	 0.6626179718 	 -1.5197154061 
1.2915000000 	 0.5005502561 	 -1.6695644026 
1.2930000000 	 0.3378352420 	 -1.5169696607 
1.2945000000 	 0.4764130783 	 -1.3422456186 
1.2960000000 	 0.6584501066 	 -1.4661415896 
1.2975000000 	 0.5460535729 	 -1.6545582984 
1.2990000000 	 0.3484576123 	 -1.5542082200 
1.3005000000 	 0.4325219322 	 -1.3484579371 
1.3020000000 	 0.6416167945 	 -1.4158522731 
1.3035000000 	 0.5874541208 	 -1.6272304765 
1.3050000000 	 0.3711340755 	 -1.5865479910 
1.3065000000 	 0.3944361428 	 -1.3663960691 
1.3080000000 	 0.6135810895 	 -1.3722431564 
1.3095000000 	 0.6214714951 	 -1.5892787842 
1.3110000000 	 0.4039391449 	 -1.6108401810 
1.3125000000 	 0.3651553398 	 -1.3939171349 
1.3140000000 	 0.5766900169 	 -1.3381498973 
1.3155000000 	 0.6454460411 	 -1.5432420852 
1.3170000000 	 0.4441534591 	 -1.6246141848 
1.3185000000 	 0.3469471171 	 -1.4281354240 
1.3200000000 	 0.5339787899 	 -1.3156260858 
1.3215000000 	 0.6575461786 	 -1.4922894356 
1.3230000000 	 0.4884885470 	 -1.6262691947 
1.3245000000 	 0.3411720686 	 -1.4656599349 
1.3260000000 	 0.4889217217 	 -1.3057857712 
1.3275000000 	 0.6569076300 	 -1.4399607307 
1.3290000000 	 0.5333551162 	 -1.6151945219 
1.3305000000 	 0.3481829384 	 -1.5028702256 
1.3320000000 	 0.4451502195 	 -1.3087225503 
1.3335000000 	 0.6436940263 	 -1.3898799817 
1.3350000000 	 0.5751530314 	 -1.5918096363 
1.3365000000 	 0.3673053004 	 -1.5362081777 
1.3380000000 	 0.4061607107 	 -1.3235110170 
1.3395000000 	 0.6190747415 	 -1.3454644048 
1.3410000000 	 0.6105596008 	 -1.5575214416 
1.3425000000 	 0.3969005836 	 -1.5624622070 
1.3440000000 	 0.3750359328 	 -1.3482897256 
1.3455000000 	 0.5851224522 	 -1.3096526070 
1.3470000000 	 0.6367931337 	 -1.5146029184 
1.3485000000 	 0.4345056889 	 -1.5790212543 
1.3500000000 	 0.3542017689 	 -1.3804183227 
1.3515000000 	 0.5446393218 	 -1.2846734497 
1.3530000000 	 0.6518309101 	 -1.4660035373 
1.3545000000 	 0.4770373568 	 -1.5840785165 
1.3560000000 	 0.3452387523 	 -1.4166956337 
1.3575000000 	 0.5009263255 	 -1.2718737099 
1.3590000000 	 0.6545645264 	 -1.4151071878 
1.3605000000 	 0.5210443864 	 -1.5767690534 
1.3620000000 	 0.3487628527 	 -1.4536207331 
1.3635000000 	 0.4575146616 	 -1.2716178188 
1.3650000000 	 0.6448807385 	 -1.3654574419 
1.3665000000 	 0.5629871187 	 -1.5572308431 
1.3680000000 	 0.3643844734 	 -1.4876757540 
1.3695000000 	 0.4178810540 	 -1.2832670760 
1.3710000000 	 0.6236619701 	 -1.3204724096 
1.3725000000 	 0.5995215891 	 -1.5265850579 
1.3740000000 	 0.3907482652 	 -1.5156076182 
1.3755000000 	 0.3851698565 	 -1.3052393100 
1.3770000000 	 0.5927071471 	 -1.2831720732 
1.3785000000 	 0.6277655958 	 -1.4868378329 
1.3800000000 	 0.4256498859 	 -1.5346861779 
1.3815000000 	 0.3619441252 	 -1.3351435353 
1.3830000000 	 0.5545798595 	 -1.2559398089 
1.3845000000 	 0.6455255479 	 -1.4407120488 
1.3860000000 	 0.4662197106 	 -1.5429183122 
1.3875000000 	 0.3499853262 	 -1.3699781980 
1.3890000000 	 0.5123966135 	 -1.2403368807 
1.3905000000 	 0.6514662792 	 -1.3914231817 
1.3920000000 	 0.5091582290 	 -1.5392012266 
1.3935000000 	 0.3501572870 	 -1.4063766060 
1.3950000000 	 0.4695726248 	 -1.2369842942 
1.3965000000 	 0.6452107324 	 -1.3424176183 
1.3980000000 	 0.5510038672 	 -1.5234032087 
1.3995000000 	 0.3623447388 	 -1.4408795236 
1.4010000000 	 0.4295458394 	 -1.2455209031 
1.4025000000 	 0.6273621199 	 -1.2970946945 
1.4040000000 	 0.5884115289 	 -1.4963659885 
1.4055000000 	 0.3854707260 	 -1.4702128876 
1.4070000000 	 0.3955014406 	 -1.2646404644 
1.4085000000 	 0.5994474475 	 -1.2585348112 
1.4100000000 	 0.6184195005 	 -1.4598291652 
1.4115000000 	 0.4175908533 	 -1.4915483946 
1.4130000000 	 0.3701188801 	 -1.2922040417 
1.4145000000 	 0.5637875598 	 -1.2292553443 
1.4160000000 	 0.6386834492 	 -1.4162833930 
1.4175000000 	 0.4560561824 	 -1.5027262454 
1.4190000000 	 0.3553614887 	 -1.3254181277 
1.4205000000 	 0.5233047234 	 -1.2110136456 
1.4220000000 	 0.6476590664 	 -1.3687646711 
1.4235000000 	 0.4977311721 	 -1.5024225437 
1.4250000000 	 0.3523251376 	 -1.3610636915 
1.4265000000 	 0.4812836509 	 -1.2046724979 
1.4280000000 	 0.6447191730 	 -1.3206066683 
1.4295000000 	 0.5392487809 	 -1.4902484060 
1.4310000000 	 0.3611575812 	 -1.3957574058 
1.4325000000 	 0.4411054759 	 -1.2101382777 
1.4340000000 	 0.6301964597 	 -1.2751712478 
1.4355000000 	 0.5772820261 	 -1.4667734238 
1.4370000000 	 0.3810543581 	 -1.4262239106 
1.4385000000 	 0.4059761676 	 -1.2263761996 
1.4400000000 	 0.6053490209 	 -1.2355789343 
1.4415000000 	 0.6088101090 	 -1.4334721951 
1.4430000000 	 0.4103309486 	 -1.4495572000 
1.4445000000 	 0.3786711850 	 -1.2515007651 
1.4460000000 	 0.5722521028 	 -1.2044608849 
1.4475000000 	 0.6313578856 	 -1.3925988494 
1.4490000000 	 0.4465648046 	 -1.4634503402 
1.4505000000 	 0.3613166525 	 -1.2829335928 
1.4520000000 	 0.5336253013 	 -1.1837520400 
1.4535000000 	 0.6431897218 	 -1.3470001745 
1.4550000000 	 0.4867953224 	 -1.4663753766 
1.4565000000 	 0.3552242828 	 -1.3176154553 
1.4580000000 	 0.4926095584 	 -1.1745416797 
1.4595000000 	 0.6434425808 	 -1.2998827964 
1.4610000000 	 0.5277652836 	 -1.4576994283 
1.4625000000 	 0.3607928241 	 -1.3522551058 
1.4640000000 	 0.4525122173 	 -1.1769928750 
1.4655000000 	 0.6321881961 	 -1.2545534126 
1.4670000000 	 0.5661841236 	 -1.4377282061 
1.4685000000 	 0.3774833838 	 -1.3835947114 
1.4700000000 	 0.4165407718 	 -1.1903367422 
1.4715000000 	 0.6104198960 	 -1.2141530748 
1.4730000000 	 0.5989917727 	 -1.4076740238 
1.4745000000 	 0.4038700254 	 -1.4086704931 
1.4760000000 	 0.3875467318 	 -1.2129413549 
1.4775000000 	 0.5799657550 	 -1.1814068401 
1.4790000000 	 0.6236019647 	 -1.3695514828 
1.4805000000 	 0.4377609914 	 -1.4250477741 
1.4820000000 	 0.3678000086 	 -1.2424492265 
1.4835000000 	 0.5433355845 	 -1.1584087104 
1.4850000000 	 0.6381056832 	 -1.3260097404 
1.4865000000 	 0.4763802836 	 -1.4310118110 
1.4880000000 	 0.3588116365 	 -1.2759717987 
1.4895000000 	 0.5035145387 	 -1.1464587780 
1.4910000000 	 0.6414187934 	 -1.2801152769 
1.4925000000 	 0.5165946134 	 -1.4256994876 
1.4940000000 	 0.3612186499 	 -1.3103249432 
1.4955000000 	 0.4637202676 	 -1.1459652209 
1.4970000000 	 0.6333624665 	 -1.2351029420 
1.4985000000 	 0.5551671924 	 -1.4091617864 
