0.0000000000 	 1.0000000000 	 7.2865873083 	 0.0046778146 	 -0.0000000000 
0.5000000000 	 0.9851437102 	 6.4284515467 	 0.0046083196 	 -0.0000000000 
1.0000000000 	 0.9425890428 	 5.1616178622 	 0.0044092568 	 -0.0000000000 
1.5000000000 	 0.8756809543 	 3.9073521206 	 0.0040962731 	 -0.0000000000 
2.0000000000 	 0.7890639663 	 2.7932846168 	 0.0036910949 	 -0.0000000000 
2.5000000000 	 0.6882258060 	 1.8696430574 	 0.0032193927 	 -0.0000000000 
3.0000000000 	 0.5791111758 	 1.1515285371 	 0.0027089747 	 -0.0000000000 
3.5000000000 	 0.4678433379 	 0.6872103141 	 0.0021884844 	 -0.0000000000 
4.0000000000 	 0.3602599466 	 0.5006508901 	 0.0016852292 	 -0.0000000000 
4.5000000000 	 0.2616265927 	 0.5719162475 	 0.0012238407 	 -0.0000000000 
5.0000000000 	 0.1762410123 	 0.8147101673 	 0.0008244228 	 -0.0000000000 
5.5000000000 	 0.1070210771 	 0.8132684327 	 0.0005006248 	 -0.0000000000 
6.0000000000 	 0.0549855495 	 0.7707072729 	 0.0002572122 	 -0.0000000000 
6.5000000000 	 0.0198649072 	 0.7597345302 	 0.0000929244 	 -0.0000000000 
7.0000000000 	 0.0004172313 	 0.7667019170 	 0.0000019518 	 0.0000000000 
7.5000000000 	 -0.0053934031 	 0.7942405462 	 -0.0000252293 	 0.0000000000 
8.0000000000 	 -0.0002163436 	 0.8424377570 	 -0.0000010120 	 0.0000000000 
8.5000000000 	 0.0128944660 	 0.9104314420 	 0.0000603180 	 0.0000000000 
9.0000000000 	 0.0307218519 	 0.9935810376 	 0.0001437112 	 -0.0000000000 
9.5000000000 	 0.0501044076 	 1.0871111340 	 0.0002343792 	 -0.0000000000 
10.0000000000 	 0.0681258378 	 1.1859382182 	 0.0003186801 	 -0.0000000000 
10.5000000000 	 0.0823163022 	 1.2825621250 	 0.0003850604 	 -0.0000000000 
11.0000000000 	 0.0907609108 	 1.3714587870 	 0.0004245627 	 -0.0000000000 
11.5000000000 	 0.0921352331 	 1.4491308834 	 0.0004309916 	 -0.0000000000 
12.0000000000 	 0.0857192843 	 1.5125563270 	 0.0004009789 	 -0.0000000000 
12.5000000000 	 0.0714617965 	 1.5598666776 	 0.0003342851 	 -0.0000000000 
13.0000000000 	 0.0498819565 	 1.5899369849 	 0.0002333386 	 -0.0000000000 
13.5000000000 	 0.0220155728 	 1.6030046398 	 0.0001029848 	 -0.0000000000 
14.0000000000 	 -0.0107134735 	 1.5998195258 	 -0.0000501156 	 -0.0000000000 
14.5000000000 	 -0.0465848850 	 1.5819530770 	 -0.0002179154 	 -0.0000000000 
15.0000000000 	 -0.0837949354 	 1.5512836998 	 -0.0003919771 	 -0.0000000000 
15.5000000000 	 -0.1205816699 	 1.5102891099 	 -0.0005640587 	 -0.0000000000 
16.0000000000 	 -0.1553440093 	 1.4613740726 	 -0.0007266704 	 -0.0000000000 
16.5000000000 	 -0.1867352822 	 1.4069519340 	 -0.0008735130 	 -0.0000000000 
17.0000000000 	 -0.2137830821 	 1.3492882745 	 -0.0010000376 	 -0.0000000000 
17.5000000000 	 -0.2359353075 	 1.2904572837 	 -0.0011036616 	 0.0000000000 
18.0000000000 	 -0.2530239961 	 1.2321547799 	 -0.0011835993 	 0.0000000000 
18.5000000000 	 -0.2652561797 	 1.1756875183 	 -0.0012408192 	 0.0000000000 
19.0000000000 	 -0.2731604038 	 1.1221359065 	 -0.0012777937 	 0.0000000000 
19.5000000000 	 -0.2775253868 	 1.0722782044 	 -0.0012982123 	 0.0000000000 
20.0000000000 	 -0.2792588536 	 1.0267139260 	 -0.0013063211 	 0.0000000000 
20.5000000000 	 -0.2793161784 	 0.9858632783 	 -0.0013065892 	 0.0000000000 
21.0000000000 	 -0.2785901927 	 0.9501331954 	 -0.0013031932 	 0.0000000000 
21.5000000000 	 -0.2778415406 	 0.9199490454 	 -0.0012996912 	 0.0000000000 
22.0000000000 	 -0.2776191589 	 0.8957674245 	 -0.0012986509 	 0.0000000000 
22.5000000000 	 -0.2782284247 	 0.8780890232 	 -0.0013015009 	 0.0000000000 
23.0000000000 	 -0.2797168261 	 0.8674533370 	 -0.0013084634 	 0.0000000000 
23.5000000000 	 -0.2818828919 	 0.8644702400 	 -0.0013185959 	 0.0000000000 
24.0000000000 	 -0.2843383333 	 0.8696299836 	 -0.0013300820 	 0.0000000000 
24.5000000000 	 -0.2865454188 	 0.8832492582 	 -0.0013404063 	 0.0000000000 
25.0000000000 	 -0.2879052831 	 0.9055092934 	 -0.0013467675 	 0.0000000000 
25.5000000000 	 -0.2878197963 	 0.9362595679 	 -0.0013463676 	 0.0000000000 
26.0000000000 	 -0.2858015216 	 0.9749938368 	 -0.0013369265 	 0.0000000000 
26.5000000000 	 -0.2815137233 	 1.0206423798 	 -0.0013168690 	 0.0000000000 
27.0000000000 	 -0.2748282841 	 1.0720099325 	 -0.0012855957 	 0.0000000000 
27.5000000000 	 -0.2658529795 	 1.1272325475 	 -0.0012436109 	 -0.0000000000 
28.0000000000 	 -0.2549431085 	 1.1843052042 	 -0.0011925765 	 -0.0000000000 
28.5000000000 	 -0.2426831232 	 1.2406805869 	 -0.0011352266 	 -0.0000000000 
29.0000000000 	 -0.2298124003 	 1.2941506910 	 -0.0010750198 	 -0.0000000000 
29.5000000000 	 -0.2171931940 	 1.3420584592 	 -0.0010159894 	 -0.0000000000 
30.0000000000 	 -0.2057012140 	 1.3822888647 	 -0.0009622321 	 -0.0000000000 
30.5000000000 	 -0.1961841755 	 1.4127045813 	 -0.0009177132 	 -0.0000000000 
31.0000000000 	 -0.1893084128 	 1.4320715796 	 -0.0008855496 	 -0.0000000000 
31.5000000000 	 -0.1855435953 	 1.4392730452 	 -0.0008679385 	 -0.0000000000 
32.0000000000 	 -0.1850534977 	 1.4342288759 	 -0.0008656459 	 -0.0000000000 
32.5000000000 	 -0.1877255695 	 1.4172808594 	 -0.0008781454 	 -0.0000000000 
33.0000000000 	 -0.1930770208 	 1.3896750664 	 -0.0009031785 	 -0.0000000000 
33.5000000000 	 -0.2003374341 	 1.3530123102 	 -0.0009371413 	 -0.0000000000 
34.0000000000 	 -0.2084521363 	 1.3096268348 	 -0.0009751004 	 -0.0000000000 
34.5000000000 	 -0.2162152786 	 1.2621020442 	 -0.0010114149 	 -0.0000000000 
35.0000000000 	 -0.2222872282 	 1.2131937052 	 -0.0010398184 	 -0.0000000000 
35.5000000000 	 -0.2253515365 	 1.1656270620 	 -0.0010541527 	 -0.0000000000 
36.0000000000 	 -0.2241947934 	 1.1219625488 	 -0.0010487416 	 -0.0000000000 
36.5000000000 	 -0.2178607677 	 1.0844114915 	 -0.0010191122 	 -0.0000000000 
37.0000000000 	 -0.2056783430 	 1.0545274732 	 -0.0009621251 	 -0.0000000000 
37.5000000000 	 -0.1873792727 	 1.0333136060 	 -0.0008765255 	 0.0000000000 
38.0000000000 	 -0.1631102808 	 1.0209996546 	 -0.0007629996 	 0.0000000000 
38.5000000000 	 -0.1334961347 	 1.0171870143 	 -0.0006244701 	 0.0000000000 
39.0000000000 	 -0.0995458271 	 1.0207130528 	 -0.0004656569 	 0.0000000000 
39.5000000000 	 -0.0626552134 	 1.0299146693 	 -0.0002930894 	 0.0000000000 
40.0000000000 	 -0.0244721356 	 1.0426600389 	 -0.0001144761 	 0.0000000000 
40.5000000000 	 0.0131447657 	 1.0566422485 	 0.0000614888 	 0.0000000000 
41.0000000000 	 0.0483398016 	 1.0695139454 	 0.0002261247 	 0.0000000000 
41.5000000000 	 0.0793196382 	 1.0790919079 	 0.0003710426 	 0.0000000000 
42.0000000000 	 0.1045466971 	 1.0835960316 	 0.0004890501 	 0.0000000000 
42.5000000000 	 0.1227788335 	 1.0817931788 	 0.0005743366 	 0.0000000000 
43.0000000000 	 0.1332530251 	 1.0731883954 	 0.0006233330 	 0.0000000000 
43.5000000000 	 0.1356814444 	 1.0579883515 	 0.0006346927 	 -0.0000000000 
44.0000000000 	 0.1303365645 	 1.0372723325 	 0.0006096903 	 -0.0000000000 
44.5000000000 	 0.1179829054 	 1.0127919684 	 0.0005519022 	 -0.0000000000 
45.0000000000 	 0.0998914036 	 0.9870175540 	 0.0004672735 	 -0.0000000000 
45.5000000000 	 0.0777197359 	 0.9628297404 	 0.0003635585 	 -0.0000000000 
46.0000000000 	 0.0534257617 	 0.9435012421 	 0.0002499158 	 -0.0000000000 
46.5000000000 	 0.0291101036 	 0.9322371172 	 0.0001361717 	 -0.0000000000 
47.0000000000 	 0.0068864208 	 0.9321284021 	 0.0000322134 	 -0.0000000000 
47.5000000000 	 -0.0112649235 	 0.9457509407 	 -0.0000526952 	 -0.0000000000 
48.0000000000 	 -0.0236454045 	 0.9751173480 	 -0.0001106088 	 -0.0000000000 
48.5000000000 	 -0.0289517350 	 1.0212807302 	 -0.0001354308 	 -0.0000000000 
49.0000000000 	 -0.0263848886 	 1.0843880065 	 -0.0001234236 	 0.0000000000 
49.5000000000 	 -0.0156831245 	 1.1634843424 	 -0.0000733627 	 0.0000000000 
50.0000000000 	 0.0028308136 	 1.2566161800 	 0.0000132421 	 0.0000000000 
50.5000000000 	 0.0282873210 	 1.3608149471 	 0.0001323229 	 0.0000000000 
51.0000000000 	 0.0593097830 	 1.4722799892 	 0.0002774402 	 0.0000000000 
51.5000000000 	 0.0941319830 	 1.5865955699 	 0.0004403320 	 0.0000000000 
52.0000000000 	 0.1306956714 	 1.6988857454 	 0.0006113701 	 0.0000000000 
52.5000000000 	 0.1668017880 	 1.8042411146 	 0.0007802679 	 0.0000000000 
53.0000000000 	 0.2002579378 	 1.8977944690 	 0.0009367695 	 0.0000000000 
53.5000000000 	 0.2290326370 	 1.9752949421 	 0.0010713722 	 0.0000000000 
54.0000000000 	 0.2513842380 	 2.0329850732 	 0.0011759289 	 0.0000000000 
54.5000000000 	 0.2659772568 	 2.0682418228 	 0.0012441923 	 0.0000000000 
55.0000000000 	 0.2719798189 	 2.0792801355 	 0.0012722712 	 0.0000000000 
55.5000000000 	 0.2691027280 	 2.0657968047 	 0.0012588127 	 0.0000000000 
56.0000000000 	 0.2576229072 	 2.0283783894 	 0.0012051122 	 0.0000000000 
56.5000000000 	 0.2383549351 	 1.9690317967 	 0.0011149802 	 0.0000000000 
57.0000000000 	 0.2125981410 	 1.8905391808 	 0.0009944947 	 0.0000000000 
57.5000000000 	 0.1820234461 	 1.7968772768 	 0.0008514720 	 0.0000000000 
58.0000000000 	 0.1485806775 	 1.6923684733 	 0.0006950329 	 -0.0000000000 
58.5000000000 	 0.1143612815 	 1.5819302811 	 0.0005349609 	 -0.0000000000 
59.0000000000 	 0.0814536122 	 1.4704200070 	 0.0003810249 	 -0.0000000000 
59.5000000000 	 0.0517891598 	 1.3627584756 	 0.0002422601 	 -0.0000000000 
60.0000000000 	 0.0270514881 	 1.2632794533 	 0.0001265419 	 -0.0000000000 
60.5000000000 	 0.0085682007 	 1.1757733962 	 0.0000400805 	 -0.0000000000 
61.0000000000 	 -0.0027830417 	 1.1031671279 	 -0.0000130185 	 -0.0000000000 
61.5000000000 	 -0.0066241829 	 1.0475360738 	 -0.0000309867 	 -0.0000000000 
62.0000000000 	 -0.0030583951 	 1.0099162360 	 -0.0000143066 	 -0.0000000000 
62.5000000000 	 0.0073504637 	 0.9903459968 	 0.0000343841 	 -0.0000000000 
63.0000000000 	 0.0236027969 	 0.9879155003 	 0.0001104095 	 -0.0000000000 
63.5000000000 	 0.0443570160 	 1.0009194987 	 0.0002074939 	 -0.0000000000 
64.0000000000 	 0.0680365076 	 1.0269589422 	 0.0003182622 	 -0.0000000000 
64.5000000000 	 0.0929510188 	 1.0631202690 	 0.0004348077 	 -0.0000000000 
65.0000000000 	 0.1173692015 	 1.1061228688 	 0.0005490314 	 -0.0000000000 
65.5000000000 	 0.1396680223 	 1.1527055488 	 0.0006533411 	 -0.0000000000 
66.0000000000 	 0.1584080053 	 1.1996058134 	 0.0007410033 	 -0.0000000000 
66.5000000000 	 0.1724468348 	 1.2438581570 	 0.0008066743 	 -0.0000000000 
67.0000000000 	 0.1809390054 	 1.2827622536 	 0.0008463991 	 -0.0000000000 
67.5000000000 	 0.1834285693 	 1.3143743451 	 0.0008580449 	 -0.0000000000 
68.0000000000 	 0.1798078833 	 1.3371322374 	 0.0008411080 	 -0.0000000000 
68.5000000000 	 0.1703503055 	 1.3501549305 	 0.0007968672 	 -0.0000000000 
69.0000000000 	 0.1556020902 	 1.3530105919 	 0.0007278778 	 -0.0000000000 
69.5000000000 	 0.1363886952 	 1.3461008549 	 0.0006380011 	 -0.0000000000 
70.0000000000 	 0.1136941315 	 1.3300759816 	 0.0005318401 	 -0.0000000000 
70.5000000000 	 0.0886345449 	 1.3060405827 	 0.0004146160 	 -0.0000000000 
71.0000000000 	 0.0623225427 	 1.2753178750 	 0.0002915333 	 -0.0000000000 
71.5000000000 	 0.0358444646 	 1.2396206451 	 0.0001676738 	 -0.0000000000 
72.0000000000 	 0.0101678624 	 1.2005758678 	 0.0000475634 	 -0.0000000000 
72.5000000000 	 -0.0138743525 	 1.1598287242 	 -0.0000649016 	 -0.0000000000 
73.0000000000 	 -0.0356492567 	 1.1189632795 	 -0.0001667606 	 -0.0000000000 
73.5000000000 	 -0.0547135990 	 1.0795225160 	 -0.0002559400 	 -0.0000000000 
74.0000000000 	 -0.0708204095 	 1.0427963474 	 -0.0003312847 	 -0.0000000000 
74.5000000000 	 -0.0838906207 	 1.0098759369 	 -0.0003924247 	 -0.0000000000 
75.0000000000 	 -0.0939972783 	 0.9816936801 	 -0.0004397018 	 -0.0000000000 
75.5000000000 	 -0.1013210831 	 0.9590242408 	 -0.0004739612 	 -0.0000000000 
76.0000000000 	 -0.1061140405 	 0.9424231015 	 -0.0004963818 	 -0.0000000000 
76.5000000000 	 -0.1086534871 	 0.9322766997 	 -0.0005082608 	 -0.0000000000 
77.0000000000 	 -0.1092179650 	 0.9288267180 	 -0.0005109014 	 -0.0000000000 
77.5000000000 	 -0.1080501244 	 0.9322106094 	 -0.0005054384 	 -0.0000000000 
78.0000000000 	 -0.1053549384 	 0.9423823945 	 -0.0004928308 	 -0.0000000000 
78.5000000000 	 -0.1012737907 	 0.9591592861 	 -0.0004737400 	 -0.0000000000 
79.0000000000 	 -0.0959129861 	 0.9822081845 	 -0.0004486631 	 -0.0000000000 
79.5000000000 	 -0.0893340109 	 1.0110618349 	 -0.0004178879 	 -0.0000000000 
80.0000000000 	 -0.0816028627 	 1.0450400025 	 -0.0003817230 	 -0.0000000000 
80.5000000000 	 -0.0727821609 	 1.0832542207 	 -0.0003404614 	 -0.0000000000 
81.0000000000 	 -0.0629921939 	 1.1246999245 	 -0.0002946658 	 -0.0000000000 
81.5000000000 	 -0.0524026695 	 1.1681345872 	 -0.0002451299 	 -0.0000000000 
82.0000000000 	 -0.0412766293 	 1.2121851259 	 -0.0001930844 	 -0.0000000000 
82.5000000000 	 -0.0299498701 	 1.2552594314 	 -0.0001400999 	 -0.0000000000 
83.0000000000 	 -0.0188574453 	 1.2958798239 	 -0.0000882116 	 0.0000000000 
83.5000000000 	 -0.0084971355 	 1.3323679338 	 -0.0000397480 	 0.0000000000 
84.0000000000 	 0.0005834531 	 1.3632457845 	 0.0000027293 	 0.0000000000 
84.5000000000 	 0.0078274503 	 1.3870178476 	 0.0000366154 	 0.0000000000 
85.0000000000 	 0.0127024314 	 1.4026813418 	 0.0000594197 	 0.0000000000 
85.5000000000 	 0.0147499824 	 1.4092685913 	 0.0000689977 	 0.0000000000 
86.0000000000 	 0.0136332672 	 1.4063993477 	 0.0000637739 	 0.0000000000 
86.5000000000 	 0.0091603239 	 1.3939404122 	 0.0000428503 	 0.0000000000 
87.0000000000 	 0.0013302357 	 1.3724501773 	 0.0000062226 	 0.0000000000 
87.5000000000 	 -0.0096537173 	 1.3427051148 	 -0.0000451583 	 0.0000000000 
88.0000000000 	 -0.0233739557 	 1.3061154663 	 -0.0001093390 	 0.0000000000 
88.5000000000 	 -0.0392296224 	 1.2643342630 	 -0.0001835089 	 0.0000000000 
89.0000000000 	 -0.0564402661 	 1.2194524232 	 -0.0002640171 	 0.0000000000 
89.5000000000 	 -0.0740908055 	 1.1736205456 	 -0.0003465830 	 0.0000000000 
90.0000000000 	 -0.0911928243 	 1.1291861449 	 -0.0004265831 	 0.0000000000 
90.5000000000 	 -0.1067532709 	 1.0883796458 	 -0.0004993720 	 0.0000000000 
91.0000000000 	 -0.1198230731 	 1.0532734142 	 -0.0005605101 	 0.0000000000 
91.5000000000 	 -0.1295630325 	 1.0256028780 	 -0.0006060718 	 0.0000000000 
92.0000000000 	 -0.1353250687 	 1.0067195937 	 -0.0006330255 	 0.0000000000 
92.5000000000 	 -0.1366858958 	 0.9974514599 	 -0.0006393912 	 0.0000000000 
93.0000000000 	 -0.1334836678 	 0.9980624804 	 -0.0006244118 	 0.0000000000 
93.5000000000 	 -0.1258374447 	 1.0082503656 	 -0.0005886442 	 0.0000000000 
94.0000000000 	 -0.1141482833 	 1.0271355376 	 -0.0005339645 	 0.0000000000 
94.5000000000 	 -0.0990772450 	 1.0533438531 	 -0.0004634649 	 0.0000000000 
95.0000000000 	 -0.0815057926 	 1.0850592289 	 -0.0003812689 	 0.0000000000 
95.5000000000 	 -0.0624806852 	 1.1201795578 	 -0.0002922730 	 0.0000000000 
96.0000000000 	 -0.0431398823 	 1.1564006425 	 -0.0002018003 	 0.0000000000 
96.5000000000 	 -0.0246453868 	 1.1914296120 	 -0.0001152865 	 0.0000000000 
97.0000000000 	 -0.0080921586 	 1.2230626322 	 -0.0000378536 	 0.0000000000 
97.5000000000 	 0.0055538187 	 1.2493989989 	 0.0000259798 	 0.0000000000 
98.0000000000 	 0.0155409000 	 1.2688890563 	 0.0000726975 	 -0.0000000000 
98.5000000000 	 0.0213652210 	 1.2805171497 	 0.0000999426 	 -0.0000000000 
99.0000000000 	 0.0228294486 	 1.2837721586 	 0.0001067920 	 -0.0000000000 
99.5000000000 	 0.0200357615 	 1.2787788606 	 0.0000937236 	 -0.0000000000 
100.0000000000 	 0.0134033258 	 1.2661719314 	 0.0000626983 	 -0.0000000000 
100.5000000000 	 0.0036188813 	 1.2471690926 	 0.0000169285 	 -0.0000000000 
101.0000000000 	 -0.0083894792 	 1.2233534392 	 -0.0000392444 	 -0.0000000000 
101.5000000000 	 -0.0215340541 	 1.1966972656 	 -0.0001007323 	 -0.0000000000 
102.0000000000 	 -0.0346274611 	 1.1692836836 	 -0.0001619808 	 -0.0000000000 
102.5000000000 	 -0.0464773970 	 1.1433030269 	 -0.0002174126 	 -0.0000000000 
103.0000000000 	 -0.0559607028 	 1.1207609389 	 -0.0002617738 	 -0.0000000000 
103.5000000000 	 -0.0621080120 	 1.1034772464 	 -0.0002905297 	 -0.0000000000 
104.0000000000 	 -0.0641685242 	 1.0928299916 	 -0.0003001684 	 -0.0000000000 
104.5000000000 	 -0.0616639597 	 1.0897872978 	 -0.0002884525 	 0.0000000000 
105.0000000000 	 -0.0544236009 	 1.0947242500 	 -0.0002545835 	 0.0000000000 
105.5000000000 	 -0.0425952377 	 1.1075115940 	 -0.0001992526 	 0.0000000000 
106.0000000000 	 -0.0266388945 	 1.1274190748 	 -0.0001246118 	 0.0000000000 
106.5000000000 	 -0.0072940454 	 1.1532720817 	 -0.0000341202 	 0.0000000000 
107.0000000000 	 0.0144674898 	 1.1834284172 	 0.0000676763 	 0.0000000000 
107.5000000000 	 0.0375071313 	 1.2159980747 	 0.0001754514 	 0.0000000000 
108.0000000000 	 0.0605953002 	 1.2488587641 	 0.0002834536 	 0.0000000000 
108.5000000000 	 0.0824903938 	 1.2799185356 	 0.0003858748 	 0.0000000000 
109.0000000000 	 0.1020231219 	 1.3071253590 	 0.0004772453 	 0.0000000000 
109.5000000000 	 0.1181664171 	 1.3287409304 	 0.0005527606 	 0.0000000000 
110.0000000000 	 0.1301063579 	 1.3433040771 	 0.0006086134 	 0.0000000000 
110.5000000000 	 0.1372836370 	 1.3498795646 	 0.0006421874 	 0.0000000000 
111.0000000000 	 0.1394335776 	 1.3479523729 	 0.0006522444 	 0.0000000000 
111.5000000000 	 0.1365879315 	 1.3376188850 	 0.0006389330 	 0.0000000000 
112.0000000000 	 0.1290759008 	 1.3194134594 	 0.0006037932 	 0.0000000000 
112.5000000000 	 0.1174858306 	 1.2944203983 	 0.0005495770 	 -0.0000000000 
113.0000000000 	 0.1026305737 	 1.2640578748 	 0.0004800868 	 -0.0000000000 
113.5000000000 	 0.0854790190 	 1.2301052101 	 0.0003998550 	 -0.0000000000 
114.0000000000 	 0.0670991896 	 1.1944845705 	 0.0003138776 	 -0.0000000000 
114.5000000000 	 0.0485766958 	 1.1592158044 	 0.0002272328 	 -0.0000000000 
115.0000000000 	 0.0309547702 	 1.1262385260 	 0.0001448007 	 -0.0000000000 
115.5000000000 	 0.0151588852 	 1.0973221904 	 0.0000709105 	 -0.0000000000 
116.0000000000 	 0.0019529810 	 1.0739594829 	 0.0000091357 	 -0.0000000000 
116.5000000000 	 -0.0081136380 	 1.0572690918 	 -0.0000379541 	 -0.0000000000 
117.0000000000 	 -0.0147200924 	 1.0479692956 	 -0.0000688578 	 -0.0000000000 
117.5000000000 	 -0.0177958407 	 1.0463129597 	 -0.0000832456 	 -0.0000000000 
118.0000000000 	 -0.0174998227 	 1.0521246077 	 -0.0000818609 	 -0.0000000000 
118.5000000000 	 -0.0142112882 	 1.0648011945 	 -0.0000664777 	 -0.0000000000 
119.0000000000 	 -0.0084795602 	 1.0833745803 	 -0.0000396658 	 -0.0000000000 
119.5000000000 	 -0.0009921173 	 1.1065990488 	 -0.0000046409 	 -0.0000000000 
120.0000000000 	 0.0074919861 	 1.1329904855 	 0.0000350462 	 -0.0000000000 
120.5000000000 	 0.0161831900 	 1.1610052254 	 0.0000757020 	 -0.0000000000 
121.0000000000 	 0.0243278759 	 1.1890106129 	 0.0001138013 	 -0.0000000000 
121.5000000000 	 0.0312438768 	 1.2155430895 	 0.0001461531 	 -0.0000000000 
122.0000000000 	 0.0363719796 	 1.2391812192 	 0.0001701414 	 -0.0000000000 
122.5000000000 	 0.0392940794 	 1.2588573506 	 0.0001838104 	 -0.0000000000 
123.0000000000 	 0.0397608806 	 1.2736288449 	 0.0001859941 	 -0.0000000000 
123.5000000000 	 0.0376866116 	 1.2830096993 	 0.0001762910 	 -0.0000000000 
124.0000000000 	 0.0331522552 	 1.2866614895 	 0.0001550801 	 -0.0000000000 
124.5000000000 	 0.0263773284 	 1.2847102022 	 0.0001233883 	 -0.0000000000 
125.0000000000 	 0.0177057591 	 1.2773980320 	 0.0000828243 	 -0.0000000000 
125.5000000000 	 0.0075607444 	 1.2653560101 	 0.0000353678 	 -0.0000000000 
126.0000000000 	 -0.0035745973 	 1.2492660083 	 -0.0000167213 	 -0.0000000000 
126.5000000000 	 -0.0152102618 	 1.2300699328 	 -0.0000711508 	 -0.0000000000 
127.0000000000 	 -0.0268609581 	 1.2086863162 	 -0.0001256505 	 -0.0000000000 
127.5000000000 	 -0.0380979780 	 1.1861493960 	 -0.0001782152 	 -0.0000000000 
128.0000000000 	 -0.0485434320 	 1.1634086434 	 -0.0002270771 	 -0.0000000000 
128.5000000000 	 -0.0579143584 	 1.1414032492 	 -0.0002709126 	 -0.0000000000 
129.0000000000 	 -0.0659962682 	 1.1209510705 	 -0.0003087183 	 -0.0000000000 
129.5000000000 	 -0.0726766459 	 1.1027735624 	 -0.0003399678 	 -0.0000000000 
130.0000000000 	 -0.0779015677 	 1.0874595458 	 -0.0003644091 	 -0.0000000000 
130.5000000000 	 -0.0816993078 	 1.0754609049 	 -0.0003821742 	 -0.0000000000 
131.0000000000 	 -0.0841294097 	 1.0671022856 	 -0.0003935417 	 -0.0000000000 
131.5000000000 	 -0.0852992804 	 1.0625684170 	 -0.0003990142 	 -0.0000000000 
132.0000000000 	 -0.0853175292 	 1.0619269115 	 -0.0003990995 	 -0.0000000000 
132.5000000000 	 -0.0843066473 	 1.0651243524 	 -0.0003943708 	 -0.0000000000 
133.0000000000 	 -0.0823710532 	 1.0719959844 	 -0.0003853165 	 -0.0000000000 
133.5000000000 	 -0.0796074493 	 1.0822810046 	 -0.0003723889 	 -0.0000000000 
134.0000000000 	 -0.0760934401 	 1.0956070477 	 -0.0003559510 	 -0.0000000000 
134.5000000000 	 -0.0718948212 	 1.1115270958 	 -0.0003363106 	 -0.0000000000 
135.0000000000 	 -0.0670744644 	 1.1294830756 	 -0.0003137619 	 -0.0000000000 
135.5000000000 	 -0.0616938105 	 1.1488591739 	 -0.0002885922 	 -0.0000000000 
136.0000000000 	 -0.0558359905 	 1.1689419598 	 -0.0002611904 	 -0.0000000000 
136.5000000000 	 -0.0495981897 	 1.1889790857 	 -0.0002320111 	 -0.0000000000 
137.0000000000 	 -0.0431195145 	 1.2081588844 	 -0.0002017051 	 -0.0000000000 
137.5000000000 	 -0.0365621447 	 1.2256603827 	 -0.0001710309 	 -0.0000000000 
138.0000000000 	 -0.0301342800 	 1.2406717287 	 -0.0001409625 	 -0.0000000000 
138.5000000000 	 -0.0240608403 	 1.2524175072 	 -0.0001125521 	 -0.0000000000 
139.0000000000 	 -0.0185948459 	 1.2602241229 	 -0.0000869832 	 0.0000000000 
139.5000000000 	 -0.0139819349 	 1.2635133882 	 -0.0000654049 	 0.0000000000 
140.0000000000 	 -0.0104586162 	 1.2619081021 	 -0.0000489234 	 0.0000000000 
140.5000000000 	 -0.0082177637 	 1.2551861456 	 -0.0000384411 	 0.0000000000 
141.0000000000 	 -0.0073975555 	 1.2434060600 	 -0.0000346044 	 0.0000000000 
141.5000000000 	 -0.0080561847 	 1.2268224802 	 -0.0000376853 	 0.0000000000 
142.0000000000 	 -0.0101591267 	 1.2060040914 	 -0.0000475225 	 0.0000000000 
142.5000000000 	 -0.0135699055 	 1.1817180382 	 -0.0000634775 	 0.0000000000 
143.0000000000 	 -0.0180443289 	 1.1550137756 	 -0.0000844080 	 0.0000000000 
143.5000000000 	 -0.0232403838 	 1.1270899718 	 -0.0001087142 	 0.0000000000 
144.0000000000 	 -0.0287259210 	 1.0993272139 	 -0.0001343745 	 0.0000000000 
144.5000000000 	 -0.0340055497 	 1.0731548514 	 -0.0001590716 	 0.0000000000 
145.0000000000 	 -0.0385436702 	 1.0500303281 	 -0.0001803001 	 0.0000000000 
145.5000000000 	 -0.0418010696 	 1.0313246245 	 -0.0001955376 	 0.0000000000 
146.0000000000 	 -0.0432697345 	 1.0182614929 	 -0.0002024078 	 0.0000000000 
146.5000000000 	 -0.0425083078 	 1.0118382712 	 -0.0001988459 	 0.0000000000 
147.0000000000 	 -0.0391806134 	 1.0127496146 	 -0.0001832796 	 0.0000000000 
147.5000000000 	 -0.0330784103 	 1.0213555771 	 -0.0001547346 	 0.0000000000 
148.0000000000 	 -0.0241535777 	 1.0376180090 	 -0.0001129859 	 0.0000000000 
148.5000000000 	 -0.0125191183 	 1.0611205889 	 -0.0000585621 	 0.0000000000 
149.0000000000 	 0.0015337658 	 1.0910407845 	 0.0000071747 	 0.0000000000 
149.5000000000 	 0.0175602517 	 1.1262181176 	 0.0000821436 	 0.0000000000 
150.0000000000 	 0.0349644441 	 1.1651721421 	 0.0001635572 	 0.0000000000 
150.5000000000 	 0.0530468076 	 1.2062071310 	 0.0002481432 	 0.0000000000 
151.0000000000 	 0.0710248928 	 1.2474708093 	 0.0003322413 	 -0.0000000000 
151.5000000000 	 0.0880947971 	 1.2870774391 	 0.0004120912 	 -0.0000000000 
152.0000000000 	 0.1034627821 	 1.3231879492 	 0.0004839797 	 -0.0000000000 
152.5000000000 	 0.1164080436 	 1.3541303947 	 0.0005445353 	 -0.0000000000 
153.0000000000 	 0.1263140446 	 1.3784739908 	 0.0005908737 	 -0.0000000000 
153.5000000000 	 0.1327193332 	 1.3951269205 	 0.0006208365 	 -0.0000000000 
154.0000000000 	 0.1353367380 	 1.4033770638 	 0.0006330802 	 -0.0000000000 
154.5000000000 	 0.1340820086 	 1.4029521269 	 0.0006272108 	 -0.0000000000 
155.0000000000 	 0.1290718378 	 1.3940083984 	 0.0006037742 	 -0.0000000000 
155.5000000000 	 0.1206259317 	 1.3771463360 	 0.0005642658 	 -0.0000000000 
156.0000000000 	 0.1092403655 	 1.3533427829 	 0.0005110062 	 -0.0000000000 
156.5000000000 	 0.0955657431 	 1.3239249177 	 0.0004470389 	 -0.0000000000 
157.0000000000 	 0.0803590539 	 1.2904566717 	 0.0003759048 	 -0.0000000000 
157.5000000000 	 0.0644469395 	 1.2546833306 	 0.0003014709 	 -0.0000000000 
158.0000000000 	 0.0486650426 	 1.2183947555 	 0.0002276461 	 -0.0000000000 
158.5000000000 	 0.0338193394 	 1.1833599263 	 0.0001582006 	 -0.0000000000 
159.0000000000 	 0.0206252543 	 1.1511944705 	 0.0000964811 	 -0.0000000000 
159.5000000000 	 0.0096805005 	 1.1233074872 	 0.0000452836 	 -0.0000000000 
160.0000000000 	 0.0014160201 	 1.1007975012 	 0.0000066239 	 -0.0000000000 
160.5000000000 	 -0.0039092723 	 1.0844322613 	 -0.0000182868 	 0.0000000000 
161.0000000000 	 -0.0062372907 	 1.0745867824 	 -0.0000291769 	 0.0000000000 
161.5000000000 	 -0.0056894241 	 1.0712707309 	 -0.0000266140 	 0.0000000000 
162.0000000000 	 -0.0025726004 	 1.0741080513 	 -0.0000120341 	 0.0000000000 
162.5000000000 	 0.0026666484 	 1.0824172892 	 0.0000124741 	 0.0000000000 
163.0000000000 	 0.0094548048 	 1.0952188235 	 0.0000442279 	 0.0000000000 
163.5000000000 	 0.0171538961 	 1.1113630153 	 0.0000802428 	 0.0000000000 
164.0000000000 	 0.0250835186 	 1.1295423756 	 0.0001173361 	 0.0000000000 
164.5000000000 	 0.0325883504 	 1.1484530363 	 0.0001524423 	 0.0000000000 
165.0000000000 	 0.0390578649 	 1.1667877998 	 0.0001827055 	 0.0000000000 
165.5000000000 	 0.0439867589 	 1.1834101561 	 0.0002057619 	 -0.0000000000 
166.0000000000 	 0.0469816165 	 1.1973103068 	 0.0002197713 	 -0.0000000000 
166.5000000000 	 0.0478048486 	 1.2077691436 	 0.0002236222 	 -0.0000000000 
167.0000000000 	 0.0463615818 	 1.2142709286 	 0.0002168709 	 -0.0000000000 
167.5000000000 	 0.0427225862 	 1.2166376476 	 0.0001998484 	 -0.0000000000 
168.0000000000 	 0.0370904682 	 1.2149053472 	 0.0001735024 	 -0.0000000000 
168.5000000000 	 0.0298027085 	 1.2094163436 	 0.0001394116 	 -0.0000000000 
169.0000000000 	 0.0212821138 	 1.2006771223 	 0.0000995538 	 -0.0000000000 
169.5000000000 	 0.0120259248 	 1.1894053855 	 0.0000562551 	 -0.0000000000 
170.0000000000 	 0.0025497525 	 1.1763926076 	 0.0000119273 	 -0.0000000000 
170.5000000000 	 -0.0066284883 	 1.1625126960 	 -0.0000310068 	 -0.0000000000 
171.0000000000 	 -0.0150404118 	 1.1486103082 	 -0.0000703562 	 -0.0000000000 
171.5000000000 	 -0.0222794796 	 1.1354858263 	 -0.0001042192 	 0.0000000000 
172.0000000000 	 -0.0280393795 	 1.1238221614 	 -0.0001311630 	 0.0000000000 
172.5000000000 	 -0.0321159430 	 1.1141651233 	 -0.0001502324 	 0.0000000000 
173.0000000000 	 -0.0344268164 	 1.1068894011 	 -0.0001610422 	 0.0000000000 
173.5000000000 	 -0.0350001799 	 1.1021934130 	 -0.0001637243 	 0.0000000000 
174.0000000000 	 -0.0339755890 	 1.1000932559 	 -0.0001589315 	 0.0000000000 
174.5000000000 	 -0.0315809231 	 1.1004469148 	 -0.0001477297 	 0.0000000000 
175.0000000000 	 -0.0281190206 	 1.1029568873 	 -0.0001315355 	 0.0000000000 
175.5000000000 	 -0.0239376698 	 1.1072313130 	 -0.0001119759 	 0.0000000000 
176.0000000000 	 -0.0194096785 	 1.1127741087 	 -0.0000907948 	 0.0000000000 
176.5000000000 	 -0.0149024179 	 1.1190818846 	 -0.0000697107 	 0.0000000000 
177.0000000000 	 -0.0107595015 	 1.1256052151 	 -0.0000503309 	 0.0000000000 
177.5000000000 	 -0.0072761242 	 1.1318720889 	 -0.0000340363 	 0.0000000000 
178.0000000000 	 -0.0046886174 	 1.1374137716 	 -0.0000219324 	 0.0000000000 
178.5000000000 	 -0.0031599072 	 1.1418997268 	 -0.0000147814 	 0.0000000000 
179.0000000000 	 -0.0027796224 	 1.1450332594 	 -0.0000130025 	 0.0000000000 
179.5000000000 	 -0.0035611952 	 1.1466804851 	 -0.0000166586 	 0.0000000000 
180.0000000000 	 -0.0054511480 	 1.1467509222 	 -0.0000254994 	 0.0000000000 
180.5000000000 	 -0.0083366019 	 1.1453045192 	 -0.0000389970 	 0.0000000000 
181.0000000000 	 -0.0120591406 	 1.1424375462 	 -0.0000564104 	 0.0000000000 
181.5000000000 	 -0.0164295692 	 1.1383564347 	 -0.0000768544 	 0.0000000000 
182.0000000000 	 -0.0212402847 	 1.1332881924 	 -0.0000993581 	 0.0000000000 
182.5000000000 	 -0.0262834743 	 1.1275167298 	 -0.0001229492 	 -0.0000000000 
183.0000000000 	 -0.0313565429 	 1.1213300236 	 -0.0001466801 	 -0.0000000000 
183.5000000000 	 -0.0362805172 	 1.1150221863 	 -0.0001697135 	 -0.0000000000 
184.0000000000 	 -0.0408954443 	 1.1088789481 	 -0.0001913013 	 -0.0000000000 
184.5000000000 	 -0.0450771473 	 1.1031554146 	 -0.0002108625 	 -0.0000000000 
185.0000000000 	 -0.0487227293 	 1.0980903867 	 -0.0002279159 	 -0.0000000000 
185.5000000000 	 -0.0517653697 	 1.0938742829 	 -0.0002421488 	 -0.0000000000 
186.0000000000 	 -0.0541530419 	 1.0906746691 	 -0.0002533179 	 -0.0000000000 
186.5000000000 	 -0.0558621321 	 1.0886104277 	 -0.0002613127 	 -0.0000000000 
187.0000000000 	 -0.0568742433 	 1.0877679613 	 -0.0002660471 	 -0.0000000000 
187.5000000000 	 -0.0571897017 	 1.0881962193 	 -0.0002675228 	 -0.0000000000 
188.0000000000 	 -0.0568073508 	 1.0898960709 	 -0.0002657342 	 -0.0000000000 
188.5000000000 	 -0.0557384828 	 1.0928466778 	 -0.0002607343 	 -0.0000000000 
189.0000000000 	 -0.0539928980 	 1.0969584075 	 -0.0002525687 	 -0.0000000000 
189.5000000000 	 -0.0515927947 	 1.1021351443 	 -0.0002413415 	 -0.0000000000 
190.0000000000 	 -0.0485657030 	 1.1081913496 	 -0.0002271813 	 -0.0000000000 
190.5000000000 	 -0.0449569231 	 1.1149483547 	 -0.0002103001 	 -0.0000000000 
191.0000000000 	 -0.0408271798 	 1.1221256823 	 -0.0001909819 	 -0.0000000000 
191.5000000000 	 -0.0362618321 	 1.1294633339 	 -0.0001696261 	 -0.0000000000 
192.0000000000 	 -0.0313691868 	 1.1366035475 	 -0.0001467392 	 -0.0000000000 
192.5000000000 	 -0.0262852148 	 1.1432265763 	 -0.0001229573 	 -0.0000000000 
193.0000000000 	 -0.0211680460 	 1.1489401356 	 -0.0000990202 	 -0.0000000000 
193.5000000000 	 -0.0161982667 	 1.1534138651 	 -0.0000757725 	 0.0000000000 
194.0000000000 	 -0.0115663268 	 1.1562898559 	 -0.0000541051 	 0.0000000000 
194.5000000000 	 -0.0074702652 	 1.1573012096 	 -0.0000349445 	 0.0000000000 
195.0000000000 	 -0.0040951671 	 1.1562097741 	 -0.0000191564 	 0.0000000000 
195.5000000000 	 -0.0016117484 	 1.1528968580 	 -0.0000075394 	 0.0000000000 
196.0000000000 	 -0.0001497912 	 1.1473261249 	 -0.0000007007 	 0.0000000000 
196.5000000000 	 0.0001982246 	 1.1395991107 	 0.0000009273 	 0.0000000000 
197.0000000000 	 -0.0005944433 	 1.1299347428 	 -0.0000027807 	 0.0000000000 
197.5000000000 	 -0.0025011732 	 1.1186880555 	 -0.0000117000 	 0.0000000000 
198.0000000000 	 -0.0054167195 	 1.1063349220 	 -0.0000253384 	 0.0000000000 
198.5000000000 	 -0.0091802346 	 1.0934583177 	 -0.0000429434 	 0.0000000000 
199.0000000000 	 -0.0135574663 	 1.0807282048 	 -0.0000634193 	 0.0000000000 
199.5000000000 	 -0.0182736393 	 1.0688648676 	 -0.0000854807 	 0.0000000000 
200.0000000000 	 -0.0230051848 	 1.0586086914 	 -0.0001076140 	 -0.0000000000 
200.5000000000 	 -0.0274188093 	 1.0506736111 	 -0.0001282601 	 -0.0000000000 
201.0000000000 	 -0.0311718738 	 1.0457078854 	 -0.0001458162 	 -0.0000000000 
201.5000000000 	 -0.0339517646 	 1.0442519492 	 -0.0001588200 	 -0.0000000000 
202.0000000000 	 -0.0354812750 	 1.0466968551 	 -0.0001659748 	 -0.0000000000 
202.5000000000 	 -0.0355515778 	 1.0532595612 	 -0.0001663037 	 -0.0000000000 
203.0000000000 	 -0.0340272904 	 1.0639484756 	 -0.0001591733 	 -0.0000000000 
203.5000000000 	 -0.0308672983 	 1.0785656387 	 -0.0001443915 	 -0.0000000000 
204.0000000000 	 -0.0261241683 	 1.0966877381 	 -0.0001222040 	 -0.0000000000 
204.5000000000 	 -0.0199496571 	 1.1176993753 	 -0.0000933208 	 -0.0000000000 
205.0000000000 	 -0.0125848229 	 1.1407933011 	 -0.0000588694 	 0.0000000000 
205.5000000000 	 -0.0043506613 	 1.1650329552 	 -0.0000203516 	 0.0000000000 
206.0000000000 	 0.0043718374 	 1.1893690040 	 0.0000204507 	 0.0000000000 
206.5000000000 	 0.0131617920 	 1.2127237450 	 0.0000615685 	 0.0000000000 
207.0000000000 	 0.0215859469 	 1.2340145235 	 0.0001009751 	 0.0000000000 
207.5000000000 	 0.0292226157 	 1.2522485142 	 0.0001366980 	 0.0000000000 
208.0000000000 	 0.0356917185 	 1.2665394593 	 0.0001669593 	 0.0000000000 
208.5000000000 	 0.0406746035 	 1.2761996266 	 0.0001902683 	 0.0000000000 
209.0000000000 	 0.0439404446 	 1.2807360436 	 0.0002055453 	 0.0000000000 
209.5000000000 	 0.0453549576 	 1.2799274835 	 0.0002121621 	 0.0000000000 
210.0000000000 	 0.0448977218 	 1.2737902554 	 0.0002100232 	 0.0000000000 
210.5000000000 	 0.0426556023 	 1.2626317339 	 0.0001995350 	 0.0000000000 
211.0000000000 	 0.0388279291 	 1.2469827756 	 0.0001816299 	 0.0000000000 
211.5000000000 	 0.0337043330 	 1.2276248796 	 0.0001576627 	 0.0000000000 
212.0000000000 	 0.0276580368 	 1.2054944088 	 0.0001293792 	 0.0000000000 
212.5000000000 	 0.0211117937 	 1.1816868102 	 0.0000987571 	 0.0000000000 
213.0000000000 	 0.0145228432 	 1.1573446136 	 0.0000679352 	 0.0000000000 
213.5000000000 	 0.0083436602 	 1.1336479200 	 0.0000390301 	 0.0000000000 
214.0000000000 	 0.0030044270 	 1.1117015815 	 0.0000140542 	 0.0000000000 
214.5000000000 	 -0.0011234047 	 1.0925251348 	 -0.0000052550 	 0.0000000000 
215.0000000000 	 -0.0037406627 	 1.0769535691 	 -0.0000174981 	 0.0000000000 
215.5000000000 	 -0.0046468123 	 1.0656411667 	 -0.0000217369 	 0.0000000000 
216.0000000000 	 -0.0037443137 	 1.0589850913 	 -0.0000175152 	 0.0000000000 
216.5000000000 	 -0.0010501518 	 1.0571558965 	 -0.0000049124 	 0.0000000000 
217.0000000000 	 0.0033114576 	 1.0600453161 	 0.0000154904 	 0.0000000000 
217.5000000000 	 0.0091135244 	 1.0673318540 	 0.0000426314 	 0.0000000000 
218.0000000000 	 0.0160442321 	 1.0784459223 	 0.0000750520 	 0.0000000000 
218.5000000000 	 0.0237248471 	 1.0926728638 	 0.0001109805 	 -0.0000000000 
219.0000000000 	 0.0317341554 	 1.1091223483 	 0.0001484465 	 -0.0000000000 
219.5000000000 	 0.0396344473 	 1.1268646936 	 0.0001854026 	 -0.0000000000 
220.0000000000 	 0.0469962932 	 1.1448889851 	 0.0002198400 	 -0.0000000000 
220.5000000000 	 0.0534259103 	 1.1622630227 	 0.0002499165 	 -0.0000000000 
221.0000000000 	 0.0585838645 	 1.1780666210 	 0.0002740445 	 -0.0000000000 
221.5000000000 	 0.0622075762 	 1.1915620536 	 0.0002909955 	 -0.0000000000 
222.0000000000 	 0.0641190189 	 1.2020947856 	 0.0002999369 	 -0.0000000000 
222.5000000000 	 0.0642381004 	 1.2092605585 	 0.0003004940 	 -0.0000000000 
223.0000000000 	 0.0625771924 	 1.2127736822 	 0.0002927245 	 -0.0000000000 
223.5000000000 	 0.0592439996 	 1.2126189347 	 0.0002771325 	 -0.0000000000 
224.0000000000 	 0.0544239807 	 1.2088952449 	 0.0002545853 	 -0.0000000000 
224.5000000000 	 0.0483742747 	 1.2019447901 	 0.0002262859 	 -0.0000000000 
225.0000000000 	 0.0413978511 	 1.1921853222 	 0.0001936515 	 -0.0000000000 
225.5000000000 	 0.0338323276 	 1.1802141982 	 0.0001582614 	 -0.0000000000 
226.0000000000 	 0.0260212675 	 1.1666443830 	 0.0001217227 	 -0.0000000000 
226.5000000000 	 0.0183027803 	 1.1521863971 	 0.0000856170 	 -0.0000000000 
227.0000000000 	 0.0109834016 	 1.1375009443 	 0.0000513783 	 -0.0000000000 
227.5000000000 	 0.0043310704 	 1.1232657366 	 0.0000202600 	 -0.0000000000 
228.0000000000 	 -0.0014444173 	 1.1100526452 	 -0.0000067567 	 -0.0000000000 
228.5000000000 	 -0.0061908807 	 1.0983882464 	 -0.0000289598 	 -0.0000000000 
229.0000000000 	 -0.0098251302 	 1.0886570983 	 -0.0000459601 	 -0.0000000000 
229.5000000000 	 -0.0123237502 	 1.0811643232 	 -0.0000576482 	 0.0000000000 
230.0000000000 	 -0.0137272966 	 1.0760610424 	 -0.0000642137 	 0.0000000000 
230.5000000000 	 -0.0141232882 	 1.0734146212 	 -0.0000660661 	 0.0000000000 
231.0000000000 	 -0.0136462437 	 1.0731490616 	 -0.0000638346 	 0.0000000000 
231.5000000000 	 -0.0124552872 	 1.0751244128 	 -0.0000582635 	 0.0000000000 
232.0000000000 	 -0.0107339654 	 1.0790847977 	 -0.0000502115 	 0.0000000000 
232.5000000000 	 -0.0086655401 	 1.0847439596 	 -0.0000405358 	 0.0000000000 
233.0000000000 	 -0.0064361723 	 1.0917363210 	 -0.0000301072 	 -0.0000000000 
233.5000000000 	 -0.0042107786 	 1.0997017620 	 -0.0000196972 	 -0.0000000000 
234.0000000000 	 -0.0021417574 	 1.1082395015 	 -0.0000100187 	 -0.0000000000 
234.5000000000 	 -0.0003474499 	 1.1169828733 	 -0.0000016253 	 -0.0000000000 
235.0000000000 	 0.0010733593 	 1.1255601969 	 0.0000050210 	 -0.0000000000 
235.5000000000 	 0.0020594367 	 1.1336500445 	 0.0000096337 	 -0.0000000000 
236.0000000000 	 0.0025684273 	 1.1409560093 	 0.0000120147 	 -0.0000000000 
236.5000000000 	 0.0025913434 	 1.1472347934 	 0.0000121219 	 -0.0000000000 
237.0000000000 	 0.0021324879 	 1.1522918250 	 0.0000099754 	 -0.0000000000 
237.5000000000 	 0.0012210666 	 1.1559780646 	 0.0000057120 	 -0.0000000000 
238.0000000000 	 -0.0001073362 	 1.1582106176 	 -0.0000005021 	 -0.0000000000 
238.5000000000 	 -0.0018012719 	 1.1589387231 	 -0.0000084260 	 0.0000000000 
239.0000000000 	 -0.0038082051 	 1.1581886413 	 -0.0000178140 	 0.0000000000 
239.5000000000 	 -0.0060666445 	 1.1560039649 	 -0.0000283786 	 0.0000000000 
240.0000000000 	 -0.0085163627 	 1.1525085824 	 -0.0000398379 	 0.0000000000 
240.5000000000 	 -0.0110920015 	 1.1478303589 	 -0.0000518863 	 0.0000000000 
241.0000000000 	 -0.0137294244 	 1.1421715570 	 -0.0000642237 	 0.0000000000 
241.5000000000 	 -0.0163608931 	 1.1357273675 	 -0.0000765332 	 0.0000000000 
242.0000000000 	 -0.0189193496 	 1.1287511669 	 -0.0000885012 	 0.0000000000 
242.5000000000 	 -0.0213352052 	 1.1214799420 	 -0.0000998021 	 0.0000000000 
243.0000000000 	 -0.0235407153 	 1.1141828063 	 -0.0001101191 	 0.0000000000 
243.5000000000 	 -0.0254680532 	 1.1071040073 	 -0.0001191348 	 0.0000000000 
244.0000000000 	 -0.0270554833 	 1.1004869408 	 -0.0001265605 	 0.0000000000 
244.5000000000 	 -0.0282458601 	 1.0945424517 	 -0.0001321289 	 0.0000000000 
245.0000000000 	 -0.0289952324 	 1.0894460833 	 -0.0001356343 	 0.0000000000 
245.5000000000 	 -0.0292704518 	 1.0853353432 	 -0.0001369217 	 0.0000000000 
246.0000000000 	 -0.0290595640 	 1.0822835589 	 -0.0001359352 	 0.0000000000 
246.5000000000 	 -0.0283670895 	 1.0803253850 	 -0.0001326960 	 0.0000000000 
247.0000000000 	 -0.0272245479 	 1.0794148730 	 -0.0001273514 	 0.0000000000 
247.5000000000 	 -0.0256823404 	 1.0794744789 	 -0.0001201372 	 0.0000000000 
248.0000000000 	 -0.0238183784 	 1.0803467287 	 -0.0001114179 	 0.0000000000 
248.5000000000 	 -0.0217263441 	 1.0818589909 	 -0.0001016318 	 0.0000000000 
249.0000000000 	 -0.0195207997 	 1.0837771310 	 -0.0000913146 	 0.0000000000 
249.5000000000 	 -0.0173227276 	 1.0858767887 	 -0.0000810325 	 0.0000000000 
250.0000000000 	 -0.0152605554 	 1.0879042022 	 -0.0000713860 	 0.0000000000 
250.5000000000 	 -0.0134549498 	 1.0896448690 	 -0.0000629397 	 0.0000000000 
251.0000000000 	 -0.0120165476 	 1.0908924393 	 -0.0000562111 	 0.0000000000 
251.5000000000 	 -0.0110326324 	 1.0915073606 	 -0.0000516086 	 0.0000000000 
252.0000000000 	 -0.0105635457 	 1.0913907942 	 -0.0000494143 	 0.0000000000 
252.5000000000 	 -0.0106338405 	 1.0905288017 	 -0.0000497431 	 0.0000000000 
253.0000000000 	 -0.0112299359 	 1.0889658333 	 -0.0000525315 	 0.0000000000 
253.5000000000 	 -0.0122975339 	 1.0868336612 	 -0.0000575256 	 0.0000000000 
254.0000000000 	 -0.0137428399 	 1.0843187638 	 -0.0000642864 	 -0.0000000000 
254.5000000000 	 -0.0154365988 	 1.0816788845 	 -0.0000722095 	 -0.0000000000 
255.0000000000 	 -0.0172201690 	 1.0792004942 	 -0.0000805527 	 -0.0000000000 
255.5000000000 	 -0.0189148392 	 1.0772088774 	 -0.0000884801 	 -0.0000000000 
256.0000000000 	 -0.0203325081 	 1.0760150325 	 -0.0000951117 	 -0.0000000000 
256.5000000000 	 -0.0212874592 	 1.0759269926 	 -0.0000995788 	 -0.0000000000 
257.0000000000 	 -0.0216098308 	 1.0771888512 	 -0.0001010867 	 -0.0000000000 
257.5000000000 	 -0.0211562005 	 1.0800012586 	 -0.0000989647 	 -0.0000000000 
258.0000000000 	 -0.0198229248 	 1.0844575695 	 -0.0000927279 	 0.0000000000 
258.5000000000 	 -0.0175520022 	 1.0905800507 	 -0.0000821050 	 0.0000000000 
259.0000000000 	 -0.0143410886 	 1.0982586474 	 -0.0000670849 	 0.0000000000 
259.5000000000 	 -0.0102422014 	 1.1073066441 	 -0.0000479111 	 0.0000000000 
260.0000000000 	 -0.0053658868 	 1.1174060776 	 -0.0000251006 	 0.0000000000 
260.5000000000 	 0.0001278448 	 1.1281829493 	 0.0000005981 	 0.0000000000 
261.0000000000 	 0.0060322777 	 1.1391603815 	 0.0000282179 	 0.0000000000 
261.5000000000 	 0.0121093368 	 1.1498497124 	 0.0000566453 	 0.0000000000 
262.0000000000 	 0.0180985468 	 1.1597091032 	 0.0000846617 	 0.0000000000 
262.5000000000 	 0.0237353573 	 1.1682437335 	 0.0001110296 	 0.0000000000 
263.0000000000 	 0.0287639397 	 1.1749648709 	 0.0001345524 	 0.0000000000 
263.5000000000 	 0.0329541616 	 1.1794905908 	 0.0001541535 	 0.0000000000 
264.0000000000 	 0.0361148766 	 1.1814992485 	 0.0001689387 	 0.0000000000 
264.5000000000 	 0.0381052670 	 1.1808220879 	 0.0001782494 	 0.0000000000 
265.0000000000 	 0.0388452556 	 1.1773859985 	 0.0001817109 	 0.0000000000 
265.5000000000 	 0.0383180736 	 1.1712911151 	 0.0001792449 	 0.0000000000 
266.0000000000 	 0.0365753676 	 1.1627404414 	 0.0001710928 	 0.0000000000 
266.5000000000 	 0.0337297954 	 1.1520987642 	 0.0001577818 	 0.0000000000 
267.0000000000 	 0.0299540476 	 1.1398103375 	 0.0001401195 	 0.0000000000 
267.5000000000 	 0.0254645300 	 1.1264395179 	 0.0001191184 	 0.0000000000 
268.0000000000 	 0.0205153917 	 1.1125810748 	 0.0000959672 	 0.0000000000 
268.5000000000 	 0.0153763396 	 1.0988870772 	 0.0000719277 	 -0.0000000000 
269.0000000000 	 0.0103243263 	 1.0859764301 	 0.0000482953 	 -0.0000000000 
269.5000000000 	 0.0056197531 	 1.0744558581 	 0.0000262882 	 -0.0000000000 
270.0000000000 	 0.0014992753 	 1.0648352703 	 0.0000070134 	 -0.0000000000 
270.5000000000 	 -0.0018452063 	 1.0575524969 	 -0.0000086315 	 -0.0000000000 
271.0000000000 	 -0.0042693404 	 1.0528989786 	 -0.0000199711 	 -0.0000000000 
271.5000000000 	 -0.0056910804 	 1.0510578268 	 -0.0000266218 	 -0.0000000000 
272.0000000000 	 -0.0060868893 	 1.0520407011 	 -0.0000284733 	 -0.0000000000 
272.5000000000 	 -0.0054985177 	 1.0557467732 	 -0.0000257210 	 -0.0000000000 
273.0000000000 	 -0.0040221151 	 1.0619075589 	 -0.0000188147 	 -0.0000000000 
273.5000000000 	 -0.0018073853 	 1.0701708641 	 -0.0000084546 	 -0.0000000000 
274.0000000000 	 0.0009591084 	 1.0800470053 	 0.0000044866 	 -0.0000000000 
274.5000000000 	 0.0040601731 	 1.0910175014 	 0.0000189928 	 -0.0000000000 
275.0000000000 	 0.0072678087 	 1.1024745722 	 0.0000339975 	 -0.0000000000 
275.5000000000 	 0.0103513599 	 1.1138500794 	 0.0000484218 	 -0.0000000000 
276.0000000000 	 0.0130971692 	 1.1245409499 	 0.0000612662 	 -0.0000000000 
276.5000000000 	 0.0153148844 	 1.1340505042 	 0.0000716402 	 -0.0000000000 
277.0000000000 	 0.0168539450 	 1.1418953564 	 0.0000788397 	 -0.0000000000 
277.5000000000 	 0.0176049059 	 1.1477494366 	 0.0000823525 	 -0.0000000000 
278.0000000000 	 0.0175108540 	 1.1513322074 	 0.0000819126 	 -0.0000000000 
278.5000000000 	 0.0165619455 	 1.1525456925 	 0.0000774737 	 -0.0000000000 
279.0000000000 	 0.0148013902 	 1.1513483580 	 0.0000692382 	 -0.0000000000 
279.5000000000 	 0.0123130568 	 1.1478772224 	 0.0000575982 	 -0.0000000000 
280.0000000000 	 0.0092231974 	 1.1423152720 	 0.0000431444 	 -0.0000000000 
280.5000000000 	 0.0056825159 	 1.1349938036 	 0.0000265818 	 -0.0000000000 
281.0000000000 	 0.0018659031 	 1.1262628703 	 0.0000087284 	 -0.0000000000 
281.5000000000 	 -0.0020485708 	 1.1165727075 	 -0.0000095828 	 -0.0000000000 
282.0000000000 	 -0.0058792674 	 1.1063560733 	 -0.0000275021 	 -0.0000000000 
282.5000000000 	 -0.0094622124 	 1.0960911542 	 -0.0000442624 	 -0.0000000000 
283.0000000000 	 -0.0126478173 	 1.0862020440 	 -0.0000591641 	 -0.0000000000 
283.5000000000 	 -0.0153197807 	 1.0771082127 	 -0.0000716631 	 -0.0000000000 
284.0000000000 	 -0.0173877073 	 1.0691455595 	 -0.0000813364 	 -0.0000000000 
284.5000000000 	 -0.0188019265 	 1.0626088804 	 -0.0000879519 	 -0.0000000000 
285.0000000000 	 -0.0195421003 	 1.0576920098 	 -0.0000914143 	 -0.0000000000 
285.5000000000 	 -0.0196272512 	 1.0545295753 	 -0.0000918126 	 -0.0000000000 
286.0000000000 	 -0.0191016398 	 1.0531517321 	 -0.0000893539 	 -0.0000000000 
286.5000000000 	 -0.0180402815 	 1.0535300129 	 -0.0000843891 	 -0.0000000000 
287.0000000000 	 -0.0165341225 	 1.0555407504 	 -0.0000773435 	 -0.0000000000 
287.5000000000 	 -0.0146920294 	 1.0590174510 	 -0.0000687266 	 -0.0000000000 
288.0000000000 	 -0.0126274170 	 1.0637173629 	 -0.0000590687 	 -0.0000000000 
288.5000000000 	 -0.0104580152 	 1.0693801181 	 -0.0000489206 	 -0.0000000000 
289.0000000000 	 -0.0082956217 	 1.0756936755 	 -0.0000388053 	 -0.0000000000 
289.5000000000 	 -0.0062449049 	 1.0823566048 	 -0.0000292125 	 -0.0000000000 
290.0000000000 	 -0.0043970704 	 1.0890420692 	 -0.0000205686 	 -0.0000000000 
290.5000000000 	 -0.0028286683 	 1.0954595667 	 -0.0000132320 	 -0.0000000000 
291.0000000000 	 -0.0015989691 	 1.1013178416 	 -0.0000074796 	 -0.0000000000 
291.5000000000 	 -0.0007493714 	 1.1063814491 	 -0.0000035054 	 -0.0000000000 
292.0000000000 	 -0.0003034876 	 1.1104347706 	 -0.0000014196 	 -0.0000000000 
292.5000000000 	 -0.0002674320 	 1.1133294691 	 -0.0000012510 	 -0.0000000000 
293.0000000000 	 -0.0006312347 	 1.1149517797 	 -0.0000029528 	 -0.0000000000 
293.5000000000 	 -0.0013701008 	 1.1152585640 	 -0.0000064090 	 -0.0000000000 
294.0000000000 	 -0.0024458700 	 1.1142488669 	 -0.0000114413 	 -0.0000000000 
294.5000000000 	 -0.0038092693 	 1.1119884726 	 -0.0000178190 	 -0.0000000000 
295.0000000000 	 -0.0054006163 	 1.1085848697 	 -0.0000252630 	 0.0000000000 
295.5000000000 	 -0.0071530731 	 1.1042024779 	 -0.0000334607 	 0.0000000000 
296.0000000000 	 -0.0089924471 	 1.0990383750 	 -0.0000420650 	 0.0000000000 
296.5000000000 	 -0.0108413957 	 1.0933322273 	 -0.0000507140 	 0.0000000000 
297.0000000000 	 -0.0126187591 	 1.0873391025 	 -0.0000590282 	 0.0000000000 
297.5000000000 	 -0.0142445060 	 1.0813392237 	 -0.0000666331 	 0.0000000000 
298.0000000000 	 -0.0156393336 	 1.0756043568 	 -0.0000731579 	 0.0000000000 
298.5000000000 	 -0.0167298805 	 1.0704126088 	 -0.0000782592 	 0.0000000000 
299.0000000000 	 -0.0174492612 	 1.0660062664 	 -0.0000816244 	 0.0000000000 
299.5000000000 	 -0.0177417752 	 1.0626159618 	 -0.0000829927 	 0.0000000000 
300.0000000000 	 -0.0175646532 	 1.0604100704 	 -0.0000821642 	 0.0000000000 
300.5000000000 	 -0.0168912802 	 1.0595308417 	 -0.0000790142 	 0.0000000000 
301.0000000000 	 -0.0157138884 	 1.0600378698 	 -0.0000735066 	 0.0000000000 
301.5000000000 	 -0.0140443055 	 1.0619565538 	 -0.0000656966 	 0.0000000000 
302.0000000000 	 -0.0119168547 	 1.0652199940 	 -0.0000557448 	 0.0000000000 
302.5000000000 	 -0.0093859206 	 1.0697278147 	 -0.0000439056 	 0.0000000000 
303.0000000000 	 -0.0065281039 	 1.0752915353 	 -0.0000305372 	 0.0000000000 
303.5000000000 	 -0.0034364538 	 1.0816997801 	 -0.0000160751 	 0.0000000000 
304.0000000000 	 -0.0002210826 	 1.0886714943 	 -0.0000010342 	 0.0000000000 
304.5000000000 	 0.0029993645 	 1.0959222565 	 0.0000140305 	 0.0000000000 
305.0000000000 	 0.0060989304 	 1.1031278370 	 0.0000285297 	 0.0000000000 
305.5000000000 	 0.0089543631 	 1.1099859628 	 0.0000418869 	 0.0000000000 
306.0000000000 	 0.0114477785 	 1.1161901949 	 0.0000535506 	 0.0000000000 
306.5000000000 	 0.0134764136 	 1.1214821589 	 0.0000630402 	 0.0000000000 
307.0000000000 	 0.0149556848 	 1.1256332686 	 0.0000699600 	 0.0000000000 
307.5000000000 	 0.0158268520 	 1.1284840305 	 0.0000740351 	 0.0000000000 
308.0000000000 	 0.0160590399 	 1.1299294500 	 0.0000751212 	 0.0000000000 
308.5000000000 	 0.0156533873 	 1.1299442741 	 0.0000732237 	 -0.0000000000 
309.0000000000 	 0.0146426311 	 1.1285674230 	 0.0000684955 	 -0.0000000000 
309.5000000000 	 0.0130911334 	 1.1259145588 	 0.0000612379 	 -0.0000000000 
310.0000000000 	 0.0110910990 	 1.1221576555 	 0.0000518821 	 -0.0000000000 
310.5000000000 	 0.0087589299 	 1.1175286190 	 0.0000409727 	 -0.0000000000 
311.0000000000 	 0.0062279388 	 1.1122918355 	 0.0000291332 	 -0.0000000000 
311.5000000000 	 0.0036425084 	 1.1067442862 	 0.0000170390 	 -0.0000000000 
312.0000000000 	 0.0011480501 	 1.1011810156 	 0.0000053704 	 -0.0000000000 
312.5000000000 	 -0.0011148312 	 1.0958979541 	 -0.0000052149 	 -0.0000000000 
313.0000000000 	 -0.0030216711 	 1.0911520627 	 -0.0000141348 	 -0.0000000000 
313.5000000000 	 -0.0044675680 	 1.0871727350 	 -0.0000208984 	 -0.0000000000 
314.0000000000 	 -0.0053780293 	 1.0841193661 	 -0.0000251574 	 -0.0000000000 
314.5000000000 	 -0.0057079680 	 1.0821057952 	 -0.0000267008 	 0.0000000000 
315.0000000000 	 -0.0054504676 	 1.0811579655 	 -0.0000254962 	 0.0000000000 
315.5000000000 	 -0.0046302565 	 1.0812536345 	 -0.0000216594 	 0.0000000000 
316.0000000000 	 -0.0033094525 	 1.0822817506 	 -0.0000154810 	 0.0000000000 
316.5000000000 	 -0.0015756399 	 1.0840970127 	 -0.0000073705 	 0.0000000000 
317.0000000000 	 0.0004554075 	 1.0864810026 	 0.0000021303 	 0.0000000000 
317.5000000000 	 0.0026557013 	 1.0892086235 	 0.0000124229 	 0.0000000000 
318.0000000000 	 0.0048843842 	 1.0920094767 	 0.0000228483 	 0.0000000000 
318.5000000000 	 0.0070055060 	 1.0946412462 	 0.0000327705 	 0.0000000000 
319.0000000000 	 0.0088877942 	 1.0968488519 	 0.0000415755 	 0.0000000000 
319.5000000000 	 0.0104216192 	 1.0984388592 	 0.0000487504 	 0.0000000000 
320.0000000000 	 0.0115173274 	 1.0992339238 	 0.0000538760 	 0.0000000000 
320.5000000000 	 0.0121190598 	 1.0991424948 	 0.0000566907 	 0.0000000000 
321.0000000000 	 0.0122001032 	 1.0981070133 	 0.0000570699 	 0.0000000000 
321.5000000000 	 0.0117720666 	 1.0961645070 	 0.0000550676 	 -0.0000000000 
322.0000000000 	 0.0108764777 	 1.0933886187 	 0.0000508782 	 -0.0000000000 
322.5000000000 	 0.0095890034 	 1.0899388919 	 0.0000448556 	 -0.0000000000 
323.0000000000 	 0.0080075272 	 1.0859984543 	 0.0000374578 	 -0.0000000000 
323.5000000000 	 0.0062523159 	 1.0818124156 	 0.0000292472 	 -0.0000000000 
324.0000000000 	 0.0044517750 	 1.0776243322 	 0.0000208246 	 -0.0000000000 
324.5000000000 	 0.0027404095 	 1.0737066381 	 0.0000128192 	 -0.0000000000 
325.0000000000 	 0.0012440967 	 1.0702994074 	 0.0000058197 	 -0.0000000000 
325.5000000000 	 0.0000781321 	 1.0676376059 	 0.0000003655 	 -0.0000000000 
326.0000000000 	 -0.0006659901 	 1.0658949665 	 -0.0000031153 	 0.0000000000 
326.5000000000 	 -0.0009203066 	 1.0652136956 	 -0.0000043050 	 0.0000000000 
327.0000000000 	 -0.0006504833 	 1.0656546505 	 -0.0000030428 	 0.0000000000 
327.5000000000 	 0.0001481371 	 1.0672347969 	 0.0000006930 	 0.0000000000 
328.0000000000 	 0.0014443802 	 1.0698827771 	 0.0000067566 	 0.0000000000 
328.5000000000 	 0.0031793146 	 1.0734879823 	 0.0000148723 	 0.0000000000 
329.0000000000 	 0.0052638885 	 1.0778586464 	 0.0000246235 	 0.0000000000 
329.5000000000 	 0.0075904841 	 1.0827841857 	 0.0000355069 	 0.0000000000 
330.0000000000 	 0.0100333060 	 1.0879917313 	 0.0000469340 	 0.0000000000 
330.5000000000 	 0.0124618999 	 1.0932208778 	 0.0000582945 	 0.0000000000 
331.0000000000 	 0.0147426870 	 1.0981744609 	 0.0000689636 	 0.0000000000 
331.5000000000 	 0.0167524702 	 1.1026025748 	 0.0000783650 	 0.0000000000 
332.0000000000 	 0.0183794077 	 1.1062444650 	 0.0000859755 	 0.0000000000 
332.5000000000 	 0.0195345610 	 1.1089170893 	 0.0000913791 	 0.0000000000 
333.0000000000 	 0.0201509632 	 1.1104469480 	 0.0000942625 	 0.0000000000 
333.5000000000 	 0.0201917457 	 1.1107578814 	 0.0000944533 	 0.0000000000 
334.0000000000 	 0.0196466573 	 1.1097939546 	 0.0000919035 	 0.0000000000 
334.5000000000 	 0.0185360844 	 1.1076016976 	 0.0000867084 	 0.0000000000 
335.0000000000 	 0.0169051999 	 1.1042471635 	 0.0000790794 	 -0.0000000000 
335.5000000000 	 0.0148240522 	 1.0998892802 	 0.0000693442 	 -0.0000000000 
336.0000000000 	 0.0123802372 	 1.0946953672 	 0.0000579125 	 -0.0000000000 
336.5000000000 	 0.0096759622 	 1.0889043448 	 0.0000452624 	 -0.0000000000 
337.0000000000 	 0.0068205486 	 1.0827450311 	 0.0000319053 	 -0.0000000000 
337.5000000000 	 0.0039258230 	 1.0764901972 	 0.0000183643 	 -0.0000000000 
338.0000000000 	 0.0010997845 	 1.0703809002 	 0.0000051446 	 -0.0000000000 
338.5000000000 	 -0.0015582289 	 1.0646743183 	 -0.0000072891 	 -0.0000000000 
339.0000000000 	 -0.0039617103 	 1.0595755447 	 -0.0000185321 	 -0.0000000000 
339.5000000000 	 -0.0060408250 	 1.0552833943 	 -0.0000282578 	 -0.0000000000 
340.0000000000 	 -0.0077439858 	 1.0519290279 	 -0.0000362249 	 -0.0000000000 
340.5000000000 	 -0.0090399339 	 1.0496242576 	 -0.0000422871 	 -0.0000000000 
341.0000000000 	 -0.0099169072 	 1.0484046651 	 -0.0000463894 	 -0.0000000000 
341.5000000000 	 -0.0103827261 	 1.0482843141 	 -0.0000485684 	 -0.0000000000 
342.0000000000 	 -0.0104622261 	 1.0492001117 	 -0.0000489403 	 -0.0000000000 
342.5000000000 	 -0.0101955974 	 1.0510754204 	 -0.0000476931 	 -0.0000000000 
343.0000000000 	 -0.0096349831 	 1.0537624900 	 -0.0000450706 	 -0.0000000000 
343.5000000000 	 -0.0088416599 	 1.0571155627 	 -0.0000413596 	 -0.0000000000 
344.0000000000 	 -0.0078826393 	 1.0609291733 	 -0.0000368735 	 -0.0000000000 
344.5000000000 	 -0.0068274404 	 1.0650193533 	 -0.0000319375 	 -0.0000000000 
345.0000000000 	 -0.0057452284 	 1.0691571210 	 -0.0000268751 	 -0.0000000000 
345.5000000000 	 -0.0047019342 	 1.0731547059 	 -0.0000219947 	 -0.0000000000 
346.0000000000 	 -0.0037580477 	 1.0767951476 	 -0.0000175794 	 -0.0000000000 
346.5000000000 	 -0.0029667343 	 1.0799194002 	 -0.0000138778 	 -0.0000000000 
347.0000000000 	 -0.0023720168 	 1.0823541666 	 -0.0000110958 	 -0.0000000000 
347.5000000000 	 -0.0020083839 	 1.0839954792 	 -0.0000093948 	 -0.0000000000 
348.0000000000 	 -0.0018988627 	 1.0847374112 	 -0.0000088825 	 -0.0000000000 
348.5000000000 	 -0.0020564558 	 1.0845482798 	 -0.0000096197 	 -0.0000000000 
349.0000000000 	 -0.0024815869 	 1.0834026171 	 -0.0000116084 	 -0.0000000000 
349.5000000000 	 -0.0031655550 	 1.0813473721 	 -0.0000148078 	 0.0000000000 
350.0000000000 	 -0.0040870077 	 1.0784386517 	 -0.0000191182 	 0.0000000000 
350.5000000000 	 -0.0052174577 	 1.0747969467 	 -0.0000244063 	 0.0000000000 
351.0000000000 	 -0.0065167223 	 1.0705490065 	 -0.0000304840 	 0.0000000000 
351.5000000000 	 -0.0079403827 	 1.0658728547 	 -0.0000371436 	 0.0000000000 
352.0000000000 	 -0.0094344111 	 1.0609441240 	 -0.0000441324 	 0.0000000000 
352.5000000000 	 -0.0109442559 	 1.0559731390 	 -0.0000511952 	 0.0000000000 
353.0000000000 	 -0.0124090525 	 1.0511544261 	 -0.0000580472 	 0.0000000000 
353.5000000000 	 -0.0137717970 	 1.0466991559 	 -0.0000644219 	 0.0000000000 
354.0000000000 	 -0.0149735436 	 1.0427865034 	 -0.0000700434 	 0.0000000000 
354.5000000000 	 -0.0159639277 	 1.0395951028 	 -0.0000746763 	 0.0000000000 
355.0000000000 	 -0.0166955947 	 1.0372554073 	 -0.0000780989 	 0.0000000000 
355.5000000000 	 -0.0171342081 	 1.0358834793 	 -0.0000801506 	 -0.0000000000 
356.0000000000 	 -0.0172531020 	 1.0355342593 	 -0.0000807068 	 -0.0000000000 
356.5000000000 	 -0.0170419247 	 1.0362400885 	 -0.0000797189 	 -0.0000000000 
357.0000000000 	 -0.0165012581 	 1.0379655192 	 -0.0000771898 	 -0.0000000000 
357.5000000000 	 -0.0156492430 	 1.0406516510 	 -0.0000732042 	 -0.0000000000 
358.0000000000 	 -0.0145157674 	 1.0441735019 	 -0.0000679020 	 -0.0000000000 
358.5000000000 	 -0.0131467887 	 1.0483897947 	 -0.0000614982 	 -0.0000000000 
359.0000000000 	 -0.0115977243 	 1.0531037923 	 -0.0000542520 	 -0.0000000000 
359.5000000000 	 -0.0099356706 	 1.0581168771 	 -0.0000464772 	 -0.0000000000 
360.0000000000 	 -0.0082318372 	 1.0631931415 	 -0.0000385070 	 -0.0000000000 
360.5000000000 	 -0.0065623563 	 1.0681142048 	 -0.0000306975 	 -0.0000000000 
361.0000000000 	 -0.0049999267 	 1.0726469289 	 -0.0000233887 	 -0.0000000000 
361.5000000000 	 -0.0036142835 	 1.0765965828 	 -0.0000169069 	 -0.0000000000 
362.0000000000 	 -0.0024635540 	 1.0797761193 	 -0.0000115240 	 -0.0000000000 
362.5000000000 	 -0.0015956052 	 1.0820550864 	 -0.0000074639 	 -0.0000000000 
363.0000000000 	 -0.0010398396 	 1.0833282740 	 -0.0000048641 	 -0.0000000000 
363.5000000000 	 -0.0008104963 	 1.0835586248 	 -0.0000037913 	 -0.0000000000 
364.0000000000 	 -0.0008996411 	 1.0827429692 	 -0.0000042083 	 -0.0000000000 
364.5000000000 	 -0.0012830714 	 1.0809484416 	 -0.0000060019 	 -0.0000000000 
365.0000000000 	 -0.0019150522 	 1.0782735311 	 -0.0000089582 	 0.0000000000 
365.5000000000 	 -0.0027368565 	 1.0748789240 	 -0.0000128025 	 -0.0000000000 
366.0000000000 	 -0.0036734060 	 1.0709430832 	 -0.0000171835 	 -0.0000000000 
366.5000000000 	 -0.0046438082 	 1.0666897331 	 -0.0000217228 	 -0.0000000000 
367.0000000000 	 -0.0055595879 	 1.0623383723 	 -0.0000260067 	 -0.0000000000 
367.5000000000 	 -0.0063360294 	 1.0581315274 	 -0.0000296387 	 -0.0000000000 
368.0000000000 	 -0.0068912666 	 1.0542816547 	 -0.0000322360 	 0.0000000000 
368.5000000000 	 -0.0071569503 	 1.0510016247 	 -0.0000334789 	 0.0000000000 
369.0000000000 	 -0.0070772325 	 1.0484500688 	 -0.0000331059 	 0.0000000000 
369.5000000000 	 -0.0066173354 	 1.0467682289 	 -0.0000309546 	 0.0000000000 
370.0000000000 	 -0.0057615002 	 1.0460257832 	 -0.0000269512 	 0.0000000000 
370.5000000000 	 -0.0045184356 	 1.0462662503 	 -0.0000211364 	 0.0000000000 
371.0000000000 	 -0.0029176051 	 1.0474547015 	 -0.0000136480 	 0.0000000000 
371.5000000000 	 -0.0010111822 	 1.0495325218 	 -0.0000047301 	 0.0000000000 
372.0000000000 	 0.0011314468 	 1.0523673806 	 0.0000052927 	 0.0000000000 
372.5000000000 	 0.0034248552 	 1.0558165968 	 0.0000160209 	 0.0000000000 
373.0000000000 	 0.0057744169 	 1.0596786201 	 0.0000270117 	 0.0000000000 
373.5000000000 	 0.0080795919 	 1.0637628323 	 0.0000377949 	 0.0000000000 
374.0000000000 	 0.0102412040 	 1.0678409318 	 0.0000479065 	 0.0000000000 
374.5000000000 	 0.0121654296 	 1.0717200165 	 0.0000569077 	 0.0000000000 
375.0000000000 	 0.0137703630 	 1.0751919212 	 0.0000644152 	 -0.0000000000 
375.5000000000 	 0.0149892527 	 1.0781060704 	 0.0000701170 	 -0.0000000000 
376.0000000000 	 0.0157752605 	 1.0803150907 	 0.0000737938 	 -0.0000000000 
376.5000000000 	 0.0161028007 	 1.0817442618 	 0.0000753259 	 -0.0000000000 
377.0000000000 	 0.0159697363 	 1.0823325211 	 0.0000747035 	 -0.0000000000 
377.5000000000 	 0.0153962577 	 1.0820963064 	 0.0000720209 	 -0.0000000000 
378.0000000000 	 0.0144242933 	 1.0810661411 	 0.0000674742 	 -0.0000000000 
378.5000000000 	 0.0131140660 	 1.0793440455 	 0.0000613452 	 -0.0000000000 
379.0000000000 	 0.0115410770 	 1.0770369148 	 0.0000539871 	 -0.0000000000 
379.5000000000 	 0.0097911266 	 1.0743081836 	 0.0000458011 	 -0.0000000000 
380.0000000000 	 0.0079557043 	 1.0713098860 	 0.0000372153 	 -0.0000000000 
380.5000000000 	 0.0061266971 	 1.0682305744 	 0.0000286596 	 -0.0000000000 
381.0000000000 	 0.0043912662 	 1.0652280881 	 0.0000205416 	 -0.0000000000 
381.5000000000 	 0.0028275898 	 1.0624765732 	 0.0000132270 	 -0.0000000000 
382.0000000000 	 0.0015002686 	 1.0601015711 	 0.0000070180 	 -0.0000000000 
382.5000000000 	 0.0004582490 	 1.0582291801 	 0.0000021436 	 0.0000000000 
383.0000000000 	 -0.0002685033 	 1.0569242455 	 -0.0000012560 	 0.0000000000 
383.5000000000 	 -0.0006682153 	 1.0562442163 	 -0.0000031258 	 0.0000000000 
384.0000000000 	 -0.0007490982 	 1.0561802528 	 -0.0000035041 	 0.0000000000 
384.5000000000 	 -0.0005356084 	 1.0567172472 	 -0.0000025054 	 0.0000000000 
385.0000000000 	 -0.0000689418 	 1.0577768742 	 -0.0000003225 	 0.0000000000 
385.5000000000 	 0.0005991573 	 1.0592838208 	 0.0000028028 	 0.0000000000 
386.0000000000 	 0.0014065623 	 1.0611094006 	 0.0000065797 	 0.0000000000 
386.5000000000 	 0.0022884737 	 1.0631425803 	 0.0000107051 	 0.0000000000 
387.0000000000 	 0.0031774166 	 1.0652329362 	 0.0000148634 	 0.0000000000 
387.5000000000 	 0.0040113380 	 1.0672638108 	 0.0000187643 	 0.0000000000 
388.0000000000 	 0.0047326589 	 1.0690940305 	 0.0000221385 	 0.0000000000 
388.5000000000 	 0.0052956940 	 1.0706299008 	 0.0000247723 	 0.0000000000 
389.0000000000 	 0.0056642483 	 1.0717658656 	 0.0000264963 	 0.0000000000 
389.5000000000 	 0.0058175785 	 1.0724520684 	 0.0000272136 	 0.0000000000 
390.0000000000 	 0.0057464141 	 1.0726351651 	 0.0000268807 	 0.0000000000 
390.5000000000 	 0.0054570944 	 1.0723185562 	 0.0000255273 	 -0.0000000000 
391.0000000000 	 0.0049662930 	 1.0715051256 	 0.0000232314 	 -0.0000000000 
391.5000000000 	 0.0043033999 	 1.0702489026 	 0.0000201305 	 -0.0000000000 
392.0000000000 	 0.0035045214 	 1.0686009890 	 0.0000163935 	 0.0000000000 
392.5000000000 	 0.0026135413 	 1.0666526745 	 0.0000122257 	 0.0000000000 
393.0000000000 	 0.0016760796 	 1.0644865713 	 0.0000078404 	 0.0000000000 
393.5000000000 	 0.0007398800 	 1.0622116182 	 0.0000034611 	 0.0000000000 
394.0000000000 	 -0.0001506514 	 1.0599195535 	 -0.0000007047 	 0.0000000000 
394.5000000000 	 -0.0009540464 	 1.0577164269 	 -0.0000044628 	 0.0000000000 
395.0000000000 	 -0.0016362766 	 1.0556817562 	 -0.0000076542 	 0.0000000000 
395.5000000000 	 -0.0021697165 	 1.0538985561 	 -0.0000101495 	 0.0000000000 
396.0000000000 	 -0.0025366340 	 1.0524184398 	 -0.0000118659 	 0.0000000000 
396.5000000000 	 -0.0027271153 	 1.0512900921 	 -0.0000127569 	 0.0000000000 
397.0000000000 	 -0.0027417058 	 1.0505232278 	 -0.0000128252 	 0.0000000000 
397.5000000000 	 -0.0025881632 	 1.0501297058 	 -0.0000121069 	 0.0000000000 
398.0000000000 	 -0.0022836598 	 1.0500796515 	 -0.0000106825 	 0.0000000000 
398.5000000000 	 -0.0018503427 	 1.0503419399 	 -0.0000086555 	 0.0000000000 
399.0000000000 	 -0.0013176010 	 1.0508562509 	 -0.0000061635 	 0.0000000000 
399.5000000000 	 -0.0007166084 	 1.0515712458 	 -0.0000033521 	 0.0000000000 
400.0000000000 	 -0.0000830113 	 1.0523890817 	 -0.0000003883 	 -0.0000000000 
400.5000000000 	 0.0005490718 	 1.0532535914 	 0.0000025685 	 -0.0000000000 
401.0000000000 	 0.0011440740 	 1.0540780720 	 0.0000053518 	 -0.0000000000 
401.5000000000 	 0.0016710127 	 1.0547751049 	 0.0000078167 	 -0.0000000000 
402.0000000000 	 0.0020996574 	 1.0552634083 	 0.0000098218 	 -0.0000000000 
402.5000000000 	 0.0024074444 	 1.0555257011 	 0.0000112616 	 -0.0000000000 
403.0000000000 	 0.0025741781 	 1.0554385099 	 0.0000120416 	 -0.0000000000 
403.5000000000 	 0.0025883266 	 1.0550130520 	 0.0000121077 	 -0.0000000000 
404.0000000000 	 0.0024440957 	 1.0542906339 	 0.0000114331 	 -0.0000000000 
404.5000000000 	 0.0021415596 	 1.0531643659 	 0.0000100179 	 -0.0000000000 
405.0000000000 	 0.0016894831 	 1.0517347182 	 0.0000079031 	 -0.0000000000 
405.5000000000 	 0.0011033565 	 1.0499703294 	 0.0000051613 	 -0.0000000000 
406.0000000000 	 0.0004038904 	 1.0480255336 	 0.0000018894 	 -0.0000000000 
406.5000000000 	 -0.0003806418 	 1.0459052834 	 -0.0000017805 	 -0.0000000000 
407.0000000000 	 -0.0012193427 	 1.0437458272 	 -0.0000057038 	 -0.0000000000 
407.5000000000 	 -0.0020747705 	 1.0415655417 	 -0.0000097054 	 -0.0000000000 
408.0000000000 	 -0.0029091643 	 1.0395692506 	 -0.0000136085 	 -0.0000000000 
408.5000000000 	 -0.0036849526 	 1.0377196504 	 -0.0000172375 	 -0.0000000000 
409.0000000000 	 -0.0043601358 	 1.0362418368 	 -0.0000203959 	 -0.0000000000 
409.5000000000 	 -0.0048973243 	 1.0351612273 	 -0.0000229087 	 -0.0000000000 
410.0000000000 	 -0.0052656971 	 1.0345223830 	 -0.0000246319 	 -0.0000000000 
410.5000000000 	 -0.0054398014 	 1.0343973908 	 -0.0000254463 	 -0.0000000000 
411.0000000000 	 -0.0054026380 	 1.0348614547 	 -0.0000252725 	 -0.0000000000 
411.5000000000 	 -0.0051366723 	 1.0358514383 	 -0.0000240284 	 -0.0000000000 
412.0000000000 	 -0.0046484704 	 1.0374183646 	 -0.0000217446 	 -0.0000000000 
412.5000000000 	 -0.0039407261 	 1.0394592913 	 -0.0000184340 	 -0.0000000000 
413.0000000000 	 -0.0030330667 	 1.0419498359 	 -0.0000141881 	 -0.0000000000 
413.5000000000 	 -0.0019585012 	 1.0447034796 	 -0.0000091615 	 -0.0000000000 
414.0000000000 	 -0.0007521587 	 1.0477468059 	 -0.0000035184 	 -0.0000000000 
414.5000000000 	 0.0005379505 	 1.0508674169 	 0.0000025165 	 0.0000000000 
415.0000000000 	 0.0018643593 	 1.0538988224 	 0.0000087212 	 0.0000000000 
415.5000000000 	 0.0031672385 	 1.0567383289 	 0.0000148158 	 0.0000000000 
416.0000000000 	 0.0043885951 	 1.0592649205 	 0.0000205291 	 0.0000000000 
416.5000000000 	 0.0054828463 	 1.0613151786 	 0.0000256478 	 0.0000000000 
417.0000000000 	 0.0063916708 	 1.0628220886 	 0.0000298991 	 0.0000000000 
417.5000000000 	 0.0070767825 	 1.0635888627 	 0.0000331039 	 0.0000000000 
418.0000000000 	 0.0075078810 	 1.0637715832 	 0.0000351205 	 0.0000000000 
418.5000000000 	 0.0076562792 	 1.0630624881 	 0.0000358147 	 0.0000000000 
419.0000000000 	 0.0075174921 	 1.0616728572 	 0.0000351655 	 0.0000000000 
419.5000000000 	 0.0070935903 	 1.0595180637 	 0.0000331825 	 0.0000000000 
420.0000000000 	 0.0064062301 	 1.0567381467 	 0.0000299672 	 0.0000000000 
420.5000000000 	 0.0054809569 	 1.0534299168 	 0.0000256389 	 0.0000000000 
421.0000000000 	 0.0043628692 	 1.0496719104 	 0.0000204087 	 0.0000000000 
421.5000000000 	 0.0031004114 	 1.0456112224 	 0.0000145032 	 0.0000000000 
422.0000000000 	 0.0017519756 	 1.0414728377 	 0.0000081954 	 0.0000000000 
422.5000000000 	 0.0003818132 	 1.0373462637 	 0.0000017861 	 0.0000000000 
423.0000000000 	 -0.0009505723 	 1.0334682928 	 -0.0000044466 	 0.0000000000 
423.5000000000 	 -0.0021856260 	 1.0298664208 	 -0.0000102239 	 0.0000000000 
424.0000000000 	 -0.0032693158 	 1.0269102916 	 -0.0000152932 	 0.0000000000 
424.5000000000 	 -0.0041578449 	 1.0244051245 	 -0.0000194496 	 0.0000000000 
425.0000000000 	 -0.0048207556 	 1.0227374359 	 -0.0000225506 	 0.0000000000 
425.5000000000 	 -0.0052334001 	 1.0216679295 	 -0.0000244808 	 0.0000000000 
426.0000000000 	 -0.0053926310 	 1.0214850128 	 -0.0000252257 	 0.0000000000 
426.5000000000 	 -0.0053021259 	 1.0219023140 	 -0.0000248023 	 0.0000000000 
427.0000000000 	 -0.0049870118 	 1.0231121410 	 -0.0000233283 	 0.0000000000 
427.5000000000 	 -0.0044736453 	 1.0247752448 	 -0.0000209269 	 0.0000000000 
428.0000000000 	 -0.0038106592 	 1.0270478144 	 -0.0000178255 	 -0.0000000000 
428.5000000000 	 -0.0030423599 	 1.0295055912 	 -0.0000142316 	 -0.0000000000 
429.0000000000 	 -0.0022277666 	 1.0322865776 	 -0.0000104210 	 -0.0000000000 
429.5000000000 	 -0.0014181256 	 1.0349679734 	 -0.0000066337 	 -0.0000000000 
430.0000000000 	 -0.0006692084 	 1.0376653464 	 -0.0000031304 	 -0.0000000000 
430.5000000000 	 -0.0000276770 	 1.0399766726 	 -0.0000001294 	 -0.0000000000 
431.0000000000 	 0.0004664806 	 1.0420411624 	 0.0000021821 	 -0.0000000000 
431.5000000000 	 0.0007817717 	 1.0434953619 	 0.0000036570 	 -0.0000000000 
432.0000000000 	 0.0009024192 	 1.0445311103 	 0.0000042214 	 -0.0000000000 
432.5000000000 	 0.0008187636 	 1.0448450874 	 0.0000038301 	 -0.0000000000 
433.0000000000 	 0.0005423854 	 1.0446789563 	 0.0000025372 	 -0.0000000000 
433.5000000000 	 0.0000862485 	 1.0438076931 	 0.0000004035 	 -0.0000000000 
434.0000000000 	 -0.0005138290 	 1.0425365936 	 -0.0000024036 	 -0.0000000000 
434.5000000000 	 -0.0012267008 	 1.0406768573 	 -0.0000057382 	 -0.0000000000 
435.0000000000 	 -0.0020004784 	 1.0385810783 	 -0.0000093578 	 -0.0000000000 
435.5000000000 	 -0.0027951086 	 1.0361406802 	 -0.0000130750 	 -0.0000000000 
436.0000000000 	 -0.0035535483 	 1.0336454469 	 -0.0000166228 	 -0.0000000000 
436.5000000000 	 -0.0042374816 	 1.0310903832 	 -0.0000198221 	 -0.0000000000 
437.0000000000 	 -0.0047966827 	 1.0286736032 	 -0.0000224380 	 -0.0000000000 
437.5000000000 	 -0.0052052739 	 1.0264755633 	 -0.0000243493 	 -0.0000000000 
438.0000000000 	 -0.0054307000 	 1.0246065914 	 -0.0000254038 	 -0.0000000000 
438.5000000000 	 -0.0054622990 	 1.0231231669 	 -0.0000255516 	 -0.0000000000 
439.0000000000 	 -0.0052906458 	 1.0220562679 	 -0.0000247486 	 0.0000000000 
439.5000000000 	 -0.0049289315 	 1.0215556702 	 -0.0000230566 	 0.0000000000 
440.0000000000 	 -0.0043876963 	 1.0214014162 	 -0.0000205248 	 0.0000000000 
440.5000000000 	 -0.0036975989 	 1.0218214729 	 -0.0000172966 	 0.0000000000 
441.0000000000 	 -0.0028918074 	 1.0225702969 	 -0.0000135273 	 -0.0000000000 
441.5000000000 	 -0.0020092727 	 1.0236965728 	 -0.0000093990 	 -0.0000000000 
442.0000000000 	 -0.0010920326 	 1.0250521481 	 -0.0000051083 	 -0.0000000000 
442.5000000000 	 -0.0001864371 	 1.0266298314 	 -0.0000008721 	 -0.0000000000 
443.0000000000 	 0.0006673154 	 1.0282973084 	 0.0000031216 	 -0.0000000000 
443.5000000000 	 0.0014299803 	 1.0299500011 	 0.0000066892 	 -0.0000000000 
444.0000000000 	 0.0020656441 	 1.0314847846 	 0.0000096627 	 -0.0000000000 
444.5000000000 	 0.0025485359 	 1.0328887252 	 0.0000119216 	 -0.0000000000 
445.0000000000 	 0.0028604869 	 1.0340402375 	 0.0000133809 	 -0.0000000000 
445.5000000000 	 0.0029902132 	 1.0349258777 	 0.0000139877 	 -0.0000000000 
446.0000000000 	 0.0029373779 	 1.0354108639 	 0.0000137405 	 -0.0000000000 
446.5000000000 	 0.0027104636 	 1.0356983063 	 0.0000126791 	 -0.0000000000 
447.0000000000 	 0.0023224233 	 1.0355178055 	 0.0000108639 	 -0.0000000000 
447.5000000000 	 0.0017959558 	 1.0351107653 	 0.0000084012 	 -0.0000000000 
448.0000000000 	 0.0011587355 	 1.0343398704 	 0.0000054204 	 -0.0000000000 
448.5000000000 	 0.0004434324 	 1.0333720432 	 0.0000020743 	 -0.0000000000 
449.0000000000 	 -0.0003169117 	 1.0322290599 	 -0.0000014824 	 -0.0000000000 
449.5000000000 	 -0.0010866287 	 1.0309003671 	 -0.0000050830 	 0.0000000000 
450.0000000000 	 -0.0018317428 	 1.0296155407 	 -0.0000085685 	 0.0000000000 
450.5000000000 	 -0.0025220988 	 1.0283213881 	 -0.0000117979 	 0.0000000000 
451.0000000000 	 -0.0031275800 	 1.0271160713 	 -0.0000146302 	 0.0000000000 
451.5000000000 	 -0.0036257501 	 1.0260437941 	 -0.0000169606 	 0.0000000000 
452.0000000000 	 -0.0039975938 	 1.0251885431 	 -0.0000187000 	 0.0000000000 
452.5000000000 	 -0.0042323364 	 1.0245192787 	 -0.0000197981 	 0.0000000000 
453.0000000000 	 -0.0043229568 	 1.0241888819 	 -0.0000202220 	 0.0000000000 
453.5000000000 	 -0.0042702309 	 1.0241226523 	 -0.0000199753 	 0.0000000000 
454.0000000000 	 -0.0040806647 	 1.0243691876 	 -0.0000190886 	 0.0000000000 
454.5000000000 	 -0.0037648568 	 1.0248550011 	 -0.0000176113 	 0.0000000000 
455.0000000000 	 -0.0033392905 	 1.0256115953 	 -0.0000156205 	 0.0000000000 
455.5000000000 	 -0.0028259674 	 1.0265573210 	 -0.0000132193 	 0.0000000000 
456.0000000000 	 -0.0022465487 	 1.0277171937 	 -0.0000105089 	 0.0000000000 
456.5000000000 	 -0.0016277532 	 1.0289822696 	 -0.0000076143 	 0.0000000000 
457.0000000000 	 -0.0009950295 	 1.0302989163 	 -0.0000046545 	 0.0000000000 
457.5000000000 	 -0.0003753241 	 1.0316436884 	 -0.0000017557 	 0.0000000000 
458.0000000000 	 0.0002067861 	 1.0329298301 	 0.0000009673 	 0.0000000000 
458.5000000000 	 0.0007258738 	 1.0340322658 	 0.0000033955 	 0.0000000000 
459.0000000000 	 0.0011636130 	 1.0350705037 	 0.0000054432 	 0.0000000000 
459.5000000000 	 0.0015028600 	 1.0358733090 	 0.0000070301 	 0.0000000000 
460.0000000000 	 0.0017316255 	 1.0364508573 	 0.0000081003 	 0.0000000000 
460.5000000000 	 0.0018446461 	 1.0367559545 	 0.0000086289 	 0.0000000000 
461.0000000000 	 0.0018380365 	 1.0368159824 	 0.0000085980 	 0.0000000000 
461.5000000000 	 0.0017139470 	 1.0365604230 	 0.0000080176 	 0.0000000000 
462.0000000000 	 0.0014838567 	 1.0361311755 	 0.0000069412 	 0.0000000000 
462.5000000000 	 0.0011602063 	 1.0354689659 	 0.0000054273 	 0.0000000000 
463.0000000000 	 0.0007623678 	 1.0346598923 	 0.0000035662 	 0.0000000000 
463.5000000000 	 0.0003115241 	 1.0336799856 	 0.0000014573 	 0.0000000000 
464.0000000000 	 -0.0001681846 	 1.0326506509 	 -0.0000007867 	 0.0000000000 
464.5000000000 	 -0.0006563855 	 1.0315694837 	 -0.0000030704 	 0.0000000000 
465.0000000000 	 -0.0011204951 	 1.0305660539 	 -0.0000052414 	 0.0000000000 
465.5000000000 	 -0.0015382433 	 1.0296460233 	 -0.0000071956 	 0.0000000000 
466.0000000000 	 -0.0018851799 	 1.0288538628 	 -0.0000088185 	 0.0000000000 
466.5000000000 	 -0.0021421969 	 1.0282592672 	 -0.0000100208 	 -0.0000000000 
467.0000000000 	 -0.0022950394 	 1.0278718915 	 -0.0000107357 	 -0.0000000000 
467.5000000000 	 -0.0023384850 	 1.0276283822 	 -0.0000109390 	 -0.0000000000 
468.0000000000 	 -0.0022631043 	 1.0277020190 	 -0.0000105863 	 -0.0000000000 
468.5000000000 	 -0.0020724606 	 1.0279581996 	 -0.0000096946 	 -0.0000000000 
469.0000000000 	 -0.0017741688 	 1.0284145912 	 -0.0000082992 	 -0.0000000000 
469.5000000000 	 -0.0013821639 	 1.0290032185 	 -0.0000064655 	 -0.0000000000 
470.0000000000 	 -0.0009172224 	 1.0297138272 	 -0.0000042906 	 -0.0000000000 
470.5000000000 	 -0.0004035670 	 1.0304201171 	 -0.0000018878 	 -0.0000000000 
471.0000000000 	 0.0001341107 	 1.0311827176 	 0.0000006274 	 -0.0000000000 
471.5000000000 	 0.0006690852 	 1.0318571452 	 0.0000031299 	 -0.0000000000 
472.0000000000 	 0.0011750307 	 1.0324274380 	 0.0000054966 	 -0.0000000000 
472.5000000000 	 0.0016260327 	 1.0327753603 	 0.0000076063 	 -0.0000000000 
473.0000000000 	 0.0019996452 	 1.0329228014 	 0.0000093540 	 -0.0000000000 
473.5000000000 	 0.0022789552 	 1.0327916108 	 0.0000106606 	 -0.0000000000 
474.0000000000 	 0.0024503766 	 1.0324245961 	 0.0000114624 	 -0.0000000000 
474.5000000000 	 0.0025126152 	 1.0317804752 	 0.0000117536 	 -0.0000000000 
475.0000000000 	 0.0024648815 	 1.0308632518 	 0.0000115303 	 -0.0000000000 
475.5000000000 	 0.0023188942 	 1.0297385437 	 0.0000108474 	 -0.0000000000 
476.0000000000 	 0.0020877773 	 1.0284330982 	 0.0000097663 	 -0.0000000000 
476.5000000000 	 0.0017938896 	 1.0269316923 	 0.0000083915 	 -0.0000000000 
477.0000000000 	 0.0014625228 	 1.0254666272 	 0.0000068414 	 -0.0000000000 
477.5000000000 	 0.0011265047 	 1.0239865059 	 0.0000052696 	 -0.0000000000 
478.0000000000 	 0.0008122576 	 1.0226094010 	 0.0000037996 	 -0.0000000000 
478.5000000000 	 0.0005543540 	 1.0213719596 	 0.0000025932 	 -0.0000000000 
479.0000000000 	 0.0003777065 	 1.0203855989 	 0.0000017669 	 -0.0000000000 
479.5000000000 	 0.0003073116 	 1.0196299674 	 0.0000014376 	 -0.0000000000 
480.0000000000 	 0.0003631117 	 1.0192764346 	 0.0000016986 	 -0.0000000000 
480.5000000000 	 0.0005578667 	 1.0192525266 	 0.0000026096 	 -0.0000000000 
481.0000000000 	 0.0008948106 	 1.0196203115 	 0.0000041858 	 -0.0000000000 
481.5000000000 	 0.0013719005 	 1.0202869314 	 0.0000064175 	 -0.0000000000 
482.0000000000 	 0.0019754702 	 1.0213112667 	 0.0000092409 	 -0.0000000000 
482.5000000000 	 0.0026878487 	 1.0225732559 	 0.0000125733 	 0.0000000000 
483.0000000000 	 0.0034829554 	 1.0240855629 	 0.0000162927 	 0.0000000000 
483.5000000000 	 0.0043280305 	 1.0257212421 	 0.0000202458 	 0.0000000000 
484.0000000000 	 0.0051894498 	 1.0274028807 	 0.0000242753 	 0.0000000000 
484.5000000000 	 0.0060277301 	 1.0290340115 	 0.0000281966 	 0.0000000000 
485.0000000000 	 0.0068070258 	 1.0305502093 	 0.0000318420 	 0.0000000000 
485.5000000000 	 0.0074931346 	 1.0317953340 	 0.0000350515 	 0.0000000000 
486.0000000000 	 0.0080516323 	 1.0327843276 	 0.0000376641 	 0.0000000000 
486.5000000000 	 0.0084562196 	 1.0333990379 	 0.0000395567 	 0.0000000000 
487.0000000000 	 0.0086880110 	 1.0336170550 	 0.0000406409 	 -0.0000000000 
487.5000000000 	 0.0087321373 	 1.0333843704 	 0.0000408474 	 -0.0000000000 
488.0000000000 	 0.0085887781 	 1.0327260851 	 0.0000401767 	 -0.0000000000 
488.5000000000 	 0.0082635692 	 1.0315773259 	 0.0000386555 	 -0.0000000000 
489.0000000000 	 0.0077650196 	 1.0299971839 	 0.0000363234 	 -0.0000000000 
489.5000000000 	 0.0071157736 	 1.0281175300 	 0.0000332863 	 -0.0000000000 
490.0000000000 	 0.0063405915 	 1.0259549458 	 0.0000296601 	 -0.0000000000 
490.5000000000 	 0.0054688913 	 1.0234592366 	 0.0000255825 	 -0.0000000000 
491.0000000000 	 0.0045399104 	 1.0209930792 	 0.0000212369 	 -0.0000000000 
491.5000000000 	 0.0035882194 	 1.0183401836 	 0.0000167851 	 -0.0000000000 
492.0000000000 	 0.0026457060 	 1.0158150859 	 0.0000123762 	 0.0000000000 
492.5000000000 	 0.0017482992 	 1.0133457923 	 0.0000081783 	 0.0000000000 
493.0000000000 	 0.0009256761 	 1.0110963516 	 0.0000043302 	 0.0000000000 
493.5000000000 	 0.0001994375 	 1.0091381747 	 0.0000009330 	 0.0000000000 
494.0000000000 	 -0.0004109557 	 1.0075250430 	 -0.0000019223 	 0.0000000000 
494.5000000000 	 -0.0008903304 	 1.0061758138 	 -0.0000041648 	 0.0000000000 
495.0000000000 	 -0.0012406420 	 1.0053597836 	 -0.0000058035 	 0.0000000000 
495.5000000000 	 -0.0014541431 	 1.0047564247 	 -0.0000068022 	 0.0000000000 
496.0000000000 	 -0.0015483958 	 1.0046500311 	 -0.0000072431 	 0.0000000000 
496.5000000000 	 -0.0015316736 	 1.0047381649 	 -0.0000071649 	 0.0000000000 
497.0000000000 	 -0.0014239323 	 1.0052440511 	 -0.0000066609 	 -0.0000000000 
497.5000000000 	 -0.0012477501 	 1.0058428033 	 -0.0000058367 	 -0.0000000000 
498.0000000000 	 -0.0010301496 	 1.0067276820 	 -0.0000048188 	 -0.0000000000 
498.5000000000 	 -0.0007905229 	 1.0075717679 	 -0.0000036979 	 -0.0000000000 
499.0000000000 	 -0.0005589800 	 1.0085620414 	 -0.0000026148 	 -0.0000000000 
499.5000000000 	 -0.0003531359 	 1.0093646898 	 -0.0000016519 	 -0.0000000000 
