-1.5000000000 	 0.1430749868 	 1.4615182840 
-1.4985000000 	 0.6654759728 	 1.6417450891 
-1.4970000000 	 0.8812018565 	 1.1342988204 
-1.4955000000 	 0.3885105574 	 0.8841018917 
-1.4940000000 	 0.1022394969 	 1.3595162928 
-1.4925000000 	 0.5551246945 	 1.6804827879 
-1.4910000000 	 0.9064111030 	 1.2524675495 
-1.4895000000 	 0.5026612362 	 0.8725858262 
-1.4880000000 	 0.0932276441 	 1.2499806949 
-1.4865000000 	 0.4394726172 	 1.6869511816 
-1.4850000000 	 0.8989814722 	 1.3736733374 
-1.4835000000 	 0.6174788325 	 0.8939138604 
-1.4820000000 	 0.1170122809 	 1.1421564336 
-1.4805000000 	 0.3278188295 	 1.6608370120 
-1.4790000000 	 0.8592610987 	 1.4886099092 
-1.4775000000 	 0.7236959089 	 0.9470769622 
-1.4760000000 	 0.1719262517 	 1.0452251386 
-1.4745000000 	 0.2292114578 	 1.6044583922 
-1.4730000000 	 0.7902075055 	 1.5884086911 
-1.4715000000 	 0.8126675964 	 1.0284919349 
-1.4700000000 	 0.2537765317 	 0.9675637974 
-1.4685000000 	 0.1517156147 	 1.5225981381 
-1.4670000000 	 0.6971691505 	 1.6653578661 
-1.4655000000 	 0.8770739924 	 1.1322706525 
-1.4640000000 	 0.3561629802 	 0.9160625990 
-1.4625000000 	 0.1017549720 	 1.4221370149 
-1.4610000000 	 0.5874724318 	 1.7135336977 
-1.4595000000 	 0.9115211351 	 1.2506772948 
-1.4580000000 	 0.4709775902 	 0.8955574051 
-1.4565000000 	 0.0835806117 	 1.3115149159 
-1.4550000000 	 0.4698459436 	 1.7292925413 
-1.4535000000 	 0.9129913158 	 1.3747381771 
-1.4520000000 	 0.5890453842 	 0.9084234963 
-1.4505000000 	 0.0989109700 	 1.2000620797 
-1.4490000000 	 0.3537271329 	 1.7115827938 
-1.4475000000 	 0.8811052485 	 1.4949561947 
-1.4460000000 	 0.7008563903 	 0.9543646042 
-1.4445000000 	 0.1467732366 	 1.0972532503 
-1.4430000000 	 0.2485063388 	 1.6620502213 
-1.4415000000 	 0.8181734881 	 1.6020731021 
-1.4400000000 	 0.7973303968 	 1.0304157677 
-1.4385000000 	 0.2235605787 	 1.0119443079 
-1.4370000000 	 0.1627686713 	 1.5849265509 
-1.4355000000 	 0.7290312949 	 1.6878185440 
-1.4340000000 	 0.8705530876 	 1.1311614681 
-1.4325000000 	 0.3233022752 	 0.9516527769 
-1.4310000000 	 0.1035948327 	 1.4867086001 
-1.4295000000 	 0.6206685487 	 1.7455853440 
-1.4280000000 	 0.9144239803 	 1.2491531556 
-1.4265000000 	 0.4381266673 	 0.9219405689 
-1.4250000000 	 0.0759777221 	 1.3756521529 
-1.4235000000 	 0.5016829246 	 1.7709760231 
-1.4220000000 	 0.9251632289 	 1.3754940899 
-1.4205000000 	 0.5588811341 	 0.9259495353 
-1.4190000000 	 0.0824027766 	 1.2611199142 
-1.4175000000 	 0.3815990093 	 1.7621754581 
-1.4160000000 	 0.9016353058 	 1.5005456775 
-1.4145000000 	 0.6758603617 	 0.9641284985 
-1.4130000000 	 0.1226271950 	 1.1528349456 
-1.4115000000 	 0.2701071798 	 1.7201182450 
-1.4100000000 	 0.8454619972 	 1.6146993315 
-1.4085000000 	 0.7795850614 	 1.0341753023 
-1.4070000000 	 0.1936774393 	 1.0600990136 
-1.4055000000 	 0.1762829624 	 1.6484356229 
-1.4040000000 	 0.7609139087 	 1.7091521523 
-1.4025000000 	 0.8615687581 	 1.1312002897 
-1.4010000000 	 0.2900669774 	 0.9910385866 
-1.3995000000 	 0.1078496537 	 1.5531844562 
-1.3980000000 	 0.6545874348 	 1.7766239229 
-1.3965000000 	 0.9150107344 	 1.2480998174 
-1.3950000000 	 0.4042184973 	 0.9519394947 
-1.3935000000 	 0.0705440017 	 1.4423783578 
-1.3920000000 	 0.5348914938 	 1.8119571345 
-1.3905000000 	 0.9353586608 	 1.3761114046 
-1.3890000000 	 0.5270582169 	 0.9467246148 
-1.3875000000 	 0.0676369303 	 1.3253571419 
-1.3860000000 	 0.4113838572 	 1.8125507140 
-1.3845000000 	 0.9206944877 	 1.5055072404 
-1.3830000000 	 0.6487357831 	 0.9766178634 
-1.3815000000 	 0.0996492149 	 1.2120441189 
-1.3800000000 	 0.2940093455 	 1.7785911203 
-1.3785000000 	 0.8719110364 	 1.6263712750 
-1.3770000000 	 0.7594127524 	 1.0400231149 
-1.3755000000 	 0.1642866384 	 1.1121501881 
-1.3740000000 	 0.1923005012 	 1.7130605090 
-1.3725000000 	 0.7926633255 	 1.7293979319 
-1.3710000000 	 0.8500566493 	 1.1326295857 
-1.3695000000 	 0.2566016671 	 1.0343884561 
-1.3680000000 	 0.1146048727 	 1.6215194634 
-1.3665000000 	 0.6890966914 	 1.8066482276 
-1.3650000000 	 0.9131766315 	 1.2477370620 
-1.3635000000 	 0.3693704958 	 0.9857627876 
-1.3620000000 	 0.0674014266 	 1.5116799324 
-1.3605000000 	 0.5693717633 	 1.8522019828 
-1.3590000000 	 0.9434409634 	 1.3767765875 
-1.3575000000 	 0.4936568583 	 0.9709882637 
-1.3560000000 	 0.0547619461 	 1.3928010553 
-1.3545000000 	 0.4430228921 	 1.8626526766 
-1.3530000000 	 0.9381255276 	 1.5099862649 
-1.3515000000 	 0.6195187161 	 0.9920913768 
-1.3500000000 	 0.0780020554 	 1.2749550941 
-1.3485000000 	 0.3202003572 	 1.8374037221 
-1.3470000000 	 0.8973557924 	 1.6371889950 
-1.3455000000 	 0.7368020529 	 1.0482237096 
-1.3440000000 	 0.1355516027 	 1.1682215625 
-1.3425000000 	 0.2108564646 	 1.7787406036 
-1.3410000000 	 0.8241209823 	 1.7486103111 
-1.3395000000 	 0.8359585158 	 1.1357059249 
-1.3380000000 	 0.2230567113 	 1.0818739105 
-1.3365000000 	 0.1239406783 	 1.6916711569 
-1.3350000000 	 0.7240573742 	 1.8356707156 
-1.3335000000 	 0.9088211874 	 1.2483004794 
-1.3320000000 	 0.3337072436 	 1.0236242736 
-1.3305000000 	 0.0666687508 	 1.5835448943 
-1.3290000000 	 0.6050162207 	 1.8916884220 
-1.3275000000 	 0.9492755872 	 1.3776930281 
-1.3260000000 	 0.4587652051 	 0.9989876710 
-1.3245000000 	 0.0439254093 	 1.4634801713 
-1.3230000000 	 0.4764492869 	 1.9124350787 
-1.3215000000 	 0.9537709072 	 1.5141455011 
-1.3200000000 	 0.5882532151 	 1.0108179383 
-1.3185000000 	 0.0578499030 	 1.3416437240 
-1.3170000000 	 0.3486599688 	 1.8964984055 
-1.3155000000 	 0.9216288871 	 1.6472696804 
-1.3140000000 	 0.7117489232 	 1.0590542909 
-1.3125000000 	 0.1076394053 	 1.2284393853 
-1.3110000000 	 0.2319792036 	 1.8454208362 
-1.3095000000 	 0.8551236741 	 1.7668599580 
-1.3080000000 	 0.8192222433 	 1.1407007779 
-1.3065000000 	 0.1895880133 	 1.1336705940 
-1.3050000000 	 0.1359319561 	 1.7636010407 
-1.3035000000 	 0.7593242341 	 1.8637186521 
-1.3020000000 	 0.9018482836 	 1.2500423138 
-1.3005000000 	 0.2973602580 	 1.0657439895 
-1.2990000000 	 0.0684613950 	 1.6579641934 
-1.2975000000 	 0.6417099418 	 1.9304072805 
-1.2960000000 	 0.9527302189 	 1.3790819449 
-1.2945000000 	 0.4224791315 	 1.0309786541 
-1.2930000000 	 0.0352738139 	 1.5374255395 
-1.2915000000 	 0.5115883442 	 1.9618625746 
-1.2900000000 	 0.9674730380 	 1.5181660457 
-1.2885000000 	 0.5549911790 	 1.0330776261 
-1.2870000000 	 0.0393581729 	 1.4121886818 
-1.2855000000 	 0.3793602902 	 1.9558263738 
-1.2840000000 	 0.9445605899 	 1.6567487070 
-1.2825000000 	 0.6842566046 	 1.0728057240 
-1.2810000000 	 0.0807205431 	 1.2929336913 
-1.2795000000 	 0.2556903126 	 1.9130530924 
-1.2780000000 	 0.8855037838 	 1.7842349287 
-1.2765000000 	 0.7998018086 	 1.1479014944 
-1.2750000000 	 0.1563567803 	 1.1899595146 
-1.2735000000 	 0.1506483010 	 1.8372760475 
-1.2720000000 	 0.7947459508 	 1.8908353460 
-1.2705000000 	 0.8921661835 	 1.2532324744 
-1.2690000000 	 0.2604677623 	 1.1123494042 
-1.2675000000 	 0.0728914026 	 1.7349331993 
-1.2660000000 	 0.6793308152 	 1.9683636861 
-1.2645000000 	 0.9536748520 	 1.3811834419 
-1.2630000000 	 0.3849020241 	 1.0672268600 
-1.2615000000 	 0.0289524678 	 1.6146722456 
-1.2600000000 	 0.5483577004 	 2.0109121505 
-1.2585000000 	 0.9790743811 	 1.5222484574 
-1.2570000000 	 0.5197921621 	 1.0591628858 
-1.2555000000 	 0.0226933677 	 1.4866729703 
-1.2540000000 	 0.4122659598 	 2.0153491686 
-1.2525000000 	 0.9659789796 	 1.6657808216 
-1.2510000000 	 0.6543354670 	 1.0897837196 
-1.2495000000 	 0.0549687573 	 1.3618398098 
-1.2480000000 	 0.2820047609 	 1.9815977757 
-1.2465000000 	 0.9150894777 	 1.8008419295 
-1.2450000000 	 0.7776571704 	 1.1576124947 
-1.2435000000 	 0.1235293145 	 1.2509285441 
-1.2420000000 	 0.1681541025 	 1.9126701651 
-1.2405000000 	 0.8301653521 	 1.9170815000 
-1.2390000000 	 0.8796874728 	 1.2581597435 
-1.2375000000 	 0.2231744595 	 1.1636769074 
-1.2360000000 	 0.0800674740 	 1.8144533827 
-1.2345000000 	 0.7177497742 	 2.0055785072 
-1.2330000000 	 0.9519817797 	 1.3842577473 
-1.2315000000 	 0.3461445477 	 1.1080092414 
-1.2300000000 	 0.0251054723 	 1.6952611373 
-1.2285000000 	 0.5866675584 	 2.0595746604 
-1.2270000000 	 0.9884174942 	 1.5266140382 
-1.2255000000 	 0.4827231449 	 1.0893799944 
-1.2240000000 	 0.0080230038 	 1.5651856830 
-1.2225000000 	 0.4473343671 	 2.0750403021 
-1.2210000000 	 0.9857100452 	 1.6745414794 
-1.2195000000 	 0.6220027953 	 1.1103102874 
-1.2180000000 	 0.0305609071 	 1.4353001491 
-1.2165000000 	 0.3109310940 	 2.0510255355 
-1.2150000000 	 0.9437048567 	 1.8168077237 
-1.2135000000 	 0.7527540839 	 1.1701567176 
-1.2120000000 	 0.0912768390 	 1.3167742171 
-1.2105000000 	 0.1885087124 	 1.9897662561 
-1.2090000000 	 0.8654196105 	 1.9425366980 
-1.2075000000 	 0.8643289127 	 1.2651332271 
-1.2060000000 	 0.1856313156 	 1.2199736136 
-1.2045000000 	 0.0900950900 	 1.8965342210 
-1.2030000000 	 0.7568310314 	 2.0420899344 
-1.2015000000 	 0.9475254974 	 1.3885866755 
-1.2000000000 	 0.3063243967 	 1.1536158562 
-1.1985000000 	 0.0238757925 	 1.7792408085 
-1.1970000000 	 0.6264209498 	 2.1078565121 
-1.1955000000 	 0.9953449923 	 1.5315063191 
-1.1940000000 	 0.4438582639 	 1.1240508481 
-1.1925000000 	 -0.0044843814 	 1.6478240558 
-1.1910000000 	 0.4845159295 	 2.1348870561 
-1.1895000000 	 1.0035777116 	 1.6832283691 
-1.1880000000 	 0.5872825112 	 1.1347255092 
-1.1865000000 	 0.0076769104 	 1.5134663038 
-1.1850000000 	 0.3424717106 	 2.1213191855 
-1.1835000000 	 0.9711700510 	 1.8322807125 
-1.1820000000 	 0.7250638304 	 1.1858773772 
-1.1805000000 	 0.0597753686 	 1.3877038793 
-1.1790000000 	 0.2117667051 	 2.0685580995 
-1.1775000000 	 0.9003404072 	 1.9673010609 
-1.1760000000 	 0.8460111949 	 1.2744840963 
-1.1745000000 	 0.1479953629 	 1.2814995346 
-1.1730000000 	 0.1030767381 	 1.9811953632 
-1.1715000000 	 0.7964323082 	 2.0779552301 
-1.1700000000 	 0.9401825011 	 1.3944753605 
-1.1685000000 	 0.2655660351 	 1.2043520503 
-1.1670000000 	 0.0254054313 	 1.8666698816 
-1.1655000000 	 0.6675140225 	 2.1557815307 
-1.1640000000 	 0.9996994063 	 1.5371927978 
-1.1625000000 	 0.4032784991 	 1.1635151399 
-1.1610000000 	 -0.0146591227 	 1.7346958571 
-1.1595000000 	 0.5237544257 	 2.1948924783 
-1.1580000000 	 1.0194037738 	 1.6920631695 
-1.1565000000 	 0.5502048247 	 1.1633896968 
-1.1550000000 	 -0.0135002332 	 1.5965015383 
-1.1535000000 	 0.3766232221 	 2.1924758487 
-1.1520000000 	 0.9973012434 	 1.8474327317 
-1.1505000000 	 0.6945628525 	 1.2051400919 
-1.1490000000 	 0.0292056394 	 1.4639382450 
-1.1475000000 	 0.2379782427 	 2.1490526949 
-1.1460000000 	 0.9347540523 	 1.9914971090 
-1.1445000000 	 0.8246585838 	 1.2865676846 
-1.1430000000 	 0.1104295302 	 1.3485301899 
-1.1415000000 	 0.1191122571 	 2.0684690981 
-1.1400000000 	 0.8364050540 	 2.1132526851 
-1.1385000000 	 0.9298309629 	 1.4022543222 
-1.1370000000 	 0.2240004301 	 1.2605410939 
-1.1355000000 	 0.0298357268 	 1.9576196399 
-1.1340000000 	 0.7098363537 	 2.2033930389 
-1.1325000000 	 1.0013229203 	 1.5439669823 
-1.1310000000 	 0.3610713201 	 1.2081329978 
-1.1295000000 	 -0.0223302054 	 1.8259221758 
-1.1280000000 	 0.5649873877 	 2.2550776145 
-1.1265000000 	 1.0330077222 	 1.7012935892 
-1.1250000000 	 0.5108058091 	 1.1966860102 
-1.1235000000 	 -0.0327843196 	 1.6845837138 
-1.1220000000 	 0.4133769062 	 2.2645093675 
-1.1205000000 	 1.0219106042 	 1.8624611130 
-1.1190000000 	 0.6612322816 	 1.2283354630 
-1.1175000000 	 -0.0002468880 	 1.5457144395 
-1.1160000000 	 0.2671895597 	 2.2312728732 
-1.1145000000 	 0.9684815470 	 2.0152718767 
-1.1130000000 	 0.8001984292 	 1.3017660131 
-1.1115000000 	 0.0731025141 	 1.4213597339 
-1.1100000000 	 0.1382993200 	 2.1584031800 
-1.1085000000 	 0.8765946449 	 2.1480838246 
-1.1070000000 	 0.9163502646 	 1.4122819360 
-1.1055000000 	 0.1817647860 	 1.3225273610 
-1.1040000000 	 0.0373077944 	 2.0521770722 
-1.1025000000 	 0.7532712830 	 2.2507561957 
-1.1010000000 	 1.0000569644 	 1.5521508116 
-1.0995000000 	 0.3173302890 	 1.2582881795 
-1.0980000000 	 -0.0273249018 	 1.9216406785 
-1.0965000000 	 0.6081465591 	 2.3154840232 
-1.0950000000 	 1.0442064340 	 1.7111957558 
-1.0935000000 	 0.4691268901 	 1.2350236311 
-1.0920000000 	 -0.0499856937 	 1.7779087407 
-1.0905000000 	 0.4527192631 	 2.3374530342 
-1.0890000000 	 1.0448061172 	 1.8775910711 
-1.0875000000 	 0.6250573445 	 1.2558821973 
-1.0860000000 	 -0.0283919311 	 1.6332896181 
-1.0845000000 	 0.2994435851 	 2.3152602750 
-1.0830000000 	 1.0013385719 	 2.0387993381 
-1.0815000000 	 0.7725605282 	 1.3204908405 
-1.0800000000 	 0.0361887029 	 1.5003047031 
-1.0785000000 	 0.1607340770 	 2.2510640796 
-1.0770000000 	 0.9168405511 	 2.1825759214 
-1.0755000000 	 0.8996203638 	 1.4249473972 
-1.0740000000 	 0.1390022843 	 1.3906801580 
-1.0725000000 	 0.0479631412 	 2.1504484074 
-1.0710000000 	 0.7976962656 	 2.2979606532 
-1.0695000000 	 0.9957416374 	 1.5620975380 
-1.0680000000 	 0.2721546193 	 1.3143919330 
-1.0665000000 	 -0.0294682411 	 2.0220094257 
-1.0650000000 	 0.6531584209 	 2.3761766328 
-1.0635000000 	 1.0528137055 	 1.7220770337 
-1.0620000000 	 0.4252142425 	 1.2788416077 
-1.0605000000 	 -0.0649108553 	 1.8766946576 
-1.0590000000 	 0.4946326907 	 2.4113627033 
-1.0575000000 	 1.0657912718 	 1.8930784917 
-1.0560000000 	 0.5860266304 	 1.2882308902 
-1.0545000000 	 -0.0550341735 	 1.7269452742 
-1.0530000000 	 0.3347807233 	 2.4010787680 
-1.0515000000 	 1.0331353802 	 2.0622832145 
-1.0500000000 	 0.7416763121 	 1.3431873492 
-1.0485000000 	 -0.0001318287 	 1.5857085056 
-1.0470000000 	 0.1865119873 	 2.3465407423 
-1.0455000000 	 0.9569764619 	 2.2168848859 
-1.0440000000 	 0.8795209605 	 1.4406742911 
-1.0425000000 	 0.0958618392 	 1.4653983359 
-1.0410000000 	 0.0619444826 	 2.2525632362 
-1.0395000000 	 0.8429832394 	 2.3451235996 
-1.0380000000 	 0.9882149228 	 1.5741951772 
-1.0365000000 	 0.2256486896 	 1.3768876664 
-1.0350000000 	 -0.0285822763 	 2.1272113579 
-1.0335000000 	 0.6999447952 	 2.4372470142 
-1.0320000000 	 1.0586395896 	 1.7342793723 
-1.0305000000 	 0.3791180800 	 1.3286135137 
-1.0290000000 	 -0.0773618815 	 1.9811864634 
-1.0275000000 	 0.5390962939 	 2.4863203694 
-1.0260000000 	 1.0846645894 	 1.9092132158 
-1.0245000000 	 0.5441311964 	 1.3258686146 
-1.0230000000 	 -0.0799729077 	 1.8269923779 
-1.0215000000 	 0.3732398206 	 2.4888183954 
-1.0200000000 	 1.0636765729 	 2.0859602549 
-1.0185000000 	 0.7074778271 	 1.3703386138 
-1.0170000000 	 -0.0356732344 	 1.6779468073 
-1.0155000000 	 0.2157288749 	 2.4449489607 
-1.0140000000 	 0.9968303512 	 2.2511986201 
-1.0125000000 	 0.8559304294 	 1.4599249068 
-1.0110000000 	 0.0524978780 	 1.5471158511 
-1.0095000000 	 0.0793968055 	 2.3586793395 
-1.0080000000 	 0.8889990031 	 2.3923932788 
-1.0065000000 	 0.9773116596 	 1.5888706579 
-1.0050000000 	 0.1779215096 	 1.4462565983 
-1.0035000000 	 -0.0244851080 	 2.2374595901 
-1.0020000000 	 0.7484235316 	 2.4988171638 
-1.0005000000 	 1.0614894974 	 1.7481833082 
-0.9990000000 	 0.3308918241 	 1.3848531032 
-0.9975000000 	 -0.0871356277 	 2.0916618605 
-0.9960000000 	 0.5860868499 	 2.5624383106 
-0.9945000000 	 1.1012189476 	 1.9263229389 
-0.9930000000 	 0.4993634845 	 1.3693244954 
-0.9915000000 	 -0.1030014994 	 1.9337775221 
-0.9900000000 	 0.4148593508 	 2.5785999700 
-0.9885000000 	 1.0927607239 	 2.1101041033 
-0.9870000000 	 0.6698964698 	 1.4024710275 
-0.9855000000 	 -0.0702436955 	 1.7774340105 
-0.9840000000 	 0.2484822507 	 2.5464364922 
-0.9825000000 	 1.0362244644 	 2.2857409484 
-0.9810000000 	 0.8287244681 	 1.4832054692 
-0.9795000000 	 0.0090701595 	 1.6363084832 
-0.9780000000 	 0.1004687227 	 2.4689883785 
-0.9765000000 	 0.9356056000 	 2.4399530984 
-0.9750000000 	 0.9628622141 	 1.6065948394 
-0.9735000000 	 0.1290861374 	 1.5230246104 
-0.9720000000 	 -0.0169896100 	 2.3530036915 
-0.9705000000 	 0.7985092902 	 2.5610439143 
-0.9690000000 	 1.0611630129 	 1.7642127807 
-0.9675000000 	 0.2805911346 	 1.4481211846 
-0.9660000000 	 -0.0940226560 	 2.2084381074 
-0.9645000000 	 0.6355799568 	 2.6398639283 
-0.9630000000 	 1.1152406536 	 1.9447778747 
-0.9615000000 	 0.4517160153 	 1.4191765003 
-0.9600000000 	 -0.1239066303 	 2.0476902976 
-0.9585000000 	 0.4596788612 	 2.6705804612 
-0.9570000000 	 1.1201798183 	 2.1350298953 
-0.9555000000 	 0.6288614304 	 1.4401609159 
-0.9540000000 	 -0.1036450720 	 1.8846310669 
-0.9525000000 	 0.2848729553 	 2.6511890896 
-0.9510000000 	 1.0749752045 	 2.3207762643 
-0.9495000000 	 0.7977744040 	 1.5110725082 
-0.9480000000 	 -0.0342563541 	 1.7335019742 
-0.9465000000 	 0.1253141863 	 2.5837226370 
-0.9450000000 	 0.9826607008 	 2.4880264690 
-0.9435000000 	 0.9446907886 	 1.6278886055 
-0.9420000000 	 0.0792590434 	 1.6077705787 
-0.9405000000 	 -0.0059017942 	 2.4741371708 
-0.9390000000 	 0.8501144316 	 2.6241241236 
-0.9375000000 	 1.0574523537 	 1.7828409610 
-0.9360000000 	 0.2282727767 	 1.5190340032 
-0.9345000000 	 -0.0978058272 	 2.3318802350 
-0.9330000000 	 0.6875513980 	 2.7187854489 
-0.9315000000 	 1.1265082085 	 1.9649963743 
-0.9300000000 	 0.4011798158 	 1.4760597331 
-0.9285000000 	 -0.1424672632 	 2.1691721821 
-0.9270000000 	 0.5077407319 	 2.7649593596 
-0.9255000000 	 1.1457184563 	 2.1610997686 
-0.9240000000 	 0.5842977807 	 1.4840426219 
-0.9225000000 	 -0.1356723676 	 2.0000549384 
-0.9210000000 	 0.3250071920 	 2.7594376593 
-0.9195000000 	 1.1128928847 	 2.3566150746 
-0.9180000000 	 0.7629450849 	 1.5441406462 
-0.9165000000 	 -0.0773115527 	 1.8392819226 
-0.9150000000 	 0.1540946353 	 2.7031630663 
-0.9135000000 	 1.0300179772 	 2.5368825580 
-0.9120000000 	 0.9226132848 	 1.6533303059 
-0.9105000000 	 0.0285594164 	 1.7011365364 
-0.9090000000 	 0.0089812727 	 2.6012064540 
-0.9075000000 	 0.9031500335 	 2.6883008371 
-0.9060000000 	 1.0501403964 	 1.8045973520 
-0.9045000000 	 0.1739932956 	 1.5982734938 
-0.9030000000 	 -0.0982584761 	 2.4624109495 
-0.9015000000 	 0.7419787664 	 2.7994386981 
-0.9000000000 	 1.1347906848 	 1.9874517459 
-0.8985000000 	 0.3477425243 	 1.5406766021 
-0.8970000000 	 -0.1584532627 	 2.2987273040 
-0.8955000000 	 0.5590923162 	 2.8619862606 
-0.8940000000 	 1.1691527610 	 2.1887295224 
-0.8925000000 	 0.5361241311 	 1.5348184319 
-0.8910000000 	 -0.1661129574 	 2.1242901026 
-0.8895000000 	 0.3689990358 	 2.8714668219 
-0.8880000000 	 1.1497813125 	 2.3936206721 
-0.8865000000 	 0.7240922571 	 1.5830921616 
-0.8850000000 	 -0.1199201363 	 1.9543058632 
-0.8835000000 	 0.1869816821 	 2.8276489481 
-0.8820000000 	 1.0775274578 	 2.5868431936 
-0.8805000000 	 0.8964346159 	 1.6835648896 
-0.8790000000 	 -0.0228915925 	 1.8038401244 
-0.8775000000 	 0.0278741047 	 2.7346217182 
-0.8760000000 	 0.9575270545 	 2.7538706707 
-0.8745000000 	 1.0389981586 	 1.8300764885 
-0.8730000000 	 0.1178074590 	 1.6865998787 
-0.8715000000 	 -0.0951420680 	 2.6005226387 
-0.8700000000 	 0.7988434035 	 2.8821152230 
-0.8685000000 	 1.1398456223 	 2.0126805903 
-0.8670000000 	 0.2913861026 	 1.6138093400 
-0.8655000000 	 -0.1716235801 	 2.4369355506 
-0.8640000000 	 0.6137885482 	 2.9619699757 
-0.8625000000 	 1.1902489136 	 2.2183967302 
-0.8610000000 	 0.4842497535 	 1.5932708174 
-0.8595000000 	 -0.1947455130 	 2.2580026206 
-0.8580000000 	 0.4169735338 	 2.9876252321 
-0.8565000000 	 1.1854371533 	 2.4322172379 
-0.8550000000 	 0.6810593092 	 1.6286887937 
-0.8535000000 	 -0.1619014438 	 2.0793180909 
-0.8520000000 	 0.2241604670 	 2.9575895908 
-0.8505000000 	 1.1250358528 	 2.6382912257 
-0.8490000000 	 0.8659453318 	 1.7193151802 
-0.8475000000 	 -0.0749716974 	 1.9166899188 
-0.8460000000 	 0.0510061251 	 2.8748700601 
-0.8445000000 	 1.0131576756 	 2.8211927402 
-0.8430000000 	 1.0237816019 	 1.8599486674 
-0.8415000000 	 0.0597664177 	 1.7848672186 
-0.8400000000 	 -0.0882032007 	 2.7467920256 
-0.8385000000 	 0.8581327265 	 2.9671721191 
-0.8370000000 	 1.1414163147 	 2.0412930630 
-0.8355000000 	 0.2320840615 	 1.6963354972 
-0.8340000000 	 -0.1817238890 	 2.5844686293 
-0.8325000000 	 0.6718951317 	 3.0652895764 
-0.8310000000 	 1.2087612144 	 2.2506507043 
-0.8295000000 	 0.4285710409 	 1.6602776112 
-0.8280000000 	 -0.2213385424 	 2.4019574393 
-0.8265000000 	 0.4690705424 	 3.1083381241 
-0.8250000000 	 1.2196490119 	 2.4728997655 
-0.8235000000 	 0.6336732194 	 1.6817863974 
-0.8220000000 	 -0.2030691105 	 2.2151679554 
-0.8205000000 	 0.2658338536 	 3.0934785965 
-0.8190000000 	 1.1723868311 	 2.6916807454 
-0.8175000000 	 0.8309173787 	 1.7613958793 
-0.8160000000 	 -0.1275583853 	 2.0406044064 
-0.8145000000 	 0.0786258689 	 3.0225316208 
-0.8130000000 	 1.0699568563 	 2.8906995646 
-0.8115000000 	 1.0042275741 	 1.8949732730 
-0.8100000000 	 -0.0000844817 	 1.8940427202 
-0.8085000000 	 -0.0771697786 	 2.9018981810 
-0.8070000000 	 0.9198430360 	 3.0550440316 
-0.8055000000 	 1.1392283218 	 2.0739856053 
-0.8040000000 	 0.1697980781 	 1.7892472234 
-0.8025000000 	 -0.1884835186 	 2.7421098836 
-0.8010000000 	 0.7334924574 	 3.1724079039 
-0.7995000000 	 1.2244295368 	 2.2861248351 
-0.7980000000 	 0.3689671317 	 1.7368309340 
-0.7965000000 	 -0.2456484335 	 2.5570398130 
-0.7950000000 	 0.5254494961 	 3.2341226966 
-0.7935000000 	 1.2521961475 	 2.5162463273 
-0.7920000000 	 0.5817394971 	 1.7433532461 
-0.7905000000 	 -0.2432305021 	 2.3628325862 
-0.7890000000 	 0.3122276891 	 3.2359114144 
-0.7875000000 	 1.2194212297 	 2.7475496926 
-0.7860000000 	 0.7910987592 	 1.8107310751 
-0.7845000000 	 -0.1805299187 	 2.1766356293 
-0.7830000000 	 0.1110062972 	 3.1782994918 
-0.7815000000 	 1.1278441556 	 2.9629105056 
-0.7800000000 	 0.9800486536 	 1.9360154410 
-0.7785000000 	 -0.0617083201 	 2.0152308614 
-0.7770000000 	 -0.0617461268 	 3.0666448379 
-0.7755000000 	 0.9839829317 	 3.1462579545 
-0.7740000000 	 1.1329849899 	 2.1115568582 
-0.7725000000 	 0.1044738439 	 1.8936754225 
-0.7710000000 	 -0.1916114860 	 2.9107789282 
-0.7695000000 	 0.7986804454 	 3.2838882507 
-0.7680000000 	 1.2369759986 	 2.3255520013 
-0.7665000000 	 0.3052944688 	 1.8240609559 
-0.7650000000 	 -0.2674168538 	 2.7242820232 
-0.7635000000 	 0.5862953644 	 3.3656071557 
-0.7620000000 	 1.2828467102 	 2.5629333720 
-0.7605000000 	 0.5250358355 	 1.8144930522 
-0.7590000000 	 -0.2821858495 	 2.5234453294 
-0.7575000000 	 0.3635974308 	 3.3856071292 
-0.7560000000 	 1.2659771650 	 2.8065355631 
-0.7545000000 	 0.7462067808 	 1.8683762919 
-0.7530000000 	 -0.2337664482 	 2.3259988589 
-0.7515000000 	 0.1484515448 	 3.3430045038 
-0.7500000000 	 1.1867458857 	 3.0384484997 
-0.7485000000 	 0.9509265782 	 1.9840670622 
-0.7470000000 	 -0.1250797799 	 2.1497037540 
-0.7455000000 	 -0.0416067347 	 3.2419882713 
-0.7440000000 	 1.0505775010 	 3.2414516610 
-0.7425000000 	 1.1223616864 	 2.1549277249 
-0.7410000000 	 0.0360359283 	 2.0109202299 
-0.7395000000 	 -0.1907913563 	 3.0915625273 
-0.7380000000 	 0.8675845764 	 3.4004151663 
-0.7365000000 	 1.2461006135 	 2.3697839881 
-0.7350000000 	 0.2373799904 	 1.9232659477 
-0.7335000000 	 -0.2863673098 	 2.9048969793 
-0.7320000000 	 0.6518261423 	 3.5035545147 
-0.7305000000 	 1.3113553489 	 2.6137549864 
-0.7290000000 	 0.4633041005 	 1.8964741413 
-0.7275000000 	 -0.3197269885 	 2.6983316170 
-0.7260000000 	 0.4202365424 	 3.5434357672 
-0.7245000000 	 1.3118900080 	 2.8693951686 
-0.7230000000 	 0.6959194698 	 1.9355464800 
-0.7215000000 	 -0.2871512601 	 2.4901101382 
-0.7200000000 	 0.1913055302 	 3.5176463852 
-0.7185000000 	 1.2465976853 	 3.1180611048 
-0.7170000000 	 0.9165038286 	 2.0402734758 
-0.7155000000 	 -0.1901890270 	 2.2989396652 
-0.7140000000 	 -0.0163882115 	 3.4290724514 
-0.7125000000 	 1.1196735071 	 3.3413968981 
-0.7110000000 	 1.1069983525 	 2.2051668844 
-0.7095000000 	 -0.0356186343 	 2.1424897837 
-0.7080000000 	 -0.1856745662 	 3.2857536537 
-0.7065000000 	 0.9403634666 	 3.5228206734 
-0.7050000000 	 1.2514756018 	 2.4198161860 
-0.7035000000 	 0.1650125351 	 2.0359506043 
-0.7020000000 	 -0.3022005953 	 3.1003208510 
-0.7005000000 	 0.7223023439 	 3.6488926482 
-0.6990000000 	 1.3374599846 	 2.6696473896 
-0.6975000000 	 0.3962401401 	 1.9907667385 
-0.6960000000 	 -0.3556355684 	 2.8890546174 
-0.6945000000 	 0.4824872107 	 3.7104528647 
-0.6930000000 	 1.3569921673 	 2.9370297586 
-0.6915000000 	 0.6398645784 	 2.0136518582 
-0.6900000000 	 -0.3405721865 	 2.6706342037 
-0.6885000000 	 0.2399630180 	 3.7034333219 
-0.6870000000 	 1.3073476360 	 3.2026472565 
-0.6855000000 	 0.8763727791 	 2.1059677041 
-0.6840000000 	 -0.2570465127 	 2.4646723310 
-0.6825000000 	 0.0143211235 	 3.6292738111 
-0.6810000000 	 1.1913458822 	 3.4470288947 
-0.6795000000 	 1.0864898279 	 2.2635235483 
-0.6780000000 	 -0.1106284308 	 2.2901499935 
-0.6765000000 	 -0.1758717076 	 3.4949013812 
-0.6750000000 	 1.0172184760 	 3.6521176692 
-0.6735000000 	 1.2527379164 	 2.4768193211 
-0.6720000000 	 0.0879318939 	 2.1638753670 
-0.6705000000 	 -0.3145887571 	 3.3122676959 
-0.6690000000 	 0.7980391431 	 3.8027526585 
-0.6675000000 	 1.3608774649 	 2.7317204085 
-0.6660000000 	 0.3234807078 	 2.0990910736 
-0.6645000000 	 -0.3896805402 	 3.0974739082 
-0.6630000000 	 0.5507541426 	 3.8879437114 
-0.6615000000 	 1.4011126033 	 3.0105173085 
-0.6600000000 	 0.5776053881 	 2.1043442563 
-0.6585000000 	 -0.3939232174 	 2.8695462615 
-0.6570000000 	 0.2948839491 	 3.9018327307 
-0.6555000000 	 1.3689600844 	 3.2932916713 
-0.6540000000 	 0.8300615995 	 2.1827147992 
-0.6525000000 	 -0.3256889873 	 2.6489547124 
-0.6510000000 	 0.0509948133 	 3.8442588729 
-0.6495000000 	 1.2657059520 	 3.5594843366 
-0.6480000000 	 1.0603731895 	 2.3314699577 
-0.6465000000 	 -0.1891779817 	 2.4559890691 
-0.6450000000 	 -0.1609410699 	 3.7208753079 
-0.6435000000 	 1.0984060261 	 3.7895429761 
-0.6420000000 	 1.2494793632 	 2.5421806633 
-0.6405000000 	 0.0058147158 	 2.3091205504 
-0.6390000000 	 -0.3231670547 	 3.5428002136 
-0.6375000000 	 0.8794220616 	 3.9665184314 
-0.6360000000 	 1.3812976958 	 2.8012983862 
-0.6345000000 	 0.2445865132 	 2.2234800892 
-0.6330000000 	 -0.4216146586 	 3.3258217055 
-0.6315000000 	 0.6255225057 	 4.0774806386 
-0.6300000000 	 1.4440759594 	 3.0911545069 
-0.6285000000 	 0.5086221976 	 2.2095776724 
-0.6270000000 	 -0.4471063643 	 3.0892124949 
-0.6255000000 	 0.3566121843 	 4.1146371894 
-0.6240000000 	 1.4314203980 	 3.3913096186 
-0.6225000000 	 0.7770157628 	 2.2723699196 
-0.6210000000 	 -0.3961871324 	 2.8542423367 
-0.6195000000 	 0.0941861254 	 4.0760593058 
-0.6180000000 	 1.3429119835 	 3.6801508425 
-0.6165000000 	 1.0281110313 	 2.4107571380 
-0.6150000000 	 -0.2715110524 	 2.6425021263 
-0.6135000000 	 -0.1403734450 	 3.9659497242 
-0.6120000000 	 1.1842535815 	 3.9366135236 
-0.6105000000 	 1.2412334358 	 2.6175581731 
-0.6090000000 	 -0.0817438484 	 2.4741706675 
-0.6075000000 	 -0.3275231698 	 3.7944224769 
-0.6060000000 	 0.9669274751 	 4.1418914494 
-0.6045000000 	 1.3983756789 	 2.8799739960 
-0.6030000000 	 0.1590199983 	 2.3663621337 
-0.6015000000 	 -0.4511696107 	 3.5768030882 
-0.6000000000 	 0.7073815223 	 4.2809981435 
-0.5985000000 	 1.4857011444 	 3.1805120465 
-0.5970000000 	 0.4322879103 	 2.3316883462 
-0.5955000000 	 -0.5000338391 	 3.3324962536 
-0.5940000000 	 0.4258002941 	 4.3440511438 
-0.5925000000 	 1.4947409739 	 3.4983059406 
-0.5910000000 	 0.7165735167 	 2.3771553116 
-0.5895000000 	 -0.4686553861 	 3.0835035750 
-0.5880000000 	 0.1445518183 	 4.3271709378 
-0.5865000000 	 1.4231829008 	 3.8107322806 
-0.5850000000 	 0.9890691459 	 2.5034889691 
-0.5835000000 	 -0.3579480664 	 2.8527034908 
-0.5820000000 	 -0.1135717660 	 4.2329150008 
-0.5805000000 	 1.2751806588 	 4.0952006596 
-0.5790000000 	 1.2274575925 	 2.7049525692 
-0.5775000000 	 -0.1752543667 	 2.6620267125 
-0.5760000000 	 -0.3271825855 	 4.0702030562 
-0.5745000000 	 1.0611497650 	 4.3309767202 
-0.5730000000 	 1.4117206154 	 2.9696799806 
-0.5715000000 	 0.0661158264 	 2.5306714106 
-0.5700000000 	 -0.4780492066 	 3.8537295158 
-0.5685000000 	 0.7970558959 	 4.5008927600 
-0.5670000000 	 1.5257991148 	 3.2805084342 
-0.5655000000 	 0.3478354283 	 2.4735020250 
-0.5640000000 	 -0.5526306319 	 3.6028999914 
-0.5625000000 	 0.5032427668 	 4.5928065262 
-0.5610000000 	 1.5589689488 	 3.6162539575 
-0.5595000000 	 0.6479329381 	 2.4997637259 
-0.5580000000 	 -0.5432647830 	 3.3403675437 
-0.5565000000 	 0.2028841658 	 4.6006862111 
-0.5550000000 	 1.5068163832 	 3.9533362394 
-0.5535000000 	 0.9424863574 	 2.6122219435 
-0.5520000000 	 -0.4489092168 	 3.0902778307 
-0.5505000000 	 -0.0798234785 	 4.5252271023 
-0.5490000000 	 1.3717268450 	 4.2676298788 
-0.5475000000 	 1.2075091054 	 2.8068046118 
-0.5460000000 	 -0.2753655443 	 2.8763577775 
-0.5445000000 	 -0.3215885420 	 4.3739408583 
-0.5430000000 	 1.1628377873 	 4.5363983940 
-0.5415000000 	 1.4208808363 	 3.0727861841 
-0.5400000000 	 -0.0349588719 	 2.7199976187 
-0.5385000000 	 -0.5019197817 	 4.1606993016 
-0.5370000000 	 0.8954482759 	 4.7401578323 
-0.5355000000 	 1.5641694699 	 3.3935100063 
-0.5340000000 	 0.2543134768 	 2.6384797684 
-0.5325000000 	 -0.6048375879 	 3.9047578126 
-0.5310000000 	 0.5899211338 	 4.8643192848 
-0.5295000000 	 1.6241962587 	 3.7476025802 
-0.5280000000 	 0.5701070385 	 2.6434994285 
-0.5265000000 	 -0.6202600074 	 3.6293254711 
-0.5250000000 	 0.2701547336 	 4.9004741240 
-0.5235000000 	 1.5942131346 	 4.1105930158 
-0.5220000000 	 0.8874331540 	 2.7401015906 
-0.5205000000 	 -0.5449456312 	 3.3597866760 
-0.5190000000 	 -0.0382625077 	 4.8472114340 
-0.5175000000 	 1.4745897601 	 4.4568168147 
-0.5160000000 	 1.1806116761 	 2.9261284980 
-0.5145000000 	 -0.3829083036 	 3.1217089958 
-0.5130000000 	 -0.3100741657 	 4.7103920734 
-0.5115000000 	 1.2729446393 	 4.7614578701 
-0.5100000000 	 1.4253226769 	 3.1922329246 
-0.5085000000 	 -0.1452589102 	 2.9387919389 
-0.5070000000 	 -0.5223965113 	 4.5028455290 
-0.5055000000 	 1.0036975623 	 5.0025684096 
-0.5040000000 	 1.6005952504 	 3.5224687060 
-0.5025000000 	 0.1505257801 	 2.8309193829 
-0.5010000000 	 -0.6566151063 	 4.2435009986 
-0.4995000000 	 0.6870662954 	 5.1629048796 
-0.4980000000 	 1.6905729911 	 3.8954241939 
-0.4965000000 	 0.4818615829 	 2.8124737001 
-0.4950000000 	 -0.6999824381 	 3.9560094851 
-0.4935000000 	 0.3475752157 	 5.2314288851 
-0.4920000000 	 1.6859099941 	 4.2858202903 
-0.4905000000 	 0.8227540187 	 2.8910522492 
-0.4890000000 	 -0.6467821318 	 3.6669554873 
-0.4875000000 	 0.0121839727 	 5.2043456313 
-0.4860000000 	 1.5846774007 	 4.6664559723 
-0.4845000000 	 1.1458085165 	 3.0666979973 
-0.4830000000 	 -0.4989567864 	 3.4037917620 
-0.4815000000 	 -0.2918230659 	 5.0855862835 
-0.4800000000 	 1.3926967882 	 5.0103539181 
-0.4785000000 	 1.4244003748 	 3.3317176263 
-0.4770000000 	 -0.2661368547 	 3.1926556925 
-0.4755000000 	 -0.5390235949 	 4.8866828030 
-0.4740000000 	 1.1232604147 	 5.2929395768 
-0.4725000000 	 1.6348349526 	 3.6711153939 
-0.4710000000 	 0.0349457862 	 3.0562388406 
-0.4695000000 	 -0.7079475920 	 4.6260309765 
-0.4680000000 	 0.7962461914 	 5.4940805308 
-0.4665000000 	 1.7583254310 	 4.0636226961 
-0.4650000000 	 0.3816273618 	 3.0118809914 
-0.4635000000 	 -0.7829018729 	 4.3275859131 
-0.4620000000 	 0.4366835678 	 5.5998200998 
-0.4605000000 	 1.7826259793 	 4.4832554444 
-0.4590000000 	 0.7469855071 	 3.0700461510 
-0.4575000000 	 -0.7553770356 	 4.0190804329 
-0.4560000000 	 0.0728714747 	 5.6036595345 
-0.4545000000 	 1.7031817243 	 4.9012878293 
-0.4530000000 	 1.1018951318 	 3.2333113227 
-0.4515000000 	 -0.6249144341 	 3.7298968209 
-0.4500000000 	 -0.2658125434 	 5.5072755609 
-0.4485000000 	 1.5236920099 	 5.2884953187 
-0.4470000000 	 1.4173123450 	 3.4959612815 
-0.4455000000 	 -0.3993507779 	 3.4887530691 
-0.4440000000 	 -0.5512450172 	 5.3206021547 
-0.4425000000 	 1.2560275255 	 5.6174948231 
-0.4410000000 	 1.6666101134 	 3.8442367103 
-0.4395000000 	 -0.0944053582 	 3.3213833516 
-0.4380000000 	 -0.7588487684 	 5.0612541585 
-0.4365000000 	 0.9194917063 	 5.8649980670 
-0.4350000000 	 1.8277809177 	 4.2572323797 
-0.4335000000 	 0.2673738020 	 3.2483973350 
-0.4320000000 	 -0.8696610955 	 4.7533220106 
-0.4305000000 	 0.5394685785 	 6.0137965675 
-0.4290000000 	 1.8853276644 	 4.7083904251 
-0.4275000000 	 0.6582373482 	 3.2834933131 
-0.4260000000 	 -0.8720075816 	 4.4256174389 
-0.4245000000 	 0.1455489052 	 6.0543133743 
-0.4230000000 	 1.8316843563 	 5.1674852447 
-0.4215000000 	 1.0473208793 	 3.4321764984 
-0.4200000000 	 -0.7626381460 	 4.1094954748 
-0.4185000000 	 -0.2307298759 	 5.9855869044 
-0.4170000000 	 1.6680412707 	 5.6029549946 
-0.4155000000 	 1.4030362115 	 3.6910976328 
-0.4140000000 	 -0.5472209010 	 3.8364148738 
-0.4125000000 	 -0.5583604077 	 5.8155937320 
-0.4110000000 	 1.4044933310 	 5.9844035224 
-0.4095000000 	 1.6955856407 	 4.0480809335 
-0.4080000000 	 -0.2401375106 	 3.6354238906 
-0.4065000000 	 -0.8093678378 	 5.5608671008 
-0.4050000000 	 1.0594817943 	 6.2850785520 
-0.4035000000 	 1.8994027783 	 4.4828576677 
-0.4020000000 	 0.1364224843 	 3.5307691188 
-0.4005000000 	 -0.9611398814 	 5.2454224786 
-0.3990000000 	 0.6585544569 	 6.4841287414 
-0.3975000000 	 1.9953241965 	 4.9684663077 
-0.3960000000 	 0.5540155796 	 3.5398205783 
-0.3945000000 	 -0.9983948939 	 4.8990565231 
-0.3930000000 	 0.2325240757 	 6.5684544820 
-0.3915000000 	 1.9723121846 	 5.4732265466 
-0.3900000000 	 0.9800410812 	 3.6714864030 
-0.3885000000 	 -0.9146218384 	 4.5551370648 
-0.3870000000 	 -0.1848456676 	 6.5339944297 
-0.3855000000 	 1.8285795196 	 5.9631466833 
-0.3840000000 	 1.3802296892 	 3.9252565220 
-0.3825000000 	 -0.7128632115 	 4.2480450401 
-0.3810000000 	 -0.5594565715 	 6.3863299809 
-0.3795000000 	 1.5720102598 	 6.4045859047 
-0.3780000000 	 1.7213378473 	 4.2909689411 
-0.3765000000 	 -0.4057602538 	 4.0104611388 
-0.3750000000 	 -0.8595961144 	 6.1405404326 
-0.3735000000 	 1.2198231173 	 6.7669680131 
-0.3720000000 	 1.9738404749 	 4.7493378983 
-0.3705000000 	 -0.0148356355 	 3.8707074917 
-0.3690000000 	 -1.0585491966 	 5.8202986988 
-0.3675000000 	 0.7974820965 	 7.0253334406 
-0.3660000000 	 2.1144090419 	 5.2732243137 
-0.3645000000 	 0.4309518949 	 3.8503562814 
-0.3630000000 	 -1.1368917487 	 5.4562569094 
-0.3615000000 	 0.3369184164 	 7.1625231188 
-0.3600000000 	 2.1279728103 	 5.8295700448 
-0.3585000000 	 0.8972882086 	 3.9623021852 
-0.3570000000 	 -1.0842755722 	 5.0838284325 
-0.3555000000 	 -0.1258163399 	 7.1708108148 
-0.3540000000 	 2.0091880256 	 6.3818630848 
-0.3525000000 	 1.3470746040 	 4.2094647895 
-0.3510000000 	 -0.9005482388 	 4.7405233064 
-0.3495000000 	 -0.5532978029 	 7.0528385491 
-0.3480000000 	 1.7631812260 	 6.8929553460 
-0.3465000000 	 1.7433008301 	 4.5842425247 
-0.3450000000 	 -0.5960994693 	 4.4630336695 
-0.3435000000 	 -0.9096727549 	 6.8217601089 
-0.3420000000 	 1.4054858096 	 7.3280218205 
-0.3405000000 	 2.0520032305 	 5.0687843657 
-0.3390000000 	 -0.1913828080 	 4.2842911572 
-0.3375000000 	 -1.1635736488 	 6.5005568829 
-0.3360000000 	 0.9611517571 	 7.6574325885 
-0.3345000000 	 2.2450777984 	 5.6360835237 
-0.3330000000 	 0.2843755989 	 4.2307270583 
-0.3315000000 	 -1.2907734659 	 6.1205539193 
-0.3300000000 	 0.4630724545 	 7.8593091099 
-0.3285000000 	 2.3027223389 	 6.2518332363 
-0.3270000000 	 0.7952054328 	 4.3199571595 
-0.3255000000 	 -1.2763639873 	 5.7192274365 
-0.3240000000 	 -0.0503649646 	 7.9215539537 
-0.3225000000 	 2.2153040096 	 6.8769234605 
-0.3210000000 	 1.3010223112 	 4.5590868634 
-0.3195000000 	 -1.1162710739 	 5.3374531033 
-0.3180000000 	 -0.5381433152 	 7.8431777100 
-0.3165000000 	 1.9844870168 	 7.4704035800 
-0.3150000000 	 1.7606729590 	 4.9437898898 
-0.3135000000 	 -0.8179664146 	 5.0163926155 
-0.3120000000 	 -0.9597855569 	 7.6347960830 
-0.3105000000 	 1.6235076796 	 7.9926945125 
-0.3090000000 	 2.1351706836 	 5.4582584959 
-0.3075000000 	 -0.4002932869 	 4.7942504600 
-0.3060000000 	 -1.2785935828 	 7.3182307016 
-0.3045000000 	 1.1565467747 	 8.4088073844 
-0.3030000000 	 2.3908744779 	 6.0760585596 
-0.3015000000 	 0.1076099390 	 4.7031502291 
-0.3000000000 	 -1.4647047710 	 6.9252146581 
-0.2985000000 	 0.6172175291 	 8.6913176750 
-0.2970000000 	 2.5023615267 	 6.7618537689 
-0.2955000000 	 0.6682353888 	 4.7663786342 
-0.2940000000 	 -1.4977214927 	 6.4952732286 
-0.2925000000 	 0.0462567272 	 8.8228545610 
-0.2910000000 	 2.4547585039 	 7.4738947246 
-0.2895000000 	 1.2383597470 	 4.9962250165 
-0.2880000000 	 -1.3686938033 	 6.0729163656 
-0.2865000000 	 -0.5114291045 	 8.7978948259 
-0.2850000000 	 2.2453311592 	 8.1671062345 
-0.2835000000 	 1.7722459192 	 5.3926056906 
-0.2820000000 	 -1.0812782183 	 5.7043372457 
-0.2805000000 	 -1.0101556562 	 8.6236974127 
-0.2790000000 	 1.8841822398 	 8.7965544147 
-0.2775000000 	 2.2251631542 	 5.9426082889 
-0.2760000000 	 -0.6519530423 	 5.4338557588 
-0.2745000000 	 -1.4070434632 	 8.3202754210 
-0.2730000000 	 1.3939713905 	 9.3210386496 
-0.2715000000 	 2.5569642478 	 6.6210250899 
-0.2700000000 	 -0.1092392268 	 5.3003735676 
-0.2685000000 	 -1.6655206711 	 7.9193728634 
-0.2670000000 	 0.8086428611 	 9.7065352278 
-0.2655000000 	 2.7354451354 	 7.3918707782 
-0.2640000000 	 0.5080497099 	 5.3341156553 
-0.2625000000 	 -1.7584722332 	 7.4624887450 
-0.2610000000 	 0.1712224093 	 9.9292214753 
-0.2595000000 	 2.7392193623 	 8.2108045701 
-0.2580000000 	 1.1534300247 	 5.5539209214 
-0.2565000000 	 -1.6707793808 	 6.9980654381 
-0.2550000000 	 -0.4691819114 	 9.9778318881 
-0.2535000000 	 2.5598676437 	 9.0283048055 
-0.2520000000 	 1.7760736214 	 5.9653117143 
-0.2505000000 	 -1.4010307392 	 6.5780262669 
-0.2490000000 	 -1.0609749403 	 9.8551400302 
-0.2475000000 	 2.2031695120 	 9.7933814634 
-0.2460000000 	 2.3246091725 	 6.5595210721 
-0.2445000000 	 -0.9622417488 	 6.2539033722 
-0.2430000000 	 -1.5540129951 	 9.5784191826 
-0.2415000000 	 1.6892869206 	 10.4575636231 
-0.2400000000 	 2.7511259684 	 7.3135901864 
-0.2385000000 	 -0.3814884533 	 6.0728367337 
-0.2370000000 	 -1.9035981750 	 9.1788069877 
-0.2355000000 	 1.0518444033 	 10.9788686867 
-0.2340000000 	 3.0150827971 	 8.1915717353 
-0.2325000000 	 0.3015595532 	 6.0737452323 
-0.2310000000 	 -2.0742260667 	 8.6995795745 
-0.2295000000 	 0.3359317192 	 11.3254510350 
-0.2280000000 	 3.0868204971 	 9.1467926893 
-0.2265000000 	 1.0371397695 	 6.2839687495 
-0.2250000000 	 -2.0427920822 	 8.1934231446 
-0.2235000000 	 -0.4048630276 	 11.4786409906 
-0.2220000000 	 2.9503955872 	 10.1250489527 
-0.2205000000 	 1.7687836371 	 6.7166560350 
-0.2190000000 	 -1.8009914532 	 7.7188696624 
-0.2175000000 	 -1.1122051000 	 11.4351202117 
-0.2160000000 	 2.6054928295 	 11.0685298347 
-0.2145000000 	 2.4373704115 	 7.3691275767 
-0.2130000000 	 -1.3566984144 	 7.3361321734 
-0.2115000000 	 -1.7272994806 	 11.2080349535 
-0.2100000000 	 2.0682343492 	 11.9202085687 
-0.2085000000 	 2.9855709769 	 8.2223787365 
-0.2070000000 	 -0.7341781775 	 7.1026290133 
-0.2055000000 	 -2.1954125594 	 10.8269205440 
-0.2040000000 	 1.3707781830 	 12.6283908697 
-0.2025000000 	 3.3623652198 	 9.2418101601 
-0.2010000000 	 0.0269335667 	 7.0685203408 
-0.1995000000 	 -2.4703012159 	 10.3363940942 
-0.1980000000 	 0.5596847459 	 13.1510906146 
-0.1965000000 	 3.5272992962 	 10.3791853061 
-0.1950000000 	 0.8738602821 	 7.2725919940 
-0.1935000000 	 -2.5182159009 	 9.7936621221 
-0.1920000000 	 -0.3068802897 	 13.4599024742 
-0.1905000000 	 3.4541557743 	 11.5757250130 
-0.1890000000 	 1.7440102392 	 7.7388091202 
-0.1875000000 	 -2.3211631230 	 9.2649790286 
-0.1860000000 	 -1.1629502807 	 13.5430663618 
-0.1845000000 	 3.1337404190 	 12.7661628734 
-0.1830000000 	 2.5692006290 	 8.4738256444 
-0.1815000000 	 -1.8791551116 	 8.8212747243 
-0.1800000000 	 -1.9393332807 	 13.4074668023 
-0.1785000000 	 2.5755427369 	 13.8835092323 
-0.1770000000 	 3.2805098132 	 9.4656774058 
-0.1755000000 	 -1.2112379532 	 8.5332389984 
-0.1740000000 	 -2.5686585195 	 13.0793789444 
-0.1725000000 	 1.8081001010 	 14.8642117406 
-0.1710000000 	 3.8134318824 	 10.6838103925 
-0.1695000000 	 -0.3551701622 	 8.4662011192 
-0.1680000000 	 -2.9905480330 	 12.6038576029 
-0.1665000000 	 0.8779825704 	 15.6533614277 
-0.1650000000 	 4.1129739914 	 12.0805060243 
-0.1635000000 	 0.6342839123 	 8.6751715110 
-0.1620000000 	 -3.1565462045 	 12.0427608349 
-0.1605000000 	 -0.1525884625 	 16.2095787125 
-0.1590000000 	 4.1383280619 	 13.5936690690 
-0.1575000000 	 1.6883835617 	 9.2004156122 
-0.1560000000 	 -3.0344441129 	 11.4714986664 
-0.1545000000 	 -1.2093766190 	 16.5092255027 
-0.1530000000 	 3.8667657417 	 15.1508474263 
-0.1515000000 	 2.7286053725 	 10.0639073959 
-0.1500000000 	 -2.6116658640 	 10.9746938666 
-0.1485000000 	 -2.2108175931 	 16.5496276227 
-0.1470000000 	 3.2964484678 	 16.6742637769 
-0.1455000000 	 3.6717543405 	 11.2669626491 
-0.1440000000 	 -1.8974390625 	 10.6410283802 
-0.1425000000 	 -3.0734712670 	 16.3510545430 
-0.1410000000 	 2.4479107624 	 18.0865638511 
-0.1395000000 	 4.4356726313 	 12.7892829718 
-0.1380000000 	 -0.9235480362 	 10.5576201079 
-0.1365000000 	 -3.7178896965 	 15.9572874103 
-0.1350000000 	 1.3640604610 	 19.3169309978 
-0.1335000000 	 4.9451736126 	 14.5895553551 
-0.1320000000 	 0.2564384405 	 10.8043252586 
-0.1305000000 	 -4.0745110519 	 15.4347069766 
-0.1290000000 	 0.1086389729 	 20.3071869578 
-0.1275000000 	 5.1378010197 	 16.6076554347 
-0.1260000000 	 1.5694694342 	 11.4483882204 
-0.1245000000 	 -4.0891751350 	 14.8699446255 
-0.1230000000 	 -1.2368085772 	 21.0174980870 
-0.1215000000 	 4.9690127928 	 18.7684026826 
-0.1200000000 	 2.9267411617 	 12.5398626755 
-0.1185000000 	 -3.7278695343 	 14.3662564488 
-0.1170000000 	 -2.5772963945 	 21.4313372348 
-0.1155000000 	 4.4164169891 	 20.9867214450 
-0.1140000000 	 4.2286462540 	 14.1082059464 
-0.1125000000 	 -2.9803565076 	 14.0388970598 
-0.1110000000 	 -3.8098368479 	 21.5594154591 
-0.1095000000 	 3.4827420497 	 23.1739822574 
-0.1080000000 	 5.3706421015 	 16.1604079060 
-0.1065000000 	 -1.8623969281 	 14.0098832238 
-0.1050000000 	 -4.8296100539 	 21.4423957684 
-0.1035000000 	 2.1973025332 	 25.2452436544 
-0.1020000000 	 6.2496597868 	 18.6809649037 
-0.1005000000 	 -0.4163747154 	 14.4026478867 
-0.0990000000 	 -5.5364489688 	 21.1523352065 
-0.0975000000 	 0.6158194641 	 27.1270979057 
-0.0960000000 	 6.7706178876 	 21.6339626441 
-0.0945000000 	 1.2897733224 	 15.3372002237 
-0.0930000000 	 -5.8411738875 	 20.7929778924 
-0.0915000000 	 -1.1814344258 	 28.7658610095 
-0.0900000000 	 6.8525701726 	 24.9675142119 
-0.0885000000 	 3.1653101007 	 16.9265474728 
-0.0870000000 	 -5.6712759673 	 20.4992559085 
-0.0855000000 	 -3.0930771794 	 30.1359634604 
-0.0840000000 	 6.4340004304 	 28.6208535814 
-0.0825000000 	 5.1010204676 	 19.2753462711 
-0.0810000000 	 -4.9754204615 	 20.4366851778 
-0.0795000000 	 -5.0014451188 	 31.2486413690 
-0.0780000000 	 5.4767721975 	 32.5345938868 
-0.0765000000 	 6.9749154926 	 22.4821375415 
-0.0750000000 	 -3.7261879329 	 20.8018579146 
-0.0735000000 	 -6.7784975314 	 32.1614972891 
-0.0720000000 	 3.9682245909 	 36.6651990695 
-0.0705000000 	 8.6591217274 	 26.6473119434 
-0.0690000000 	 -1.9203254131 	 21.8261396703 
-0.0675000000 	 -8.2924055007 	 32.9904269895 
-0.0660000000 	 1.9208311286 	 41.0059974395 
-0.0645000000 	 10.0279106987 	 31.8907129740 
-0.0630000000 	 0.4246426649 	 23.7864904472 
-0.0615000000 	 -9.4143808813 	 33.9273718605 
-0.0600000000 	 -0.6313982078 	 45.6201463654 
-0.0585000000 	 10.9674244961 	 38.3869889690 
-0.0570000000 	 3.2798133170 	 27.0314144463 
-0.0555000000 	 -10.0253124976 	 35.2719603357 
-0.0540000000 	 -3.6412423737 	 50.6989033829 
-0.0525000000 	 11.3896788509 	 46.4378056208 
-0.0510000000 	 6.6264119451 	 32.0404530451 
-0.0495000000 	 -10.0219356546 	 37.4972952165 
-0.0480000000 	 -7.0646203442 	 56.6814838054 
-0.0465000000 	 11.2607000030 	 56.6326516177 
-0.0450000000 	 10.5085308257 	 39.5657297026 
-0.0435000000 	 -9.3242036491 	 41.4053887101 
-0.0420000000 	 -10.9029309828 	 64.5481543973 
-0.0405000000 	 10.6612771857 	 70.2785271137 
-0.0390000000 	 15.1767548221 	 51.0685396941 
-0.0375000000 	 -7.8292197432 	 48.6651769963 
-0.0360000000 	 -15.1274407526 	 76.7754646929 
-0.0345000000 	 10.3006615414 	 90.6688913955 
-0.0330000000 	 21.7848524110 	 69.8428507495 
-0.0315000000 	 -5.4207192120 	 63.4370720165 
-0.0300000000 	 -19.7540812825 	 101.3917591717 
-0.0285000000 	 13.9652572032 	 129.7411098785 
-0.0270000000 	 37.1373901468 	 108.3220066350 
-0.0255000000 	 1.2297038427 	 105.5108983038 
-0.0240000000 	 -12.3811559920 	 189.3300639445 
-0.0225000000 	 100.1763655981 	 272.8953436846 
-0.0210000000 	 268.8882806154 	 206.3766262853 
-0.0195000000 	 306.8810244244 	 14.0183141643 
-0.0180000000 	 175.1163636911 	 -109.5274303420 
-0.0165000000 	 41.2755680361 	 -69.1657066930 
-0.0150000000 	 28.3574841623 	 13.8875401339 
-0.0135000000 	 56.3185490001 	 18.9953072426 
-0.0120000000 	 21.4900413279 	 6.1871887877 
-0.0105000000 	 -16.3609266522 	 65.6979895359 
-0.0090000000 	 30.4958281021 	 128.4843093431 
-0.0075000000 	 79.5991252101 	 99.4800874960 
-0.0060000000 	 15.5678448662 	 79.4718575734 
-0.0045000000 	 -43.9981984301 	 228.7838709091 
-0.0030000000 	 136.3313711587 	 438.3118100604 
-0.0015000000 	 510.6176845441 	 387.9404067337 
0.0000000000 	 710.6640355182 	 0.0000000000 
0.0015000000 	 510.6176845441 	 -387.9404067337 
0.0030000000 	 136.3313711587 	 -438.3118100604 
0.0045000000 	 -43.9981984301 	 -228.7838709091 
0.0060000000 	 15.5678448662 	 -79.4718575734 
0.0075000000 	 79.5991252101 	 -99.4800874960 
0.0090000000 	 30.4958281020 	 -128.4843093431 
0.0105000000 	 -16.3609266522 	 -65.6979895359 
0.0120000000 	 21.4900413279 	 -6.1871887877 
0.0135000000 	 56.3185490001 	 -18.9953072426 
0.0150000000 	 28.3574841623 	 -13.8875401339 
0.0165000000 	 41.2755680361 	 69.1657066930 
0.0180000000 	 175.1163636911 	 109.5274303420 
0.0195000000 	 306.8810244244 	 -14.0183141643 
0.0210000000 	 268.8882806154 	 -206.3766262853 
0.0225000000 	 100.1763655981 	 -272.8953436846 
0.0240000000 	 -12.3811559920 	 -189.3300639445 
0.0255000000 	 1.2297038427 	 -105.5108983038 
0.0270000000 	 37.1373901468 	 -108.3220066350 
0.0285000000 	 13.9652572032 	 -129.7411098785 
0.0300000000 	 -19.7540812825 	 -101.3917591717 
0.0315000000 	 -5.4207192120 	 -63.4370720165 
0.0330000000 	 21.7848524110 	 -69.8428507495 
0.0345000000 	 10.3006615414 	 -90.6688913955 
0.0360000000 	 -15.1274407526 	 -76.7754646929 
0.0375000000 	 -7.8292197432 	 -48.6651769963 
0.0390000000 	 15.1767548221 	 -51.0685396941 
0.0405000000 	 10.6612771857 	 -70.2785271137 
0.0420000000 	 -10.9029309828 	 -64.5481543973 
0.0435000000 	 -9.3242036491 	 -41.4053887101 
0.0450000000 	 10.5085308257 	 -39.5657297026 
0.0465000000 	 11.2607000030 	 -56.6326516177 
0.0480000000 	 -7.0646203442 	 -56.6814838054 
0.0495000000 	 -10.0219356545 	 -37.4972952165 
0.0510000000 	 6.6264119451 	 -32.0404530451 
0.0525000000 	 11.3896788509 	 -46.4378056208 
0.0540000000 	 -3.6412423737 	 -50.6989033829 
0.0555000000 	 -10.0253124976 	 -35.2719603357 
0.0570000000 	 3.2798133170 	 -27.0314144463 
0.0585000000 	 10.9674244961 	 -38.3869889690 
0.0600000000 	 -0.6313982078 	 -45.6201463654 
0.0615000000 	 -9.4143808813 	 -33.9273718605 
0.0630000000 	 0.4246426649 	 -23.7864904472 
0.0645000000 	 10.0279106987 	 -31.8907129740 
0.0660000000 	 1.9208311286 	 -41.0059974395 
0.0675000000 	 -8.2924055007 	 -32.9904269895 
0.0690000000 	 -1.9203254131 	 -21.8261396703 
0.0705000000 	 8.6591217274 	 -26.6473119434 
0.0720000000 	 3.9682245909 	 -36.6651990695 
0.0735000000 	 -6.7784975314 	 -32.1614972891 
0.0750000000 	 -3.7261879329 	 -20.8018579146 
0.0765000000 	 6.9749154926 	 -22.4821375415 
0.0780000000 	 5.4767721975 	 -32.5345938868 
0.0795000000 	 -5.0014451188 	 -31.2486413690 
0.0810000000 	 -4.9754204615 	 -20.4366851778 
0.0825000000 	 5.1010204676 	 -19.2753462711 
0.0840000000 	 6.4340004304 	 -28.6208535814 
0.0855000000 	 -3.0930771794 	 -30.1359634604 
0.0870000000 	 -5.6712759673 	 -20.4992559085 
0.0885000000 	 3.1653101007 	 -16.9265474728 
0.0900000000 	 6.8525701726 	 -24.9675142119 
0.0915000000 	 -1.1814344258 	 -28.7658610095 
0.0930000000 	 -5.8411738875 	 -20.7929778924 
0.0945000000 	 1.2897733224 	 -15.3372002237 
0.0960000000 	 6.7706178876 	 -21.6339626441 
0.0975000000 	 0.6158194641 	 -27.1270979057 
0.0990000000 	 -5.5364489688 	 -21.1523352065 
0.1005000000 	 -0.4163747154 	 -14.4026478867 
0.1020000000 	 6.2496597868 	 -18.6809649037 
0.1035000000 	 2.1973025332 	 -25.2452436544 
0.1050000000 	 -4.8296100539 	 -21.4423957684 
0.1065000000 	 -1.8623969281 	 -14.0098832238 
0.1080000000 	 5.3706421015 	 -16.1604079060 
0.1095000000 	 3.4827420497 	 -23.1739822574 
0.1110000000 	 -3.8098368479 	 -21.5594154591 
0.1125000000 	 -2.9803565076 	 -14.0388970598 
0.1140000000 	 4.2286462540 	 -14.1082059464 
0.1155000000 	 4.4164169891 	 -20.9867214450 
0.1170000000 	 -2.5772963945 	 -21.4313372348 
0.1185000000 	 -3.7278695343 	 -14.3662564488 
0.1200000000 	 2.9267411617 	 -12.5398626755 
0.1215000000 	 4.9690127928 	 -18.7684026826 
0.1230000000 	 -1.2368085772 	 -21.0174980870 
0.1245000000 	 -4.0891751350 	 -14.8699446255 
0.1260000000 	 1.5694694342 	 -11.4483882204 
0.1275000000 	 5.1378010197 	 -16.6076554347 
0.1290000000 	 0.1086389729 	 -20.3071869578 
0.1305000000 	 -4.0745110519 	 -15.4347069766 
0.1320000000 	 0.2564384405 	 -10.8043252586 
0.1335000000 	 4.9451736126 	 -14.5895553551 
0.1350000000 	 1.3640604610 	 -19.3169309978 
0.1365000000 	 -3.7178896965 	 -15.9572874103 
0.1380000000 	 -0.9235480362 	 -10.5576201079 
0.1395000000 	 4.4356726313 	 -12.7892829718 
0.1410000000 	 2.4479107624 	 -18.0865638511 
0.1425000000 	 -3.0734712670 	 -16.3510545430 
0.1440000000 	 -1.8974390625 	 -10.6410283802 
0.1455000000 	 3.6717543405 	 -11.2669626491 
0.1470000000 	 3.2964484678 	 -16.6742637769 
0.1485000000 	 -2.2108175931 	 -16.5496276227 
0.1500000000 	 -2.6116658640 	 -10.9746938666 
0.1515000000 	 2.7286053725 	 -10.0639073959 
0.1530000000 	 3.8667657417 	 -15.1508474263 
0.1545000000 	 -1.2093766190 	 -16.5092255027 
0.1560000000 	 -3.0344441129 	 -11.4714986664 
0.1575000000 	 1.6883835617 	 -9.2004156122 
0.1590000000 	 4.1383280619 	 -13.5936690690 
0.1605000000 	 -0.1525884625 	 -16.2095787125 
0.1620000000 	 -3.1565462045 	 -12.0427608349 
0.1635000000 	 0.6342839123 	 -8.6751715110 
0.1650000000 	 4.1129739914 	 -12.0805060243 
0.1665000000 	 0.8779825704 	 -15.6533614277 
0.1680000000 	 -2.9905480330 	 -12.6038576029 
0.1695000000 	 -0.3551701622 	 -8.4662011192 
0.1710000000 	 3.8134318824 	 -10.6838103925 
0.1725000000 	 1.8081001010 	 -14.8642117406 
0.1740000000 	 -2.5686585195 	 -13.0793789444 
0.1755000000 	 -1.2112379532 	 -8.5332389984 
0.1770000000 	 3.2805098132 	 -9.4656774058 
0.1785000000 	 2.5755427369 	 -13.8835092323 
0.1800000000 	 -1.9393332807 	 -13.4074668023 
0.1815000000 	 -1.8791551116 	 -8.8212747243 
0.1830000000 	 2.5692006290 	 -8.4738256444 
0.1845000000 	 3.1337404190 	 -12.7661628734 
0.1860000000 	 -1.1629502807 	 -13.5430663618 
0.1875000000 	 -2.3211631230 	 -9.2649790286 
0.1890000000 	 1.7440102392 	 -7.7388091202 
0.1905000000 	 3.4541557743 	 -11.5757250130 
0.1920000000 	 -0.3068802897 	 -13.4599024742 
0.1935000000 	 -2.5182159009 	 -9.7936621221 
0.1950000000 	 0.8738602821 	 -7.2725919940 
0.1965000000 	 3.5272992962 	 -10.3791853061 
0.1980000000 	 0.5596847459 	 -13.1510906146 
0.1995000000 	 -2.4703012159 	 -10.3363940942 
0.2010000000 	 0.0269335667 	 -7.0685203408 
0.2025000000 	 3.3623652198 	 -9.2418101601 
0.2040000000 	 1.3707781830 	 -12.6283908697 
0.2055000000 	 -2.1954125594 	 -10.8269205440 
0.2070000000 	 -0.7341781775 	 -7.1026290133 
0.2085000000 	 2.9855709769 	 -8.2223787365 
0.2100000000 	 2.0682343492 	 -11.9202085687 
0.2115000000 	 -1.7272994806 	 -11.2080349535 
0.2130000000 	 -1.3566984144 	 -7.3361321734 
0.2145000000 	 2.4373704115 	 -7.3691275767 
0.2160000000 	 2.6054928295 	 -11.0685298347 
0.2175000000 	 -1.1122051000 	 -11.4351202117 
0.2190000000 	 -1.8009914532 	 -7.7188696624 
0.2205000000 	 1.7687836371 	 -6.7166560350 
0.2220000000 	 2.9503955872 	 -10.1250489527 
0.2235000000 	 -0.4048630276 	 -11.4786409906 
0.2250000000 	 -2.0427920822 	 -8.1934231446 
0.2265000000 	 1.0371397695 	 -6.2839687495 
0.2280000000 	 3.0868204971 	 -9.1467926893 
0.2295000000 	 0.3359317192 	 -11.3254510350 
0.2310000000 	 -2.0742260667 	 -8.6995795744 
0.2325000000 	 0.3015595532 	 -6.0737452323 
0.2340000000 	 3.0150827971 	 -8.1915717353 
0.2355000000 	 1.0518444033 	 -10.9788686867 
0.2370000000 	 -1.9035981750 	 -9.1788069877 
0.2385000000 	 -0.3814884533 	 -6.0728367337 
0.2400000000 	 2.7511259684 	 -7.3135901864 
0.2415000000 	 1.6892869206 	 -10.4575636231 
0.2430000000 	 -1.5540129951 	 -9.5784191826 
0.2445000000 	 -0.9622417488 	 -6.2539033722 
0.2460000000 	 2.3246091725 	 -6.5595210721 
0.2475000000 	 2.2031695120 	 -9.7933814634 
0.2490000000 	 -1.0609749403 	 -9.8551400302 
0.2505000000 	 -1.4010307392 	 -6.5780262669 
0.2520000000 	 1.7760736214 	 -5.9653117143 
0.2535000000 	 2.5598676437 	 -9.0283048055 
0.2550000000 	 -0.4691819114 	 -9.9778318881 
0.2565000000 	 -1.6707793808 	 -6.9980654381 
0.2580000000 	 1.1534300247 	 -5.5539209214 
0.2595000000 	 2.7392193623 	 -8.2108045701 
0.2610000000 	 0.1712224093 	 -9.9292214753 
0.2625000000 	 -1.7584722332 	 -7.4624887450 
0.2640000000 	 0.5080497099 	 -5.3341156553 
0.2655000000 	 2.7354451354 	 -7.3918707782 
0.2670000000 	 0.8086428611 	 -9.7065352278 
0.2685000000 	 -1.6655206711 	 -7.9193728634 
0.2700000000 	 -0.1092392268 	 -5.3003735676 
0.2715000000 	 2.5569642478 	 -6.6210250899 
0.2730000000 	 1.3939713905 	 -9.3210386496 
0.2745000000 	 -1.4070434632 	 -8.3202754210 
0.2760000000 	 -0.6519530423 	 -5.4338557588 
0.2775000000 	 2.2251631542 	 -5.9426082889 
0.2790000000 	 1.8841822398 	 -8.7965544147 
0.2805000000 	 -1.0101556562 	 -8.6236974127 
0.2820000000 	 -1.0812782183 	 -5.7043372457 
0.2835000000 	 1.7722459192 	 -5.3926056906 
0.2850000000 	 2.2453311592 	 -8.1671062345 
0.2865000000 	 -0.5114291045 	 -8.7978948259 
0.2880000000 	 -1.3686938033 	 -6.0729163656 
0.2895000000 	 1.2383597470 	 -4.9962250165 
0.2910000000 	 2.4547585039 	 -7.4738947246 
0.2925000000 	 0.0462567272 	 -8.8228545610 
0.2940000000 	 -1.4977214927 	 -6.4952732286 
0.2955000000 	 0.6682353888 	 -4.7663786342 
0.2970000000 	 2.5023615267 	 -6.7618537689 
0.2985000000 	 0.6172175291 	 -8.6913176750 
0.3000000000 	 -1.4647047710 	 -6.9252146581 
0.3015000000 	 0.1076099390 	 -4.7031502291 
0.3030000000 	 2.3908744779 	 -6.0760585596 
0.3045000000 	 1.1565467747 	 -8.4088073844 
0.3060000000 	 -1.2785935828 	 -7.3182307016 
0.3075000000 	 -0.4002932869 	 -4.7942504600 
0.3090000000 	 2.1351706836 	 -5.4582584959 
0.3105000000 	 1.6235076796 	 -7.9926945125 
0.3120000000 	 -0.9597855569 	 -7.6347960830 
0.3135000000 	 -0.8179664146 	 -5.0163926155 
0.3150000000 	 1.7606729590 	 -4.9437898898 
0.3165000000 	 1.9844870168 	 -7.4704035800 
0.3180000000 	 -0.5381433152 	 -7.8431777100 
0.3195000000 	 -1.1162710739 	 -5.3374531033 
0.3210000000 	 1.3010223112 	 -4.5590868634 
0.3225000000 	 2.2153040096 	 -6.8769234605 
0.3240000000 	 -0.0503649646 	 -7.9215539537 
0.3255000000 	 -1.2763639873 	 -5.7192274365 
0.3270000000 	 0.7952054328 	 -4.3199571595 
0.3285000000 	 2.3027223389 	 -6.2518332363 
0.3300000000 	 0.4630724545 	 -7.8593091099 
0.3315000000 	 -1.2907734659 	 -6.1205539193 
0.3330000000 	 0.2843755989 	 -4.2307270583 
0.3345000000 	 2.2450777984 	 -5.6360835237 
0.3360000000 	 0.9611517571 	 -7.6574325885 
0.3375000000 	 -1.1635736488 	 -6.5005568829 
0.3390000000 	 -0.1913828080 	 -4.2842911572 
0.3405000000 	 2.0520032305 	 -5.0687843657 
0.3420000000 	 1.4054858096 	 -7.3280218205 
0.3435000000 	 -0.9096727549 	 -6.8217601089 
0.3450000000 	 -0.5960994693 	 -4.4630336695 
0.3465000000 	 1.7433008301 	 -4.5842425247 
0.3480000000 	 1.7631812260 	 -6.8929553460 
0.3495000000 	 -0.5532978029 	 -7.0528385491 
0.3510000000 	 -0.9005482388 	 -4.7405233064 
0.3525000000 	 1.3470746040 	 -4.2094647895 
0.3540000000 	 2.0091880256 	 -6.3818630848 
0.3555000000 	 -0.1258163399 	 -7.1708108148 
0.3570000000 	 -1.0842755722 	 -5.0838284325 
0.3585000000 	 0.8972882086 	 -3.9623021852 
0.3600000000 	 2.1279728103 	 -5.8295700448 
0.3615000000 	 0.3369184164 	 -7.1625231188 
0.3630000000 	 -1.1368917487 	 -5.4562569094 
0.3645000000 	 0.4309518949 	 -3.8503562814 
0.3660000000 	 2.1144090419 	 -5.2732243137 
0.3675000000 	 0.7974820965 	 -7.0253334406 
0.3690000000 	 -1.0585491966 	 -5.8202986988 
0.3705000000 	 -0.0148356355 	 -3.8707074917 
0.3720000000 	 1.9738404749 	 -4.7493378983 
0.3735000000 	 1.2198231173 	 -6.7669680131 
0.3750000000 	 -0.8595961144 	 -6.1405404326 
0.3765000000 	 -0.4057602538 	 -4.0104611388 
0.3780000000 	 1.7213378473 	 -4.2909689411 
0.3795000000 	 1.5720102598 	 -6.4045859047 
0.3810000000 	 -0.5594565715 	 -6.3863299809 
0.3825000000 	 -0.7128632115 	 -4.2480450401 
0.3840000000 	 1.3802296892 	 -3.9252565220 
0.3855000000 	 1.8285795196 	 -5.9631466833 
0.3870000000 	 -0.1848456676 	 -6.5339944297 
0.3885000000 	 -0.9146218384 	 -4.5551370648 
0.3900000000 	 0.9800410812 	 -3.6714864030 
0.3915000000 	 1.9723121846 	 -5.4732265466 
0.3930000000 	 0.2325240757 	 -6.5684544820 
0.3945000000 	 -0.9983948939 	 -4.8990565231 
0.3960000000 	 0.5540155796 	 -3.5398205783 
0.3975000000 	 1.9953241965 	 -4.9684663077 
0.3990000000 	 0.6585544569 	 -6.4841287414 
0.4005000000 	 -0.9611398814 	 -5.2454224786 
0.4020000000 	 0.1364224843 	 -3.5307691188 
0.4035000000 	 1.8994027783 	 -4.4828576677 
0.4050000000 	 1.0594817943 	 -6.2850785520 
0.4065000000 	 -0.8093678378 	 -5.5608671008 
0.4080000000 	 -0.2401375106 	 -3.6354238906 
0.4095000000 	 1.6955856407 	 -4.0480809335 
0.4110000000 	 1.4044933310 	 -5.9844035224 
0.4125000000 	 -0.5583604077 	 -5.8155937320 
0.4140000000 	 -0.5472209010 	 -3.8364148738 
0.4155000000 	 1.4030362115 	 -3.6910976328 
0.4170000000 	 1.6680412707 	 -5.6029549946 
0.4185000000 	 -0.2307298759 	 -5.9855869044 
0.4200000000 	 -0.7626381460 	 -4.1094954748 
0.4215000000 	 1.0473208793 	 -3.4321764984 
0.4230000000 	 1.8316843563 	 -5.1674852447 
0.4245000000 	 0.1455489052 	 -6.0543133743 
0.4260000000 	 -0.8720075816 	 -4.4256174389 
0.4275000000 	 0.6582373482 	 -3.2834933131 
0.4290000000 	 1.8853276644 	 -4.7083904251 
0.4305000000 	 0.5394685785 	 -6.0137965675 
0.4320000000 	 -0.8696610955 	 -4.7533220106 
0.4335000000 	 0.2673738020 	 -3.2483973350 
0.4350000000 	 1.8277809177 	 -4.2572323797 
0.4365000000 	 0.9194917063 	 -5.8649980670 
0.4380000000 	 -0.7588487684 	 -5.0612541585 
0.4395000000 	 -0.0944053582 	 -3.3213833516 
0.4410000000 	 1.6666101134 	 -3.8442367103 
0.4425000000 	 1.2560275255 	 -5.6174948231 
0.4440000000 	 -0.5512450172 	 -5.3206021547 
0.4455000000 	 -0.3993507779 	 -3.4887530691 
0.4470000000 	 1.4173123450 	 -3.4959612815 
0.4485000000 	 1.5236920099 	 -5.2884953187 
0.4500000000 	 -0.2658125434 	 -5.5072755609 
0.4515000000 	 -0.6249144341 	 -3.7298968209 
0.4530000000 	 1.1018951318 	 -3.2333113227 
0.4545000000 	 1.7031817243 	 -4.9012878293 
0.4560000000 	 0.0728714747 	 -5.6036595345 
0.4575000000 	 -0.7553770356 	 -4.0190804329 
0.4590000000 	 0.7469855071 	 -3.0700461510 
0.4605000000 	 1.7826259793 	 -4.4832554444 
0.4620000000 	 0.4366835678 	 -5.5998200998 
0.4635000000 	 -0.7829018729 	 -4.3275859131 
0.4650000000 	 0.3816273618 	 -3.0118809914 
0.4665000000 	 1.7583254310 	 -4.0636226961 
0.4680000000 	 0.7962461914 	 -5.4940805308 
0.4695000000 	 -0.7079475920 	 -4.6260309765 
0.4710000000 	 0.0349457862 	 -3.0562388406 
0.4725000000 	 1.6348349526 	 -3.6711153939 
0.4740000000 	 1.1232604147 	 -5.2929395768 
0.4755000000 	 -0.5390235949 	 -4.8866828030 
0.4770000000 	 -0.2661368547 	 -3.1926556925 
0.4785000000 	 1.4244003748 	 -3.3317176263 
0.4800000000 	 1.3926967882 	 -5.0103539181 
0.4815000000 	 -0.2918230659 	 -5.0855862835 
0.4830000000 	 -0.4989567864 	 -3.4037917620 
0.4845000000 	 1.1458085165 	 -3.0666979973 
0.4860000000 	 1.5846774007 	 -4.6664559723 
0.4875000000 	 0.0121839727 	 -5.2043456313 
0.4890000000 	 -0.6467821318 	 -3.6669554873 
0.4905000000 	 0.8227540187 	 -2.8910522492 
0.4920000000 	 1.6859099941 	 -4.2858202903 
0.4935000000 	 0.3475752157 	 -5.2314288851 
0.4950000000 	 -0.6999824381 	 -3.9560094851 
0.4965000000 	 0.4818615829 	 -2.8124737001 
0.4980000000 	 1.6905729911 	 -3.8954241939 
0.4995000000 	 0.6870662954 	 -5.1629048796 
0.5010000000 	 -0.6566151063 	 -4.2435009986 
0.5025000000 	 0.1505257801 	 -2.8309193829 
0.5040000000 	 1.6005952504 	 -3.5224687060 
0.5055000000 	 1.0036975623 	 -5.0025684096 
0.5070000000 	 -0.5223965113 	 -4.5028455290 
0.5085000000 	 -0.1452589102 	 -2.9387919389 
0.5100000000 	 1.4253226769 	 -3.1922329246 
0.5115000000 	 1.2729446393 	 -4.7614578701 
0.5130000000 	 -0.3100741657 	 -4.7103920734 
0.5145000000 	 -0.3829083036 	 -3.1217089958 
0.5160000000 	 1.1806116761 	 -2.9261284980 
0.5175000000 	 1.4745897601 	 -4.4568168147 
0.5190000000 	 -0.0382625077 	 -4.8472114340 
0.5205000000 	 -0.5449456312 	 -3.3597866760 
0.5220000000 	 0.8874331540 	 -2.7401015906 
0.5235000000 	 1.5942131346 	 -4.1105930158 
0.5250000000 	 0.2701547336 	 -4.9004741240 
0.5265000000 	 -0.6202600074 	 -3.6293254711 
0.5280000000 	 0.5701070385 	 -2.6434994285 
0.5295000000 	 1.6241962587 	 -3.7476025802 
0.5310000000 	 0.5899211338 	 -4.8643192848 
0.5325000000 	 -0.6048375879 	 -3.9047578126 
0.5340000000 	 0.2543134768 	 -2.6384797684 
0.5355000000 	 1.5641694699 	 -3.3935100063 
0.5370000000 	 0.8954482759 	 -4.7401578323 
0.5385000000 	 -0.5019197817 	 -4.1606993016 
0.5400000000 	 -0.0349588719 	 -2.7199976187 
0.5415000000 	 1.4208808363 	 -3.0727861841 
0.5430000000 	 1.1628377873 	 -4.5363983940 
0.5445000000 	 -0.3215885420 	 -4.3739408583 
0.5460000000 	 -0.2753655443 	 -2.8763577775 
0.5475000000 	 1.2075091054 	 -2.8068046118 
0.5490000000 	 1.3717268450 	 -4.2676298788 
0.5505000000 	 -0.0798234785 	 -4.5252271023 
0.5520000000 	 -0.4489092168 	 -3.0902778307 
0.5535000000 	 0.9424863574 	 -2.6122219435 
0.5550000000 	 1.5068163832 	 -3.9533362394 
0.5565000000 	 0.2028841658 	 -4.6006862111 
0.5580000000 	 -0.5432647830 	 -3.3403675437 
0.5595000000 	 0.6479329381 	 -2.4997637259 
0.5610000000 	 1.5589689488 	 -3.6162539575 
0.5625000000 	 0.5032427668 	 -4.5928065262 
0.5640000000 	 -0.5526306319 	 -3.6028999914 
0.5655000000 	 0.3478354283 	 -2.4735020250 
0.5670000000 	 1.5257991148 	 -3.2805084342 
0.5685000000 	 0.7970558959 	 -4.5008927600 
0.5700000000 	 -0.4780492066 	 -3.8537295158 
0.5715000000 	 0.0661158264 	 -2.5306714106 
0.5730000000 	 1.4117206154 	 -2.9696799806 
0.5745000000 	 1.0611497650 	 -4.3309767202 
0.5760000000 	 -0.3271825855 	 -4.0702030562 
0.5775000000 	 -0.1752543667 	 -2.6620267125 
0.5790000000 	 1.2274575925 	 -2.7049525692 
0.5805000000 	 1.2751806588 	 -4.0952006596 
0.5820000000 	 -0.1135717660 	 -4.2329150008 
0.5835000000 	 -0.3579480664 	 -2.8527034908 
0.5850000000 	 0.9890691459 	 -2.5034889691 
0.5865000000 	 1.4231829008 	 -3.8107322806 
0.5880000000 	 0.1445518183 	 -4.3271709378 
0.5895000000 	 -0.4686553861 	 -3.0835035750 
0.5910000000 	 0.7165735167 	 -2.3771553116 
0.5925000000 	 1.4947409739 	 -3.4983059406 
0.5940000000 	 0.4258002941 	 -4.3440511438 
0.5955000000 	 -0.5000338391 	 -3.3324962536 
0.5970000000 	 0.4322879103 	 -2.3316883462 
0.5985000000 	 1.4857011444 	 -3.1805120465 
0.6000000000 	 0.7073815223 	 -4.2809981435 
0.6015000000 	 -0.4511696107 	 -3.5768030882 
0.6030000000 	 0.1590199983 	 -2.3663621337 
0.6045000000 	 1.3983756789 	 -2.8799739960 
0.6060000000 	 0.9669274751 	 -4.1418914494 
0.6075000000 	 -0.3275231698 	 -3.7944224769 
0.6090000000 	 -0.0817438484 	 -2.4741706675 
0.6105000000 	 1.2412334358 	 -2.6175581731 
0.6120000000 	 1.1842535815 	 -3.9366135236 
0.6135000000 	 -0.1403734450 	 -3.9659497242 
0.6150000000 	 -0.2715110524 	 -2.6425021263 
0.6165000000 	 1.0281110313 	 -2.4107571380 
0.6180000000 	 1.3429119835 	 -3.6801508425 
0.6195000000 	 0.0941861254 	 -4.0760593058 
0.6210000000 	 -0.3961871324 	 -2.8542423367 
0.6225000000 	 0.7770157628 	 -2.2723699196 
0.6240000000 	 1.4314203980 	 -3.3913096186 
0.6255000000 	 0.3566121843 	 -4.1146371894 
0.6270000000 	 -0.4471063643 	 -3.0892124949 
0.6285000000 	 0.5086221976 	 -2.2095776724 
0.6300000000 	 1.4440759594 	 -3.0911545069 
0.6315000000 	 0.6255225057 	 -4.0774806386 
0.6330000000 	 -0.4216146586 	 -3.3258217055 
0.6345000000 	 0.2445865132 	 -2.2234800892 
0.6360000000 	 1.3812976958 	 -2.8012983862 
0.6375000000 	 0.8794220616 	 -3.9665184314 
0.6390000000 	 -0.3231670547 	 -3.5428002136 
0.6405000000 	 0.0058147158 	 -2.3091205504 
0.6420000000 	 1.2494793632 	 -2.5421806633 
0.6435000000 	 1.0984060261 	 -3.7895429761 
0.6450000000 	 -0.1609410699 	 -3.7208753079 
0.6465000000 	 -0.1891779817 	 -2.4559890691 
0.6480000000 	 1.0603731895 	 -2.3314699577 
0.6495000000 	 1.2657059520 	 -3.5594843366 
0.6510000000 	 0.0509948133 	 -3.8442588729 
0.6525000000 	 -0.3256889873 	 -2.6489547124 
0.6540000000 	 0.8300615995 	 -2.1827147992 
0.6555000000 	 1.3689600844 	 -3.2932916713 
0.6570000000 	 0.2948839491 	 -3.9018327307 
0.6585000000 	 -0.3939232174 	 -2.8695462615 
0.6600000000 	 0.5776053881 	 -2.1043442563 
0.6615000000 	 1.4011126033 	 -3.0105173085 
0.6630000000 	 0.5507541426 	 -3.8879437114 
0.6645000000 	 -0.3896805402 	 -3.0974739082 
0.6660000000 	 0.3234807078 	 -2.0990910736 
0.6675000000 	 1.3608774649 	 -2.7317204085 
0.6690000000 	 0.7980391431 	 -3.8027526585 
0.6705000000 	 -0.3145887571 	 -3.3122676959 
0.6720000000 	 0.0879318939 	 -2.1638753670 
0.6735000000 	 1.2527379164 	 -2.4768193211 
0.6750000000 	 1.0172184760 	 -3.6521176692 
0.6765000000 	 -0.1758717076 	 -3.4949013812 
0.6780000000 	 -0.1106284308 	 -2.2901499935 
0.6795000000 	 1.0864898279 	 -2.2635235483 
0.6810000000 	 1.1913458822 	 -3.4470288947 
0.6825000000 	 0.0143211235 	 -3.6292738111 
0.6840000000 	 -0.2570465127 	 -2.4646723310 
0.6855000000 	 0.8763727791 	 -2.1059677041 
0.6870000000 	 1.3073476360 	 -3.2026472565 
0.6885000000 	 0.2399630180 	 -3.7034333219 
0.6900000000 	 -0.3405721865 	 -2.6706342037 
0.6915000000 	 0.6398645784 	 -2.0136518582 
0.6930000000 	 1.3569921673 	 -2.9370297586 
0.6945000000 	 0.4824872107 	 -3.7104528647 
0.6960000000 	 -0.3556355684 	 -2.8890546174 
0.6975000000 	 0.3962401401 	 -1.9907667385 
0.6990000000 	 1.3374599846 	 -2.6696473896 
0.7005000000 	 0.7223023439 	 -3.6488926482 
0.7020000000 	 -0.3022005953 	 -3.1003208510 
0.7035000000 	 0.1650125351 	 -2.0359506043 
0.7050000000 	 1.2514756018 	 -2.4198161860 
0.7065000000 	 0.9403634666 	 -3.5228206734 
0.7080000000 	 -0.1856745662 	 -3.2857536537 
0.7095000000 	 -0.0356186343 	 -2.1424897837 
0.7110000000 	 1.1069983525 	 -2.2051668843 
0.7125000000 	 1.1196735071 	 -3.3413968981 
0.7140000000 	 -0.0163882115 	 -3.4290724514 
0.7155000000 	 -0.1901890270 	 -2.2989396652 
0.7170000000 	 0.9165038286 	 -2.0402734758 
0.7185000000 	 1.2465976853 	 -3.1180611048 
0.7200000000 	 0.1913055302 	 -3.5176463852 
0.7215000000 	 -0.2871512601 	 -2.4901101382 
0.7230000000 	 0.6959194698 	 -1.9355464800 
0.7245000000 	 1.3118900080 	 -2.8693951686 
0.7260000000 	 0.4202365424 	 -3.5434357672 
0.7275000000 	 -0.3197269885 	 -2.6983316170 
0.7290000000 	 0.4633041005 	 -1.8964741413 
0.7305000000 	 1.3113553489 	 -2.6137549864 
0.7320000000 	 0.6518261423 	 -3.5035545147 
0.7335000000 	 -0.2863673098 	 -2.9048969793 
0.7350000000 	 0.2373799904 	 -1.9232659477 
0.7365000000 	 1.2461006135 	 -2.3697839881 
0.7380000000 	 0.8675845764 	 -3.4004151663 
0.7395000000 	 -0.1907913563 	 -3.0915625273 
0.7410000000 	 0.0360359283 	 -2.0109202299 
0.7425000000 	 1.1223616864 	 -2.1549277249 
0.7440000000 	 1.0505775010 	 -3.2414516610 
0.7455000000 	 -0.0416067347 	 -3.2419882713 
0.7470000000 	 -0.1250797799 	 -2.1497037540 
0.7485000000 	 0.9509265782 	 -1.9840670622 
0.7500000000 	 1.1867458857 	 -3.0384484997 
0.7515000000 	 0.1484515448 	 -3.3430045038 
0.7530000000 	 -0.2337664482 	 -2.3259988589 
0.7545000000 	 0.7462067808 	 -1.8683762919 
0.7560000000 	 1.2659771650 	 -2.8065355631 
0.7575000000 	 0.3635974308 	 -3.3856071292 
0.7590000000 	 -0.2821858495 	 -2.5234453294 
0.7605000000 	 0.5250358355 	 -1.8144930522 
0.7620000000 	 1.2828467102 	 -2.5629333720 
0.7635000000 	 0.5862953644 	 -3.3656071557 
0.7650000000 	 -0.2674168538 	 -2.7242820232 
0.7665000000 	 0.3052944688 	 -1.8240609559 
0.7680000000 	 1.2369759986 	 -2.3255520013 
0.7695000000 	 0.7986804454 	 -3.2838882507 
0.7710000000 	 -0.1916114860 	 -2.9107789282 
0.7725000000 	 0.1044738439 	 -1.8936754225 
0.7740000000 	 1.1329849899 	 -2.1115568582 
0.7755000000 	 0.9839829317 	 -3.1462579545 
0.7770000000 	 -0.0617461268 	 -3.0666448379 
0.7785000000 	 -0.0617083201 	 -2.0152308614 
0.7800000000 	 0.9800486536 	 -1.9360154410 
0.7815000000 	 1.1278441556 	 -2.9629105056 
0.7830000000 	 0.1110062972 	 -3.1782994918 
0.7845000000 	 -0.1805299187 	 -2.1766356293 
0.7860000000 	 0.7910987592 	 -1.8107310751 
0.7875000000 	 1.2194212297 	 -2.7475496926 
0.7890000000 	 0.3122276891 	 -3.2359114144 
0.7905000000 	 -0.2432305021 	 -2.3628325862 
0.7920000000 	 0.5817394971 	 -1.7433532461 
0.7935000000 	 1.2521961475 	 -2.5162463273 
0.7950000000 	 0.5254494961 	 -3.2341226966 
0.7965000000 	 -0.2456484335 	 -2.5570398130 
0.7980000000 	 0.3689671317 	 -1.7368309340 
0.7995000000 	 1.2244295368 	 -2.2861248351 
0.8010000000 	 0.7334924574 	 -3.1724079039 
0.8025000000 	 -0.1884835186 	 -2.7421098836 
0.8040000000 	 0.1697980781 	 -1.7892472234 
0.8055000000 	 1.1392283218 	 -2.0739856053 
0.8070000000 	 0.9198430360 	 -3.0550440316 
0.8085000000 	 -0.0771697786 	 -2.9018981810 
0.8100000000 	 -0.0000844817 	 -1.8940427202 
0.8115000000 	 1.0042275741 	 -1.8949732730 
0.8130000000 	 1.0699568563 	 -2.8906995646 
0.8145000000 	 0.0786258689 	 -3.0225316208 
0.8160000000 	 -0.1275583853 	 -2.0406044064 
0.8175000000 	 0.8309173787 	 -1.7613958793 
0.8190000000 	 1.1723868311 	 -2.6916807454 
0.8205000000 	 0.2658338536 	 -3.0934785965 
0.8220000000 	 -0.2030691105 	 -2.2151679554 
0.8235000000 	 0.6336732194 	 -1.6817863974 
0.8250000000 	 1.2196490119 	 -2.4728997655 
0.8265000000 	 0.4690705424 	 -3.1083381241 
0.8280000000 	 -0.2213385424 	 -2.4019574393 
0.8295000000 	 0.4285710409 	 -1.6602776112 
0.8310000000 	 1.2087612144 	 -2.2506507043 
0.8325000000 	 0.6718951317 	 -3.0652895764 
0.8340000000 	 -0.1817238890 	 -2.5844686293 
0.8355000000 	 0.2320840615 	 -1.6963354972 
0.8370000000 	 1.1414163147 	 -2.0412930630 
0.8385000000 	 0.8581327265 	 -2.9671721191 
0.8400000000 	 -0.0882032007 	 -2.7467920256 
0.8415000000 	 0.0597664177 	 -1.7848672186 
0.8430000000 	 1.0237816019 	 -1.8599486674 
0.8445000000 	 1.0131576756 	 -2.8211927402 
0.8460000000 	 0.0510061251 	 -2.8748700601 
0.8475000000 	 -0.0749716974 	 -1.9166899188 
0.8490000000 	 0.8659453318 	 -1.7193151802 
0.8505000000 	 1.1250358528 	 -2.6382912257 
0.8520000000 	 0.2241604670 	 -2.9575895908 
0.8535000000 	 -0.1619014438 	 -2.0793180909 
0.8550000000 	 0.6810593092 	 -1.6286887937 
0.8565000000 	 1.1854371533 	 -2.4322172379 
0.8580000000 	 0.4169735338 	 -2.9876252321 
0.8595000000 	 -0.1947455130 	 -2.2580026206 
0.8610000000 	 0.4842497535 	 -1.5932708174 
0.8625000000 	 1.1902489136 	 -2.2183967302 
0.8640000000 	 0.6137885482 	 -2.9619699757 
0.8655000000 	 -0.1716235801 	 -2.4369355506 
0.8670000000 	 0.2913861026 	 -1.6138093400 
0.8685000000 	 1.1398456223 	 -2.0126805903 
0.8700000000 	 0.7988434035 	 -2.8821152230 
0.8715000000 	 -0.0951420680 	 -2.6005226387 
0.8730000000 	 0.1178074590 	 -1.6865998787 
0.8745000000 	 1.0389981586 	 -1.8300764885 
0.8760000000 	 0.9575270545 	 -2.7538706707 
0.8775000000 	 0.0278741047 	 -2.7346217182 
0.8790000000 	 -0.0228915925 	 -1.8038401244 
0.8805000000 	 0.8964346159 	 -1.6835648896 
0.8820000000 	 1.0775274578 	 -2.5868431936 
0.8835000000 	 0.1869816821 	 -2.8276489481 
0.8850000000 	 -0.1199201363 	 -1.9543058632 
0.8865000000 	 0.7240922571 	 -1.5830921616 
0.8880000000 	 1.1497813125 	 -2.3936206721 
0.8895000000 	 0.3689990358 	 -2.8714668219 
0.8910000000 	 -0.1661129574 	 -2.1242901026 
0.8925000000 	 0.5361241311 	 -1.5348184319 
0.8940000000 	 1.1691527610 	 -2.1887295224 
0.8955000000 	 0.5590923162 	 -2.8619862606 
0.8970000000 	 -0.1584532627 	 -2.2987273040 
0.8985000000 	 0.3477425243 	 -1.5406766021 
0.9000000000 	 1.1347906848 	 -1.9874517459 
0.9015000000 	 0.7419787664 	 -2.7994386981 
0.9030000000 	 -0.0982584761 	 -2.4624109495 
0.9045000000 	 0.1739932956 	 -1.5982734938 
0.9060000000 	 1.0501403964 	 -1.8045973520 
0.9075000000 	 0.9031500335 	 -2.6883008371 
0.9090000000 	 0.0089812727 	 -2.6012064540 
0.9105000000 	 0.0285594164 	 -1.7011365364 
0.9120000000 	 0.9226132848 	 -1.6533303059 
0.9135000000 	 1.0300179772 	 -2.5368825580 
0.9150000000 	 0.1540946353 	 -2.7031630663 
0.9165000000 	 -0.0773115527 	 -1.8392819226 
0.9180000000 	 0.7629450849 	 -1.5441406462 
0.9195000000 	 1.1128928847 	 -2.3566150746 
0.9210000000 	 0.3250071920 	 -2.7594376593 
0.9225000000 	 -0.1356723676 	 -2.0000549384 
0.9240000000 	 0.5842977807 	 -1.4840426219 
0.9255000000 	 1.1457184563 	 -2.1610997686 
0.9270000000 	 0.5077407319 	 -2.7649593596 
0.9285000000 	 -0.1424672632 	 -2.1691721821 
0.9300000000 	 0.4011798158 	 -1.4760597331 
0.9315000000 	 1.1265082085 	 -1.9649963743 
0.9330000000 	 0.6875513980 	 -2.7187854489 
0.9345000000 	 -0.0978058272 	 -2.3318802350 
0.9360000000 	 0.2282727767 	 -1.5190340032 
0.9375000000 	 1.0574523537 	 -1.7828409610 
0.9390000000 	 0.8501144316 	 -2.6241241236 
0.9405000000 	 -0.0059017942 	 -2.4741371708 
0.9420000000 	 0.0792590434 	 -1.6077705787 
0.9435000000 	 0.9446907886 	 -1.6278886055 
0.9450000000 	 0.9826607008 	 -2.4880264690 
0.9465000000 	 0.1253141863 	 -2.5837226370 
0.9480000000 	 -0.0342563541 	 -1.7335019742 
0.9495000000 	 0.7977744040 	 -1.5110725082 
0.9510000000 	 1.0749752045 	 -2.3207762643 
0.9525000000 	 0.2848729553 	 -2.6511890896 
0.9540000000 	 -0.1036450720 	 -1.8846310669 
0.9555000000 	 0.6288614304 	 -1.4401609159 
0.9570000000 	 1.1201798183 	 -2.1350298953 
0.9585000000 	 0.4596788612 	 -2.6705804612 
0.9600000000 	 -0.1239066303 	 -2.0476902976 
0.9615000000 	 0.4517160153 	 -1.4191765003 
0.9630000000 	 1.1152406536 	 -1.9447778747 
0.9645000000 	 0.6355799568 	 -2.6398639283 
0.9660000000 	 -0.0940226560 	 -2.2084381074 
0.9675000000 	 0.2805911346 	 -1.4481211846 
0.9690000000 	 1.0611630129 	 -1.7642127807 
0.9705000000 	 0.7985092902 	 -2.5610439143 
0.9720000000 	 -0.0169896100 	 -2.3530036915 
0.9735000000 	 0.1290861374 	 -1.5230246104 
0.9750000000 	 0.9628622141 	 -1.6065948394 
0.9765000000 	 0.9356056000 	 -2.4399530984 
0.9780000000 	 0.1004687227 	 -2.4689883785 
0.9795000000 	 0.0090701595 	 -1.6363084832 
0.9810000000 	 0.8287244681 	 -1.4832054692 
0.9825000000 	 1.0362244644 	 -2.2857409484 
0.9840000000 	 0.2484822507 	 -2.5464364922 
0.9855000000 	 -0.0702436955 	 -1.7774340105 
0.9870000000 	 0.6698964698 	 -1.4024710275 
0.9885000000 	 1.0927607239 	 -2.1101041033 
0.9900000000 	 0.4148593508 	 -2.5785999700 
0.9915000000 	 -0.1030014994 	 -1.9337775221 
0.9930000000 	 0.4993634845 	 -1.3693244954 
0.9945000000 	 1.1012189476 	 -1.9263229389 
0.9960000000 	 0.5860868499 	 -2.5624383106 
0.9975000000 	 -0.0871356277 	 -2.0916618605 
0.9990000000 	 0.3308918241 	 -1.3848531032 
1.0005000000 	 1.0614894974 	 -1.7481833082 
1.0020000000 	 0.7484235316 	 -2.4988171638 
1.0035000000 	 -0.0244851080 	 -2.2374595901 
1.0050000000 	 0.1779215096 	 -1.4462565983 
1.0065000000 	 0.9773116596 	 -1.5888706579 
1.0080000000 	 0.8889990031 	 -2.3923932788 
1.0095000000 	 0.0793968055 	 -2.3586793395 
1.0110000000 	 0.0524978780 	 -1.5471158511 
1.0125000000 	 0.8559304294 	 -1.4599249068 
1.0140000000 	 0.9968303512 	 -2.2511986201 
1.0155000000 	 0.2157288749 	 -2.4449489607 
1.0170000000 	 -0.0356732344 	 -1.6779468073 
1.0185000000 	 0.7074778271 	 -1.3703386138 
1.0200000000 	 1.0636765729 	 -2.0859602549 
1.0215000000 	 0.3732398206 	 -2.4888183954 
1.0230000000 	 -0.0799729077 	 -1.8269923779 
1.0245000000 	 0.5441311964 	 -1.3258686146 
1.0260000000 	 1.0846645894 	 -1.9092132158 
1.0275000000 	 0.5390962939 	 -2.4863203694 
1.0290000000 	 -0.0773618815 	 -1.9811864634 
1.0305000000 	 0.3791180800 	 -1.3286135137 
1.0320000000 	 1.0586395896 	 -1.7342793723 
1.0335000000 	 0.6999447952 	 -2.4372470142 
1.0350000000 	 -0.0285822763 	 -2.1272113579 
1.0365000000 	 0.2256486896 	 -1.3768876664 
1.0380000000 	 0.9882149228 	 -1.5741951772 
1.0395000000 	 0.8429832394 	 -2.3451235996 
1.0410000000 	 0.0619444826 	 -2.2525632362 
1.0425000000 	 0.0958618392 	 -1.4653983359 
1.0440000000 	 0.8795209605 	 -1.4406742911 
1.0455000000 	 0.9569764619 	 -2.2168848859 
1.0470000000 	 0.1865119873 	 -2.3465407423 
1.0485000000 	 -0.0001318287 	 -1.5857085056 
1.0500000000 	 0.7416763121 	 -1.3431873492 
1.0515000000 	 1.0331353802 	 -2.0622832145 
1.0530000000 	 0.3347807233 	 -2.4010787680 
1.0545000000 	 -0.0550341735 	 -1.7269452742 
1.0560000000 	 0.5860266304 	 -1.2882308902 
1.0575000000 	 1.0657912718 	 -1.8930784917 
1.0590000000 	 0.4946326907 	 -2.4113627033 
1.0605000000 	 -0.0649108553 	 -1.8766946576 
1.0620000000 	 0.4252142425 	 -1.2788416077 
1.0635000000 	 1.0528137055 	 -1.7220770337 
1.0650000000 	 0.6531584209 	 -2.3761766328 
1.0665000000 	 -0.0294682411 	 -2.0220094257 
1.0680000000 	 0.2721546193 	 -1.3143919330 
1.0695000000 	 0.9957416374 	 -1.5620975380 
1.0710000000 	 0.7976962656 	 -2.2979606532 
1.0725000000 	 0.0479631412 	 -2.1504484074 
1.0740000000 	 0.1390022843 	 -1.3906801580 
1.0755000000 	 0.8996203638 	 -1.4249473972 
1.0770000000 	 0.9168405511 	 -2.1825759214 
1.0785000000 	 0.1607340770 	 -2.2510640796 
1.0800000000 	 0.0361887029 	 -1.5003047031 
1.0815000000 	 0.7725605282 	 -1.3204908405 
1.0830000000 	 1.0013385719 	 -2.0387993381 
1.0845000000 	 0.2994435851 	 -2.3152602750 
1.0860000000 	 -0.0283919311 	 -1.6332896181 
1.0875000000 	 0.6250573445 	 -1.2558821973 
1.0890000000 	 1.0448061172 	 -1.8775910711 
1.0905000000 	 0.4527192631 	 -2.3374530342 
1.0920000000 	 -0.0499856937 	 -1.7779087407 
1.0935000000 	 0.4691268901 	 -1.2350236311 
1.0950000000 	 1.0442064340 	 -1.7111957558 
1.0965000000 	 0.6081465591 	 -2.3154840232 
1.0980000000 	 -0.0273249018 	 -1.9216406785 
1.0995000000 	 0.3173302890 	 -1.2582881795 
1.1010000000 	 1.0000569644 	 -1.5521508116 
1.1025000000 	 0.7532712830 	 -2.2507561957 
1.1040000000 	 0.0373077944 	 -2.0521770722 
1.1055000000 	 0.1817647860 	 -1.3225273610 
1.1070000000 	 0.9163502646 	 -1.4122819360 
1.1085000000 	 0.8765946449 	 -2.1480838246 
1.1100000000 	 0.1382993200 	 -2.1584031800 
1.1115000000 	 0.0731025141 	 -1.4213597339 
1.1130000000 	 0.8001984292 	 -1.3017660131 
1.1145000000 	 0.9684815470 	 -2.0152718767 
1.1160000000 	 0.2671895597 	 -2.2312728732 
1.1175000000 	 -0.0002468880 	 -1.5457144395 
1.1190000000 	 0.6612322816 	 -1.2283354630 
1.1205000000 	 1.0219106042 	 -1.8624611130 
1.1220000000 	 0.4133769062 	 -2.2645093675 
1.1235000000 	 -0.0327843196 	 -1.6845837138 
1.1250000000 	 0.5108058091 	 -1.1966860102 
1.1265000000 	 1.0330077222 	 -1.7012935892 
1.1280000000 	 0.5649873877 	 -2.2550776145 
1.1295000000 	 -0.0223302054 	 -1.8259221758 
1.1310000000 	 0.3610713201 	 -1.2081329978 
1.1325000000 	 1.0013229203 	 -1.5439669823 
1.1340000000 	 0.7098363537 	 -2.2033930389 
1.1355000000 	 0.0298357268 	 -1.9576196399 
1.1370000000 	 0.2240004301 	 -1.2605410939 
1.1385000000 	 0.9298309629 	 -1.4022543222 
1.1400000000 	 0.8364050540 	 -2.1132526851 
1.1415000000 	 0.1191122571 	 -2.0684690981 
1.1430000000 	 0.1104295302 	 -1.3485301899 
1.1445000000 	 0.8246585838 	 -1.2865676846 
1.1460000000 	 0.9347540523 	 -1.9914971090 
1.1475000000 	 0.2379782427 	 -2.1490526949 
1.1490000000 	 0.0292056394 	 -1.4639382450 
1.1505000000 	 0.6945628525 	 -1.2051400919 
1.1520000000 	 0.9973012434 	 -1.8474327317 
1.1535000000 	 0.3766232221 	 -2.1924758487 
1.1550000000 	 -0.0135002332 	 -1.5965015383 
1.1565000000 	 0.5502048247 	 -1.1633896968 
1.1580000000 	 1.0194037738 	 -1.6920631695 
1.1595000000 	 0.5237544257 	 -2.1948924783 
1.1610000000 	 -0.0146591227 	 -1.7346958571 
1.1625000000 	 0.4032784991 	 -1.1635151399 
1.1640000000 	 0.9996994063 	 -1.5371927978 
1.1655000000 	 0.6675140225 	 -2.1557815307 
1.1670000000 	 0.0254054313 	 -1.8666698816 
1.1685000000 	 0.2655660351 	 -1.2043520503 
1.1700000000 	 0.9401825011 	 -1.3944753605 
1.1715000000 	 0.7964323082 	 -2.0779552301 
1.1730000000 	 0.1030767381 	 -1.9811953632 
1.1745000000 	 0.1479953629 	 -1.2814995346 
1.1760000000 	 0.8460111949 	 -1.2744840963 
1.1775000000 	 0.9003404072 	 -1.9673010609 
1.1790000000 	 0.2117667051 	 -2.0685580995 
1.1805000000 	 0.0597753686 	 -1.3877038793 
1.1820000000 	 0.7250638304 	 -1.1858773772 
1.1835000000 	 0.9711700510 	 -1.8322807125 
1.1850000000 	 0.3424717106 	 -2.1213191855 
1.1865000000 	 0.0076769104 	 -1.5134663038 
1.1880000000 	 0.5872825112 	 -1.1347255092 
1.1895000000 	 1.0035777116 	 -1.6832283691 
1.1910000000 	 0.4845159295 	 -2.1348870561 
1.1925000000 	 -0.0044843814 	 -1.6478240558 
1.1940000000 	 0.4438582639 	 -1.1240508481 
1.1955000000 	 0.9953449923 	 -1.5315063191 
1.1970000000 	 0.6264209498 	 -2.1078565121 
1.1985000000 	 0.0238757925 	 -1.7792408085 
1.2000000000 	 0.3063243967 	 -1.1536158562 
1.2015000000 	 0.9475254974 	 -1.3885866755 
1.2030000000 	 0.7568310314 	 -2.0420899344 
1.2045000000 	 0.0900950900 	 -1.8965342210 
1.2060000000 	 0.1856313156 	 -1.2199736136 
1.2075000000 	 0.8643289127 	 -1.2651332271 
1.2090000000 	 0.8654196105 	 -1.9425366980 
1.2105000000 	 0.1885087124 	 -1.9897662561 
1.2120000000 	 0.0912768390 	 -1.3167742171 
1.2135000000 	 0.7527540839 	 -1.1701567176 
1.2150000000 	 0.9437048567 	 -1.8168077237 
1.2165000000 	 0.3109310940 	 -2.0510255355 
1.2180000000 	 0.0305609071 	 -1.4353001491 
1.2195000000 	 0.6220027953 	 -1.1103102874 
1.2210000000 	 0.9857100452 	 -1.6745414794 
1.2225000000 	 0.4473343671 	 -2.0750403021 
1.2240000000 	 0.0080230038 	 -1.5651856830 
1.2255000000 	 0.4827231449 	 -1.0893799944 
1.2270000000 	 0.9884174942 	 -1.5266140382 
1.2285000000 	 0.5866675584 	 -2.0595746604 
1.2300000000 	 0.0251054723 	 -1.6952611373 
1.2315000000 	 0.3461445477 	 -1.1080092414 
1.2330000000 	 0.9519817797 	 -1.3842577473 
1.2345000000 	 0.7177497742 	 -2.0055785072 
1.2360000000 	 0.0800674740 	 -1.8144533827 
1.2375000000 	 0.2231744595 	 -1.1636769074 
1.2390000000 	 0.8796874728 	 -1.2581597435 
1.2405000000 	 0.8301653521 	 -1.9170815000 
1.2420000000 	 0.1681541025 	 -1.9126701651 
1.2435000000 	 0.1235293145 	 -1.2509285441 
1.2450000000 	 0.7776571704 	 -1.1576124947 
1.2465000000 	 0.9150894777 	 -1.8008419295 
1.2480000000 	 0.2820047609 	 -1.9815977757 
1.2495000000 	 0.0549687573 	 -1.3618398098 
1.2510000000 	 0.6543354670 	 -1.0897837196 
1.2525000000 	 0.9659789796 	 -1.6657808216 
1.2540000000 	 0.4122659598 	 -2.0153491686 
1.2555000000 	 0.0226933677 	 -1.4866729703 
1.2570000000 	 0.5197921621 	 -1.0591628858 
1.2585000000 	 0.9790743811 	 -1.5222484574 
1.2600000000 	 0.5483577004 	 -2.0109121505 
1.2615000000 	 0.0289524678 	 -1.6146722456 
1.2630000000 	 0.3849020241 	 -1.0672268600 
1.2645000000 	 0.9536748520 	 -1.3811834419 
1.2660000000 	 0.6793308152 	 -1.9683636861 
1.2675000000 	 0.0728914026 	 -1.7349331993 
1.2690000000 	 0.2604677623 	 -1.1123494042 
1.2705000000 	 0.8921661835 	 -1.2532324744 
1.2720000000 	 0.7947459508 	 -1.8908353460 
1.2735000000 	 0.1506483010 	 -1.8372760475 
1.2750000000 	 0.1563567803 	 -1.1899595146 
1.2765000000 	 0.7998018086 	 -1.1479014944 
1.2780000000 	 0.8855037838 	 -1.7842349287 
1.2795000000 	 0.2556903126 	 -1.9130530924 
1.2810000000 	 0.0807205431 	 -1.2929336913 
1.2825000000 	 0.6842566046 	 -1.0728057240 
1.2840000000 	 0.9445605899 	 -1.6567487070 
1.2855000000 	 0.3793602902 	 -1.9558263738 
1.2870000000 	 0.0393581729 	 -1.4121886818 
1.2885000000 	 0.5549911790 	 -1.0330776261 
1.2900000000 	 0.9674730380 	 -1.5181660457 
1.2915000000 	 0.5115883442 	 -1.9618625746 
1.2930000000 	 0.0352738139 	 -1.5374255395 
1.2945000000 	 0.4224791315 	 -1.0309786541 
1.2960000000 	 0.9527302189 	 -1.3790819449 
1.2975000000 	 0.6417099418 	 -1.9304072805 
1.2990000000 	 0.0684613950 	 -1.6579641934 
1.3005000000 	 0.2973602580 	 -1.0657439895 
1.3020000000 	 0.9018482836 	 -1.2500423138 
1.3035000000 	 0.7593242341 	 -1.8637186521 
1.3050000000 	 0.1359319561 	 -1.7636010407 
1.3065000000 	 0.1895880133 	 -1.1336705940 
1.3080000000 	 0.8192222433 	 -1.1407007779 
1.3095000000 	 0.8551236741 	 -1.7668599580 
1.3110000000 	 0.2319792036 	 -1.8454208362 
1.3125000000 	 0.1076394053 	 -1.2284393853 
1.3140000000 	 0.7117489232 	 -1.0590542909 
1.3155000000 	 0.9216288871 	 -1.6472696804 
1.3170000000 	 0.3486599688 	 -1.8964984055 
1.3185000000 	 0.0578499030 	 -1.3416437240 
1.3200000000 	 0.5882532151 	 -1.0108179383 
1.3215000000 	 0.9537709072 	 -1.5141455011 
1.3230000000 	 0.4764492869 	 -1.9124350787 
1.3245000000 	 0.0439254093 	 -1.4634801713 
1.3260000000 	 0.4587652051 	 -0.9989876710 
1.3275000000 	 0.9492755872 	 -1.3776930281 
1.3290000000 	 0.6050162207 	 -1.8916884220 
1.3305000000 	 0.0666687508 	 -1.5835448943 
1.3320000000 	 0.3337072436 	 -1.0236242736 
1.3335000000 	 0.9088211874 	 -1.2483004794 
1.3350000000 	 0.7240573742 	 -1.8356707156 
1.3365000000 	 0.1239406783 	 -1.6916711569 
1.3380000000 	 0.2230567113 	 -1.0818739105 
1.3395000000 	 0.8359585158 	 -1.1357059249 
1.3410000000 	 0.8241209823 	 -1.7486103111 
1.3425000000 	 0.2108564646 	 -1.7787406036 
1.3440000000 	 0.1355516027 	 -1.1682215625 
1.3455000000 	 0.7368020529 	 -1.0482237096 
1.3470000000 	 0.8973557924 	 -1.6371889950 
1.3485000000 	 0.3202003572 	 -1.8374037221 
1.3500000000 	 0.0780020554 	 -1.2749550941 
1.3515000000 	 0.6195187161 	 -0.9920913768 
1.3530000000 	 0.9381255276 	 -1.5099862649 
1.3545000000 	 0.4430228921 	 -1.8626526766 
1.3560000000 	 0.0547619461 	 -1.3928010553 
1.3575000000 	 0.4936568583 	 -0.9709882637 
1.3590000000 	 0.9434409634 	 -1.3767765875 
1.3605000000 	 0.5693717633 	 -1.8522019828 
1.3620000000 	 0.0674014266 	 -1.5116799324 
1.3635000000 	 0.3693704958 	 -0.9857627876 
1.3650000000 	 0.9131766315 	 -1.2477370620 
1.3665000000 	 0.6890966914 	 -1.8066482276 
1.3680000000 	 0.1146048727 	 -1.6215194634 
1.3695000000 	 0.2566016671 	 -1.0343884561 
1.3710000000 	 0.8500566493 	 -1.1326295857 
1.3725000000 	 0.7926633255 	 -1.7293979319 
1.3740000000 	 0.1923005012 	 -1.7130605090 
1.3755000000 	 0.1642866384 	 -1.1121501881 
1.3770000000 	 0.7594127524 	 -1.0400231149 
1.3785000000 	 0.8719110364 	 -1.6263712750 
1.3800000000 	 0.2940093455 	 -1.7785911203 
1.3815000000 	 0.0996492149 	 -1.2120441189 
1.3830000000 	 0.6487357831 	 -0.9766178634 
1.3845000000 	 0.9206944877 	 -1.5055072404 
1.3860000000 	 0.4113838572 	 -1.8125507140 
1.3875000000 	 0.0676369303 	 -1.3253571419 
1.3890000000 	 0.5270582169 	 -0.9467246148 
1.3905000000 	 0.9353586608 	 -1.3761114046 
1.3920000000 	 0.5348914938 	 -1.8119571345 
1.3935000000 	 0.0705440017 	 -1.4423783578 
1.3950000000 	 0.4042184973 	 -0.9519394947 
1.3965000000 	 0.9150107344 	 -1.2480998174 
1.3980000000 	 0.6545874348 	 -1.7766239229 
1.3995000000 	 0.1078496537 	 -1.5531844562 
1.4010000000 	 0.2900669774 	 -0.9910385866 
1.4025000000 	 0.8615687581 	 -1.1312002897 
1.4040000000 	 0.7609139087 	 -1.7091521523 
1.4055000000 	 0.1762829624 	 -1.6484356229 
1.4070000000 	 0.1936774393 	 -1.0600990136 
1.4085000000 	 0.7795850614 	 -1.0341753023 
1.4100000000 	 0.8454619972 	 -1.6146993315 
1.4115000000 	 0.2701071798 	 -1.7201182450 
1.4130000000 	 0.1226271950 	 -1.1528349456 
1.4145000000 	 0.6758603617 	 -0.9641284985 
1.4160000000 	 0.9016353058 	 -1.5005456775 
1.4175000000 	 0.3815990093 	 -1.7621754581 
1.4190000000 	 0.0824027766 	 -1.2611199142 
1.4205000000 	 0.5588811341 	 -0.9259495353 
1.4220000000 	 0.9251632289 	 -1.3754940899 
1.4235000000 	 0.5016829246 	 -1.7709760231 
1.4250000000 	 0.0759777221 	 -1.3756521529 
1.4265000000 	 0.4381266673 	 -0.9219405689 
1.4280000000 	 0.9144239803 	 -1.2491531556 
1.4295000000 	 0.6206685487 	 -1.7455853440 
1.4310000000 	 0.1035948327 	 -1.4867086001 
1.4325000000 	 0.3233022752 	 -0.9516527769 
1.4340000000 	 0.8705530876 	 -1.1311614681 
1.4355000000 	 0.7290312949 	 -1.6878185440 
1.4370000000 	 0.1627686713 	 -1.5849265509 
1.4385000000 	 0.2235605787 	 -1.0119443079 
1.4400000000 	 0.7973303968 	 -1.0304157677 
1.4415000000 	 0.8181734881 	 -1.6020731021 
1.4430000000 	 0.2485063388 	 -1.6620502213 
1.4445000000 	 0.1467732366 	 -1.0972532503 
1.4460000000 	 0.7008563903 	 -0.9543646042 
1.4475000000 	 0.8811052485 	 -1.4949561947 
1.4490000000 	 0.3537271329 	 -1.7115827938 
1.4505000000 	 0.0989109700 	 -1.2000620797 
1.4520000000 	 0.5890453842 	 -0.9084234963 
1.4535000000 	 0.9129913158 	 -1.3747381771 
1.4550000000 	 0.4698459436 	 -1.7292925413 
1.4565000000 	 0.0835806117 	 -1.3115149159 
1.4580000000 	 0.4709775902 	 -0.8955574051 
1.4595000000 	 0.9115211351 	 -1.2506772948 
1.4610000000 	 0.5874724318 	 -1.7135336977 
1.4625000000 	 0.1017549720 	 -1.4221370149 
1.4640000000 	 0.3561629802 	 -0.9160625990 
1.4655000000 	 0.8770739924 	 -1.1322706525 
1.4670000000 	 0.6971691505 	 -1.6653578661 
1.4685000000 	 0.1517156147 	 -1.5225981381 
1.4700000000 	 0.2537765317 	 -0.9675637974 
1.4715000000 	 0.8126675964 	 -1.0284919349 
1.4730000000 	 0.7902075055 	 -1.5884086911 
1.4745000000 	 0.2292114578 	 -1.6044583922 
1.4760000000 	 0.1719262517 	 -1.0452251386 
1.4775000000 	 0.7236959089 	 -0.9470769622 
1.4790000000 	 0.8592610987 	 -1.4886099092 
1.4805000000 	 0.3278188295 	 -1.6608370120 
1.4820000000 	 0.1170122809 	 -1.1421564336 
1.4835000000 	 0.6174788325 	 -0.8939138604 
1.4850000000 	 0.8989814722 	 -1.3736733374 
1.4865000000 	 0.4394726172 	 -1.6869511816 
1.4880000000 	 0.0932276441 	 -1.2499806949 
1.4895000000 	 0.5026612362 	 -0.8725858262 
1.4910000000 	 0.9064111030 	 -1.2524675495 
1.4925000000 	 0.5551246945 	 -1.6804827879 
1.4940000000 	 0.1022394969 	 -1.3595162928 
1.4955000000 	 0.3885105574 	 -0.8841018917 
1.4970000000 	 0.8812018565 	 -1.1342988204 
1.4985000000 	 0.6654759728 	 -1.6417450891 
