# dt 0.5000000000 -- t_end 9500 -- Nfb 5 -- fb_phase 0.0000000000
# E_cav 0.0000000000 -- Gamma 0.5000000000 -- G_cav 0.0500000000
# Ndim 2 -- Nbin 2 -- Ncav 6 -- cutoff 0.0000000001
# Init_EE 0.00 -- pn1 1.00 -- pn2 0.00 -- pn3 0.00 -- pn4 0.00
#SpecSteps 2000 --- SpecIntervall 3.00 
0.5000000000 	0.0000000000 	 0.0000000000 	0.0000000000 	 0.0000000000 	
1.0000000000 	0.0000000037 	 0.0000249946 	0.0000072739 	 0.0000000001 	
1.5000000000 	0.0000000551 	 0.0000999162 	0.0000496568 	 0.0000000025 	
2.0000000000 	0.0000002568 	 0.0002245866 	0.0001300946 	 0.0000000169 	
2.5000000000 	0.0000007481 	 0.0003987289 	0.0002438711 	 0.0000000595 	
3.0000000000 	0.0000016863 	 0.0006219824 	0.0003868227 	 0.0000001497 	
3.5000000000 	0.0000032422 	 0.0008939133 	0.0005484447 	 0.0000003009 	
4.0000000000 	0.0000056370 	 0.0012140149 	0.0007001955 	 0.0000004906 	
4.5000000000 	0.0000091398 	 0.0015816988 	0.0008403736 	 0.0000007069 	
5.0000000000 	0.0000140562 	 0.0019962934 	0.0009746585 	 0.0000009513 	
5.5000000000 	0.0000207213 	 0.0024570461 	0.0011074951 	 0.0000012290 	
6.0000000000 	0.0000294946 	 0.0029631269 	0.0012418871 	 0.0000015452 	
6.5000000000 	0.0000407588 	 0.0035136318 	0.0013780809 	 0.0000019037 	
7.0000000000 	0.0000549293 	 0.0041075852 	0.0015144405 	 0.0000023002 	
7.5000000000 	0.0000724541 	 0.0047439407 	0.0016497741 	 0.0000027313 	
8.0000000000 	0.0000938123 	 0.0054215819 	0.0017836567 	 0.0000031946 	
8.5000000000 	0.0001195108 	 0.0061393242 	0.0019161725 	 0.0000036894 	
9.0000000000 	0.0001500811 	 0.0068959170 	0.0020475960 	 0.0000042157 	
9.5000000000 	0.0001860774 	 0.0076900465 	0.0021780841 	 0.0000047736 	
10.0000000000 	0.0002280768 	 0.0085203378 	0.0023076031 	 0.0000053624 	
10.5000000000 	0.0002766787 	 0.0093853579 	0.0024360254 	 0.0000059808 	
11.0000000000 	0.0003325038 	 0.0102836179 	0.0025632200 	 0.0000066274 	
11.5000000000 	0.0003961928 	 0.0112135755 	0.0026890950 	 0.0000073009 	
12.0000000000 	0.0004684044 	 0.0121736380 	0.0028135989 	 0.0000080003 	
12.5000000000 	0.0005498137 	 0.0131621649 	0.0029366959 	 0.0000087243 	
13.0000000000 	0.0006411105 	 0.0141774708 	0.0030583449 	 0.0000094719 	
13.5000000000 	0.0007429978 	 0.0152178286 	0.0031784964 	 0.0000102417 	
14.0000000000 	0.0008561917 	 0.0162814724 	0.0032970875 	 0.0000110318 	
14.5000000000 	0.0009814173 	 0.0173666003 	0.0034140748 	 0.0000118418 	
15.0000000000 	0.0011194089 	 0.0184713780 	0.0035294016 	 0.0000126701 	
15.5000000000 	0.0012709079 	 0.0195939420 	0.0036430195 	 0.0000135151 	
16.0000000000 	0.0014366607 	 0.0207324025 	0.0037548830 	 0.0000143755 	
16.5000000000 	0.0016174179 	 0.0218848469 	0.0038649487 	 0.0000152497 	
17.0000000000 	0.0018139319 	 0.0230493432 	0.0039731726 	 0.0000161362 	
17.5000000000 	0.0020269553 	 0.0242239429 	0.0040795115 	 0.0000170337 	
18.0000000000 	0.0022572395 	 0.0254066851 	0.0041839241 	 0.0000179406 	
18.5000000000 	0.0025055324 	 0.0265955990 	0.0042863706 	 0.0000188553 	
19.0000000000 	0.0027725773 	 0.0277887079 	0.0043868130 	 0.0000197765 	
19.5000000000 	0.0030591109 	 0.0289840323 	0.0044852148 	 0.0000207025 	
20.0000000000 	0.0033658615 	 0.0301795935 	0.0045815411 	 0.0000216317 	
20.5000000000 	0.0036935477 	 0.0313734166 	0.0046757582 	 0.0000225627 	
21.0000000000 	0.0040428762 	 0.0325635340 	0.0047678340 	 0.0000234939 	
21.5000000000 	0.0044145405 	 0.0337479888 	0.0048577377 	 0.0000244238 	
22.0000000000 	0.0048092193 	 0.0349248381 	0.0049454404 	 0.0000253508 	
22.5000000000 	0.0052275743 	 0.0360921560 	0.0050309143 	 0.0000262734 	
23.0000000000 	0.0056702495 	 0.0372480369 	0.0051141335 	 0.0000271901 	
23.5000000000 	0.0061378688 	 0.0383905988 	0.0051950733 	 0.0000280994 	
24.0000000000 	0.0066310350 	 0.0395179864 	0.0052737106 	 0.0000289998 	
24.5000000000 	0.0071503280 	 0.0406283738 	0.0053500238 	 0.0000298898 	
25.0000000000 	0.0076963035 	 0.0417199679 	0.0054239926 	 0.0000307680 	
25.5000000000 	0.0082694915 	 0.0427910112 	0.0054955983 	 0.0000316330 	
26.0000000000 	0.0088703947 	 0.0438397843 	0.0055648237 	 0.0000324834 	
26.5000000000 	0.0094994878 	 0.0448646091 	0.0056316527 	 0.0000333178 	
27.0000000000 	0.0101572153 	 0.0458638514 	0.0056960710 	 0.0000341349 	
27.5000000000 	0.0108439910 	 0.0468359233 	0.0057580653 	 0.0000349333 	
28.0000000000 	0.0115601964 	 0.0477792857 	0.0058176238 	 0.0000357118 	
28.5000000000 	0.0123061797 	 0.0486924511 	0.0058747361 	 0.0000364691 	
29.0000000000 	0.0130822547 	 0.0495739854 	0.0059293930 	 0.0000372041 	
29.5000000000 	0.0138886996 	 0.0504225102 	0.0059815867 	 0.0000379156 	
30.0000000000 	0.0147257563 	 0.0512367054 	0.0060313103 	 0.0000386024 	
30.5000000000 	0.0155936291 	 0.0520153105 	0.0060785586 	 0.0000392636 	
31.0000000000 	0.0164924845 	 0.0527571270 	0.0061233272 	 0.0000398980 	
31.5000000000 	0.0174224496 	 0.0534610198 	0.0061656131 	 0.0000405047 	
32.0000000000 	0.0183836118 	 0.0541259191 	0.0062054142 	 0.0000410827 	
32.5000000000 	0.0193760182 	 0.0547508218 	0.0062427297 	 0.0000416312 	
33.0000000000 	0.0203996749 	 0.0553347930 	0.0062775597 	 0.0000421494 	
33.5000000000 	0.0214545463 	 0.0558769675 	0.0063099053 	 0.0000426364 	
34.0000000000 	0.0225405548 	 0.0563765502 	0.0063397693 	 0.0000430916 	
34.5000000000 	0.0236575806 	 0.0568328180 	0.0063671463 	 0.0000435141 	
35.0000000000 	0.0248054607 	 0.0572451203 	0.0063920496 	 0.0000439036 	
35.5000000000 	0.0259839899 	 0.0576128798 	0.0064145114 	 0.0000442592 	
36.0000000000 	0.0271929190 	 0.0579355933 	0.0064344865 	 0.0000445806 	
36.5000000000 	0.0284319556 	 0.0582128321 	0.0064519982 	 0.0000448673 	
37.0000000000 	0.0297007640 	 0.0584442426 	0.0064670620 	 0.0000451192 	
37.5000000000 	0.0309989658 	 0.0586295463 	0.0064796921 	 0.0000453353 	
38.0000000000 	0.0323261385 	 0.0587685401 	0.0064898895 	 0.0000455158 	
38.5000000000 	0.0336818167 	 0.0588610963 	0.0064976529 	 0.0000456603 	
39.0000000000 	0.0350654926 	 0.0589071626 	0.0065030194 	 0.0000457688 	
39.5000000000 	0.0364766152 	 0.0589067617 	0.0065059651 	 0.0000458411 	
40.0000000000 	0.0379145914 	 0.0588599912 	0.0065065286 	 0.0000458771 	
40.5000000000 	0.0393787866 	 0.0587670228 	0.0065047129 	 0.0000458772 	
41.0000000000 	0.0408685244 	 0.0586281020 	0.0065005375 	 0.0000458411 	
41.5000000000 	0.0423830881 	 0.0584435473 	0.0064940109 	 0.0000457689 	
42.0000000000 	0.0439217210 	 0.0582137494 	0.0064851188 	 0.0000456608 	
42.5000000000 	0.0454836264 	 0.0579391700 	0.0064739263 	 0.0000455174 	
43.0000000000 	0.0470679691 	 0.0576203414 	0.0064604196 	 0.0000453386 	
43.5000000000 	0.0486738762 	 0.0572578644 	0.0064446117 	 0.0000451250 	
44.0000000000 	0.0503004377 	 0.0568524080 	0.0064265163 	 0.0000448768 	
44.5000000000 	0.0519467074 	 0.0564047075 	0.0064061617 	 0.0000445947 	
45.0000000000 	0.0536117040 	 0.0559155629 	0.0063835563 	 0.0000442790 	
45.5000000000 	0.0552944121 	 0.0553858378 	0.0063587140 	 0.0000439305 	
46.0000000000 	0.0569937832 	 0.0548164575 	0.0063316561 	 0.0000435496 	
46.5000000000 	0.0587087370 	 0.0542084071 	0.0063023930 	 0.0000431372 	
47.0000000000 	0.0604381624 	 0.0535627301 	0.0062709463 	 0.0000426938 	
47.5000000000 	0.0621809188 	 0.0528805260 	0.0062373357 	 0.0000422204 	
48.0000000000 	0.0639358373 	 0.0521629486 	0.0062015763 	 0.0000417176 	
48.5000000000 	0.0657017223 	 0.0514112038 	0.0061636812 	 0.0000411863 	
49.0000000000 	0.0674773524 	 0.0506265477 	0.0061236719 	 0.0000406275 	
49.5000000000 	0.0692614820 	 0.0498102840 	0.0060815664 	 0.0000400421 	
50.0000000000 	0.0710528429 	 0.0489637621 	0.0060373817 	 0.0000394310 	
50.5000000000 	0.0728501454 	 0.0480883745 	0.0059911364 	 0.0000387953 	
51.0000000000 	0.0746520803 	 0.0471855545 	0.0059428492 	 0.0000381360 	
51.5000000000 	0.0764573196 	 0.0462567739 	0.0058925426 	 0.0000374543 	
52.0000000000 	0.0782645189 	 0.0453035405 	0.0058402128 	 0.0000367511 	
52.5000000000 	0.0800723185 	 0.0443273951 	0.0057859105 	 0.0000360278 	
53.0000000000 	0.0818793450 	 0.0433299098 	0.0057296664 	 0.0000352854 	
53.5000000000 	0.0836842132 	 0.0423126847 	0.0056714353 	 0.0000345249 	
54.0000000000 	0.0854855273 	 0.0412773454 	0.0056112947 	 0.0000337479 	
54.5000000000 	0.0872818828 	 0.0402255406 	0.0055492355 	 0.0000329557 	
55.0000000000 	0.0890718673 	 0.0391589395 	0.0054853381 	 0.0000321497 	
55.5000000000 	0.0908540644 	 0.0380792288 	0.0054195425 	 0.0000313304 	
56.0000000000 	0.0926270538 	 0.0369881100 	0.0053518331 	 0.0000304993 	
56.5000000000 	0.0943894125 	 0.0358872967 	0.0052823609 	 0.0000296584 	
57.0000000000 	0.0961397172 	 0.0347785123 	0.0052110711 	 0.0000288085 	
57.5000000000 	0.0978765461 	 0.0336634869 	0.0051379878 	 0.0000279511 	
58.0000000000 	0.0995984803 	 0.0325439549 	0.0050631370 	 0.0000270874 	
58.5000000000 	0.1013041050 	 0.0314216519 	0.0049865469 	 0.0000262189 	
59.0000000000 	0.1029920120 	 0.0302983124 	0.0049082339 	 0.0000253469 	
59.5000000000 	0.1046608014 	 0.0291756670 	0.0048282186 	 0.0000244727 	
60.0000000000 	0.1063090826 	 0.0280554397 	0.0047465237 	 0.0000235977 	
60.5000000000 	0.1079354763 	 0.0269393456 	0.0046631716 	 0.0000227233 	
61.0000000000 	0.1095386160 	 0.0258290878 	0.0045781849 	 0.0000218508 	
61.5000000000 	0.1111171498 	 0.0247263554 	0.0044915868 	 0.0000209815 	
62.0000000000 	0.1126697417 	 0.0236328204 	0.0044034007 	 0.0000201167 	
62.5000000000 	0.1141950735 	 0.0225501360 	0.0043136503 	 0.0000192578 	
63.0000000000 	0.1156918461 	 0.0214799333 	0.0042223598 	 0.0000184061 	
63.5000000000 	0.1171587809 	 0.0204238197 	0.0041295535 	 0.0000175628 	
64.0000000000 	0.1185946217 	 0.0193833759 	0.0040352566 	 0.0000167292 	
64.5000000000 	0.1199981359 	 0.0183601542 	0.0039394945 	 0.0000159067 	
65.0000000000 	0.1213681161 	 0.0173556757 	0.0038422930 	 0.0000150963 	
65.5000000000 	0.1227033810 	 0.0163714289 	0.0037436785 	 0.0000142994 	
66.0000000000 	0.1240027775 	 0.0154088665 	0.0036436779 	 0.0000135170 	
66.5000000000 	0.1252651816 	 0.0144694046 	0.0035423187 	 0.0000127505 	
67.0000000000 	0.1264894998 	 0.0135544197 	0.0034396287 	 0.0000120008 	
67.5000000000 	0.1276746702 	 0.0126652473 	0.0033356365 	 0.0000112691 	
68.0000000000 	0.1288196642 	 0.0118031800 	0.0032303712 	 0.0000105565 	
68.5000000000 	0.1299234870 	 0.0109694655 	0.0031238624 	 0.0000098641 	
69.0000000000 	0.1309851792 	 0.0101653054 	0.0030161404 	 0.0000091927 	
69.5000000000 	0.1320038180 	 0.0093918530 	0.0029072362 	 0.0000085434 	
70.0000000000 	0.1329785178 	 0.0086502121 	0.0027971812 	 0.0000079172 	
70.5000000000 	0.1339084314 	 0.0079414354 	0.0026860077 	 0.0000073149 	
71.0000000000 	0.1347927514 	 0.0072665235 	0.0025737486 	 0.0000067374 	
71.5000000000 	0.1356307102 	 0.0066264227 	0.0024604374 	 0.0000061855 	
72.0000000000 	0.1364215818 	 0.0060220250 	0.0023461084 	 0.0000056599 	
72.5000000000 	0.1371646819 	 0.0054541660 	0.0022307965 	 0.0000051615 	
73.0000000000 	0.1378593693 	 0.0049236241 	0.0021145373 	 0.0000046909 	
73.5000000000 	0.1385050461 	 0.0044311200 	0.0019973673 	 0.0000042488 	
74.0000000000 	0.1391011583 	 0.0039773151 	0.0018793235 	 0.0000038358 	
74.5000000000 	0.1396471972 	 0.0035628113 	0.0017604439 	 0.0000034523 	
75.0000000000 	0.1401426990 	 0.0031881500 	0.0016407668 	 0.0000030991 	
75.5000000000 	0.1405872458 	 0.0028538118 	0.0015203318 	 0.0000027764 	
76.0000000000 	0.1409804661 	 0.0025602153 	0.0013991788 	 0.0000024848 	
76.5000000000 	0.1413220349 	 0.0023077177 	0.0012773487 	 0.0000022246 	
77.0000000000 	0.1416116743 	 0.0020966134 	0.0011548830 	 0.0000019962 	
77.5000000000 	0.1418491538 	 0.0019271347 	0.0010318239 	 0.0000017997 	
78.0000000000 	0.1420342902 	 0.0017994508 	0.0009082146 	 0.0000016355 	
78.5000000000 	0.1421669482 	 0.0017136684 	0.0007840987 	 0.0000015038 	
79.0000000000 	0.1422470402 	 0.0016698314 	0.0006595208 	 0.0000014046 	
79.5000000000 	0.1422745267 	 0.0016679208 	0.0005345260 	 0.0000013380 	
80.0000000000 	0.1422494160 	 0.0017078554 	0.0004091603 	 0.0000013041 	
80.5000000000 	0.1421717641 	 0.0017894917 	0.0002834702 	 0.0000013028 	
81.0000000000 	0.1420416751 	 0.0019126245 	0.0001575031 	 0.0000013342 	
81.5000000000 	0.1418593006 	 0.0020769869 	0.0000313069 	 0.0000013980 	
82.0000000000 	0.1416248394 	 0.0022822516 	-0.0000950697 	 0.0000014941 	
82.5000000000 	0.1413385379 	 0.0025280307 	-0.0002215777 	 0.0000016223 	
83.0000000000 	0.1410006889 	 0.0028138769 	-0.0003481669 	 0.0000017824 	
83.5000000000 	0.1406116321 	 0.0031392841 	-0.0004747871 	 0.0000019741 	
84.0000000000 	0.1401717529 	 0.0035036885 	-0.0006013872 	 0.0000021969 	
84.5000000000 	0.1396814825 	 0.0039064690 	-0.0007279156 	 0.0000024506 	
85.0000000000 	0.1391412971 	 0.0043469489 	-0.0008543201 	 0.0000027346 	
85.5000000000 	0.1385517174 	 0.0048243963 	-0.0009805483 	 0.0000030485 	
86.0000000000 	0.1379133081 	 0.0053380258 	-0.0011065469 	 0.0000033917 	
86.5000000000 	0.1372266768 	 0.0058869994 	-0.0012322629 	 0.0000037637 	
87.0000000000 	0.1364924740 	 0.0064704279 	-0.0013576401 	 0.0000041639 	
87.5000000000 	0.1357113914 	 0.0070873725 	-0.0014826265 	 0.0000045916 	
88.0000000000 	0.1348841620 	 0.0077368456 	-0.0016071613 	 0.0000050461 	
88.5000000000 	0.1340115586 	 0.0084178131 	-0.0017312140 	 0.0000055267 	
89.0000000000 	0.1330943935 	 0.0091291952 	-0.0018546989 	 0.0000060326 	
89.5000000000 	0.1321335166 	 0.0098698688 	-0.0019775625 	 0.0000065631 	
90.0000000000 	0.1311298154 	 0.0106386683 	-0.0020997785 	 0.0000071172 	
90.5000000000 	0.1300842134 	 0.0114343880 	-0.0022212569 	 0.0000076942 	
91.0000000000 	0.1289976689 	 0.0122557837 	-0.0023419609 	 0.0000082930 	
91.5000000000 	0.1278711745 	 0.0131015744 	-0.0024618294 	 0.0000089127 	
92.0000000000 	0.1267057554 	 0.0139704442 	-0.0025808007 	 0.0000095523 	
92.5000000000 	0.1255024684 	 0.0148610444 	-0.0026988251 	 0.0000102110 	
93.0000000000 	0.1242624008 	 0.0157719953 	-0.0028158635 	 0.0000108877 	
93.5000000000 	0.1229866692 	 0.0167018882 	-0.0029318353 	 0.0000115812 	
94.0000000000 	0.1216764176 	 0.0176492877 	-0.0030466882 	 0.0000122906 	
94.5000000000 	0.1203328167 	 0.0186127333 	-0.0031603696 	 0.0000130147 	
95.0000000000 	0.1189570623 	 0.0195907421 	-0.0032728263 	 0.0000137524 	
95.5000000000 	0.1175503738 	 0.0205818104 	-0.0033840010 	 0.0000145026 	
96.0000000000 	0.1161139930 	 0.0215844162 	-0.0034938386 	 0.0000152641 	
96.5000000000 	0.1146491825 	 0.0225970215 	-0.0036022859 	 0.0000160357 	
97.0000000000 	0.1131572247 	 0.0236180740 	-0.0037092897 	 0.0000168163 	
97.5000000000 	0.1116394200 	 0.0246460099 	-0.0038147960 	 0.0000176047 	
98.0000000000 	0.1100970850 	 0.0256792557 	-0.0039187512 	 0.0000183996 	
98.5000000000 	0.1085315514 	 0.0267162310 	-0.0040211024 	 0.0000191998 	
99.0000000000 	0.1069441644 	 0.0277553500 	-0.0041217979 	 0.0000200041 	
99.5000000000 	0.1053362810 	 0.0287950247 	-0.0042207916 	 0.0000208114 	
100.0000000000 	0.1037092686 	 0.0298336664 	-0.0043180330 	 0.0000216203 	
100.5000000000 	0.1020645036 	 0.0308696886 	-0.0044134624 	 0.0000224295 	
101.0000000000 	0.1004033694 	 0.0319015086 	-0.0045070312 	 0.0000232379 	
101.5000000000 	0.0987272547 	 0.0329275506 	-0.0045986952 	 0.0000240443 	
102.0000000000 	0.0970375525 	 0.0339462472 	-0.0046884114 	 0.0000248473 	
102.5000000000 	0.0953356581 	 0.0349560423 	-0.0047761309 	 0.0000256458 	
103.0000000000 	0.0936229679 	 0.0359553929 	-0.0048618074 	 0.0000264386 	
103.5000000000 	0.0919008775 	 0.0369427715 	-0.0049453936 	 0.0000272244 	
104.0000000000 	0.0901707803 	 0.0379166685 	-0.0050268517 	 0.0000280021 	
104.5000000000 	0.0884340655 	 0.0388755940 	-0.0051061350 	 0.0000287705 	
105.0000000000 	0.0866921164 	 0.0398180803 	-0.0051831830 	 0.0000295283 	
105.5000000000 	0.0849463099 	 0.0407426840 	-0.0052580143 	 0.0000302744 	
106.0000000000 	0.0831980148 	 0.0416479878 	-0.0053305739 	 0.0000310078 	
106.5000000000 	0.0814485897 	 0.0425326030 	-0.0054007714 	 0.0000317271 	
107.0000000000 	0.0796993804 	 0.0433951714 	-0.0054685892 	 0.0000324313 	
107.5000000000 	0.0779517205 	 0.0442343672 	-0.0055340230 	 0.0000331195 	
108.0000000000 	0.0762069285 	 0.0450488989 	-0.0055970293 	 0.0000337905 	
108.5000000000 	0.0744663062 	 0.0458375115 	-0.0056575624 	 0.0000344433 	
109.0000000000 	0.0727311385 	 0.0465989881 	-0.0057155934 	 0.0000350768 	
109.5000000000 	0.0710026916 	 0.0473321518 	-0.0057711081 	 0.0000356902 	
110.0000000000 	0.0692822113 	 0.0480358676 	-0.0058240587 	 0.0000362824 	
110.5000000000 	0.0675709210 	 0.0487090440 	-0.0058744378 	 0.0000368526 	
111.0000000000 	0.0658700214 	 0.0493506343 	-0.0059222105 	 0.0000373998 	
111.5000000000 	0.0641806889 	 0.0499596391 	-0.0059673557 	 0.0000379232 	
112.0000000000 	0.0625040745 	 0.0505351067 	-0.0060098510 	 0.0000384221 	
112.5000000000 	0.0608413018 	 0.0510761355 	-0.0060496843 	 0.0000388955 	
113.0000000000 	0.0591934667 	 0.0515818750 	-0.0060868327 	 0.0000393429 	
113.5000000000 	0.0575616353 	 0.0520515268 	-0.0061212255 	 0.0000397631 	
114.0000000000 	0.0559468438 	 0.0524843466 	-0.0061529616 	 0.0000401563 	
114.5000000000 	0.0543500975 	 0.0528796448 	-0.0061819543 	 0.0000405213 	
115.0000000000 	0.0527723685 	 0.0532367878 	-0.0062081735 	 0.0000408574 	
115.5000000000 	0.0512145958 	 0.0535551991 	-0.0062316488 	 0.0000411643 	
116.0000000000 	0.0496776848 	 0.0538343599 	-0.0062523666 	 0.0000414416 	
116.5000000000 	0.0481625048 	 0.0540738106 	-0.0062703093 	 0.0000416888 	
117.0000000000 	0.0466698891 	 0.0542731509 	-0.0062854738 	 0.0000419053 	
117.5000000000 	0.0452006349 	 0.0544320410 	-0.0062978595 	 0.0000420910 	
118.0000000000 	0.0437555015 	 0.0545502021 	-0.0063074634 	 0.0000422454 	
118.5000000000 	0.0423352105 	 0.0546274166 	-0.0063142846 	 0.0000423684 	
119.0000000000 	0.0409404442 	 0.0546635290 	-0.0063183262 	 0.0000424598 	
119.5000000000 	0.0395718458 	 0.0546584461 	-0.0063195869 	 0.0000425192 	
120.0000000000 	0.0382300183 	 0.0546121369 	-0.0063180635 	 0.0000425465 	
120.5000000000 	0.0369155248 	 0.0545246335 	-0.0063138086 	 0.0000425420 	
121.0000000000 	0.0356288882 	 0.0543960305 	-0.0063067743 	 0.0000425052 	
121.5000000000 	0.0343705898 	 0.0542264853 	-0.0062969693 	 0.0000424363 	
122.0000000000 	0.0331410701 	 0.0540162181 	-0.0062844464 	 0.0000423357 	
122.5000000000 	0.0319407281 	 0.0537655112 	-0.0062691984 	 0.0000422031 	
123.0000000000 	0.0307699213 	 0.0534747095 	-0.0062512341 	 0.0000420388 	
123.5000000000 	0.0296289653 	 0.0531442193 	-0.0062305732 	 0.0000418429 	
124.0000000000 	0.0285181349 	 0.0527745083 	-0.0062072350 	 0.0000416160 	
124.5000000000 	0.0274376627 	 0.0523661050 	-0.0061812368 	 0.0000413582 	
125.0000000000 	0.0263877400 	 0.0519195979 	-0.0061525985 	 0.0000410699 	
125.5000000000 	0.0253685171 	 0.0514356347 	-0.0061213419 	 0.0000407515 	
126.0000000000 	0.0243801031 	 0.0509149217 	-0.0060874900 	 0.0000404035 	
126.5000000000 	0.0234225664 	 0.0503582227 	-0.0060510669 	 0.0000400263 	
127.0000000000 	0.0224959353 	 0.0497663577 	-0.0060120985 	 0.0000396206 	
127.5000000000 	0.0216001981 	 0.0491402025 	-0.0059706108 	 0.0000391869 	
128.0000000000 	0.0207353037 	 0.0484806866 	-0.0059266326 	 0.0000387258 	
128.5000000000 	0.0199011622 	 0.0477887927 	-0.0058801970 	 0.0000382381 	
129.0000000000 	0.0190976454 	 0.0470655547 	-0.0058313294 	 0.0000377244 	
129.5000000000 	0.0183245877 	 0.0463120567 	-0.0057800611 	 0.0000371856 	
130.0000000000 	0.0175817866 	 0.0455294312 	-0.0057264320 	 0.0000366225 	
130.5000000000 	0.0168690036 	 0.0447188575 	-0.0056704697 	 0.0000360358 	
131.0000000000 	0.0161859653 	 0.0438815602 	-0.0056122101 	 0.0000354264 	
131.5000000000 	0.0155323634 	 0.0430188069 	-0.0055516882 	 0.0000347953 	
132.0000000000 	0.0149078568 	 0.0421319071 	-0.0054889502 	 0.0000341435 	
132.5000000000 	0.0143120716 	 0.0412222096 	-0.0054240163 	 0.0000334720 	
133.0000000000 	0.0137446033 	 0.0402911009 	-0.0053569435 	 0.0000327816 	
133.5000000000 	0.0132050166 	 0.0393400030 	-0.0052877673 	 0.0000320736 	
134.0000000000 	0.0126928478 	 0.0383703713 	-0.0052165183 	 0.0000313489 	
134.5000000000 	0.0122076050 	 0.0373836924 	-0.0051432420 	 0.0000306084 	
135.0000000000 	0.0117487699 	 0.0363814819 	-0.0050679855 	 0.0000298538 	
135.5000000000 	0.0113157986 	 0.0353652821 	-0.0049907883 	 0.0000290860 	
136.0000000000 	0.0109081236 	 0.0343366597 	-0.0049116923 	 0.0000283060 	
136.5000000000 	0.0105251548 	 0.0332972032 	-0.0048307424 	 0.0000275152 	
137.0000000000 	0.0101662811 	 0.0322485209 	-0.0047479829 	 0.0000267149 	
137.5000000000 	0.0098308708 	 0.0311922377 	-0.0046634577 	 0.0000259061 	
138.0000000000 	0.0095182749 	 0.0301299934 	-0.0045772126 	 0.0000250901 	
138.5000000000 	0.0092278270 	 0.0290634397 	-0.0044892931 	 0.0000242683 	
139.0000000000 	0.0089588458 	 0.0279942377 	-0.0043997446 	 0.0000234418 	
139.5000000000 	0.0087106359 	 0.0269240553 	-0.0043086136 	 0.0000226120 	
140.0000000000 	0.0084824900 	 0.0258545645 	-0.0042159466 	 0.0000217802 	
140.5000000000 	0.0082736901 	 0.0247874391 	-0.0041217903 	 0.0000209476 	
141.0000000000 	0.0080835091 	 0.0237243517 	-0.0040261916 	 0.0000201156 	
141.5000000000 	0.0079112125 	 0.0226669710 	-0.0039291975 	 0.0000192854 	
142.0000000000 	0.0077560601 	 0.0216169595 	-0.0038308553 	 0.0000184584 	
142.5000000000 	0.0076173076 	 0.0205759706 	-0.0037312121 	 0.0000176359 	
143.0000000000 	0.0074942079 	 0.0195456458 	-0.0036303153 	 0.0000168191 	
143.5000000000 	0.0073860133 	 0.0185276125 	-0.0035282121 	 0.0000160093 	
144.0000000000 	0.0072919765 	 0.0175234809 	-0.0034249499 	 0.0000152079 	
144.5000000000 	0.0072113527 	 0.0165348415 	-0.0033205758 	 0.0000144160 	
145.0000000000 	0.0071434011 	 0.0155632629 	-0.0032151370 	 0.0000136350 	
145.5000000000 	0.0070873864 	 0.0146102886 	-0.0031086803 	 0.0000128660 	
146.0000000000 	0.0070425803 	 0.0136774349 	-0.0030012528 	 0.0000121103 	
146.5000000000 	0.0070082634 	 0.0127661883 	-0.0028929009 	 0.0000113691 	
147.0000000000 	0.0069837265 	 0.0118780029 	-0.0027836712 	 0.0000106436 	
147.5000000000 	0.0069682720 	 0.0110142981 	-0.0026736098 	 0.0000099348 	
148.0000000000 	0.0069612159 	 0.0101764564 	-0.0025627627 	 0.0000092440 	
148.5000000000 	0.0069618887 	 0.0093658205 	-0.0024511755 	 0.0000085723 	
149.0000000000 	0.0069696374 	 0.0085836918 	-0.0023388937 	 0.0000079207 	
149.5000000000 	0.0069838261 	 0.0078313275 	-0.0022259621 	 0.0000072902 	
150.0000000000 	0.0070038387 	 0.0071099392 	-0.0021124256 	 0.0000066819 	
150.5000000000 	0.0070290787 	 0.0064206899 	-0.0019983284 	 0.0000060968 	
151.0000000000 	0.0070589717 	 0.0057646929 	-0.0018837144 	 0.0000055357 	
151.5000000000 	0.0070929658 	 0.0051430093 	-0.0017686274 	 0.0000049997 	
152.0000000000 	0.0071305334 	 0.0045566463 	-0.0016531101 	 0.0000044895 	
152.5000000000 	0.0071711721 	 0.0040065556 	-0.0015372056 	 0.0000040060 	
153.0000000000 	0.0072144056 	 0.0034936314 	-0.0014209562 	 0.0000035500 	
153.5000000000 	0.0072597853 	 0.0030187092 	-0.0013044036 	 0.0000031222 	
154.0000000000 	0.0073068907 	 0.0025825641 	-0.0011875896 	 0.0000027233 	
154.5000000000 	0.0073553306 	 0.0021859093 	-0.0010705549 	 0.0000023539 	
155.0000000000 	0.0074047442 	 0.0018293950 	-0.0009533399 	 0.0000020147 	
155.5000000000 	0.0074548013 	 0.0015136070 	-0.0008359848 	 0.0000017062 	
156.0000000000 	0.0075052033 	 0.0012390659 	-0.0007185294 	 0.0000014289 	
156.5000000000 	0.0075556848 	 0.0010062257 	-0.0006010129 	 0.0000011832 	
157.0000000000 	0.0076060126 	 0.0008154734 	-0.0004834738 	 0.0000009697 	
157.5000000000 	0.0076559869 	 0.0006671277 	-0.0003659504 	 0.0000007885 	
158.0000000000 	0.0077054425 	 0.0005614389 	-0.0002484810 	 0.0000006401 	
158.5000000000 	0.0077542481 	 0.0004985878 	-0.0001311031 	 0.0000005246 	
159.0000000000 	0.0078023075 	 0.0004786857 	-0.0000138526 	 0.0000004423 	
159.5000000000 	0.0078495591 	 0.0005017738 	0.0001032329 	 0.0000003932 	
160.0000000000 	0.0078959768 	 0.0005678232 	0.0002201175 	 0.0000003776 	
160.5000000000 	0.0079415693 	 0.0006767348 	0.0003367663 	 0.0000003955 	
161.0000000000 	0.0079863809 	 0.0008283391 	0.0004531430 	 0.0000004468 	
161.5000000000 	0.0080304910 	 0.0010223966 	0.0005692128 	 0.0000005313 	
162.0000000000 	0.0080740141 	 0.0012585981 	0.0006849414 	 0.0000006490 	
162.5000000000 	0.0081170996 	 0.0015365650 	0.0008002956 	 0.0000007997 	
163.0000000000 	0.0081599317 	 0.0018558495 	0.0009152377 	 0.0000009831 	
163.5000000000 	0.0082027285 	 0.0022159360 	0.0010297397 	 0.0000011990 	
164.0000000000 	0.0082457424 	 0.0026162411 	0.0011437645 	 0.0000014473 	
164.5000000000 	0.0082892588 	 0.0030561149 	0.0012572802 	 0.0000017270 	
165.0000000000 	0.0083335960 	 0.0035348417 	0.0013702543 	 0.0000020381 	
165.5000000000 	0.0083791045 	 0.0040516414 	0.0014826549 	 0.0000023799 	
166.0000000000 	0.0084261659 	 0.0046056705 	0.0015944493 	 0.0000027519 	
166.5000000000 	0.0084751930 	 0.0051960235 	0.0017056061 	 0.0000031536 	
167.0000000000 	0.0085266275 	 0.0058217341 	0.0018160940 	 0.0000035842 	
167.5000000000 	0.0085809405 	 0.0064817773 	0.0019258797 	 0.0000040430 	
168.0000000000 	0.0086386310 	 0.0071750703 	0.0020349333 	 0.0000045293 	
168.5000000000 	0.0087002243 	 0.0079004749 	0.0021432245 	 0.0000050423 	
169.0000000000 	0.0087662716 	 0.0086567988 	0.0022507204 	 0.0000055811 	
169.5000000000 	0.0088373485 	 0.0094427982 	0.0023573920 	 0.0000061449 	
170.0000000000 	0.0089140538 	 0.0102571791 	0.0024632113 	 0.0000067327 	
170.5000000000 	0.0089970088 	 0.0110985998 	0.0025681421 	 0.0000073437 	
171.0000000000 	0.0090868540 	 0.0119656731 	0.0026721541 	 0.0000079766 	
171.5000000000 	0.0091842503 	 0.0128569687 	0.0027752217 	 0.0000086306 	
172.0000000000 	0.0092898756 	 0.0137710152 	0.0028773178 	 0.0000093048 	
172.5000000000 	0.0094044247 	 0.0147063030 	0.0029783987 	 0.0000099977 	
173.0000000000 	0.0095286061 	 0.0156612862 	0.0030784457 	 0.0000107082 	
173.5000000000 	0.0096631419 	 0.0166343861 	0.0031774256 	 0.0000114353 	
174.0000000000 	0.0098087656 	 0.0176239928 	0.0032753078 	 0.0000121777 	
174.5000000000 	0.0099662203 	 0.0186284687 	0.0033720632 	 0.0000129343 	
175.0000000000 	0.0101362567 	 0.0196461509 	0.0034676626 	 0.0000137036 	
175.5000000000 	0.0103196323 	 0.0206753540 	0.0035620715 	 0.0000144845 	
176.0000000000 	0.0105171090 	 0.0217143729 	0.0036552622 	 0.0000152756 	
176.5000000000 	0.0107294517 	 0.0227614859 	0.0037472057 	 0.0000160758 	
177.0000000000 	0.0109574263 	 0.0238149575 	0.0038378720 	 0.0000168835 	
177.5000000000 	0.0112017979 	 0.0248730413 	0.0039272297 	 0.0000176976 	
178.0000000000 	0.0114633286 	 0.0259339829 	0.0040152491 	 0.0000185167 	
178.5000000000 	0.0117427766 	 0.0269960230 	0.0041019003 	 0.0000193393 	
179.0000000000 	0.0120408933 	 0.0280574003 	0.0041871526 	 0.0000201642 	
179.5000000000 	0.0123584227 	 0.0291163548 	0.0042709760 	 0.0000209901 	
180.0000000000 	0.0126960983 	 0.0301711301 	0.0043533401 	 0.0000218154 	
180.5000000000 	0.0130546419 	 0.0312199771 	0.0044342149 	 0.0000226389 	
181.0000000000 	0.0134347618 	 0.0322611568 	0.0045135704 	 0.0000234591 	
181.5000000000 	0.0138371509 	 0.0332929428 	0.0045913752 	 0.0000242746 	
182.0000000000 	0.0142624847 	 0.0343136250 	0.0046676004 	 0.0000250843 	
182.5000000000 	0.0147114202 	 0.0353215120 	0.0047422132 	 0.0000258867 	
183.0000000000 	0.0151845936 	 0.0363149339 	0.0048151868 	 0.0000266805 	
183.5000000000 	0.0156826188 	 0.0372922457 	0.0048864901 	 0.0000274644 	
184.0000000000 	0.0162060854 	 0.0382518295 	0.0049560917 	 0.0000282370 	
184.5000000000 	0.0167555579 	 0.0391920977 	0.0050239627 	 0.0000289972 	
185.0000000000 	0.0173315730 	 0.0401114956 	0.0050900732 	 0.0000297436 	
185.5000000000 	0.0179346392 	 0.0410085037 	0.0051543929 	 0.0000304751 	
186.0000000000 	0.0185652335 	 0.0418816409 	0.0052168984 	 0.0000311905 	
186.5000000000 	0.0192238024 	 0.0427294665 	0.0052775490 	 0.0000318883 	
187.0000000000 	0.0199107584 	 0.0435505828 	0.0053363125 	 0.0000325673 	
187.5000000000 	0.0206264795 	 0.0443436378 	0.0053931778 	 0.0000332271 	
188.0000000000 	0.0213713075 	 0.0451073269 	0.0054481045 	 0.0000338660 	
188.5000000000 	0.0221455477 	 0.0458403955 	0.0055010638 	 0.0000344831 	
189.0000000000 	0.0229494668 	 0.0465416411 	0.0055520297 	 0.0000350773 	
189.5000000000 	0.0237832920 	 0.0472099153 	0.0056009754 	 0.0000356479 	
190.0000000000 	0.0246472097 	 0.0478441255 	0.0056478718 	 0.0000361937 	
190.5000000000 	0.0255413652 	 0.0484432372 	0.0056926916 	 0.0000367140 	
191.0000000000 	0.0264658612 	 0.0490062754 	0.0057354083 	 0.0000372078 	
191.5000000000 	0.0274207572 	 0.0495323261 	0.0057759952 	 0.0000376743 	
192.0000000000 	0.0284060687 	 0.0500205382 	0.0058144263 	 0.0000381128 	
192.5000000000 	0.0294217663 	 0.0504701246 	0.0058506764 	 0.0000385226 	
193.0000000000 	0.0304677755 	 0.0508803637 	0.0058847210 	 0.0000389030 	
193.5000000000 	0.0315439759 	 0.0512506003 	0.0059165355 	 0.0000392533 	
194.0000000000 	0.0326502007 	 0.0515802471 	0.0059460965 	 0.0000395731 	
194.5000000000 	0.0337862365 	 0.0518687850 	0.0059733811 	 0.0000398619 	
195.0000000000 	0.0349518230 	 0.0521157646 	0.0059983668 	 0.0000401191 	
195.5000000000 	0.0361466527 	 0.0523208063 	0.0060210323 	 0.0000403443 	
196.0000000000 	0.0373703707 	 0.0524836013 	0.0060413567 	 0.0000405373 	
196.5000000000 	0.0386225753 	 0.0526039118 	0.0060593206 	 0.0000406977 	
197.0000000000 	0.0399028168 	 0.0526815713 	0.0060749023 	 0.0000408252 	
197.5000000000 	0.0412105990 	 0.0527164851 	0.0060880878 	 0.0000409197 	
198.0000000000 	0.0425453785 	 0.0527086299 	0.0060988582 	 0.0000409811 	
198.5000000000 	0.0439065654 	 0.0526580541 	0.0061071957 	 0.0000410093 	
199.0000000000 	0.0452935239 	 0.0525648774 	0.0061130863 	 0.0000410042 	
199.5000000000 	0.0467055721 	 0.0524292906 	0.0061165159 	 0.0000409660 	
200.0000000000 	0.0481419831 	 0.0522515551 	0.0061174703 	 0.0000408945 	
200.5000000000 	0.0496019860 	 0.0520320024 	0.0061159319 	 0.0000407901 	
201.0000000000 	0.0510847653 	 0.0517710334 	0.0061119071 	 0.0000406532 	
201.5000000000 	0.0525894626 	 0.0514691174 	0.0061053756 	 0.0000404835 	
202.0000000000 	0.0541151788 	 0.0511267916 	0.0060963062 	 0.0000402814 	
202.5000000000 	0.0556609721 	 0.0507446596 	0.0060847328 	 0.0000400479 	
203.0000000000 	0.0572258608 	 0.0503233906 	0.0060706320 	 0.0000397829 	
203.5000000000 	0.0588088253 	 0.0498637178 	0.0060539834 	 0.0000394868 	
204.0000000000 	0.0604088073 	 0.0493664373 	0.0060348029 	 0.0000391603 	
204.5000000000 	0.0620247122 	 0.0488324066 	0.0060130817 	 0.0000388040 	
205.0000000000 	0.0636554102 	 0.0482625428 	0.0059888169 	 0.0000384184 	
205.5000000000 	0.0652997376 	 0.0476578210 	0.0059620120 	 0.0000380041 	
206.0000000000 	0.0669564984 	 0.0470192728 	0.0059326732 	 0.0000375621 	
206.5000000000 	0.0686244658 	 0.0463479838 	0.0059007898 	 0.0000370928 	
207.0000000000 	0.0703023838 	 0.0456450922 	0.0058663724 	 0.0000365973 	
207.5000000000 	0.0719889678 	 0.0449117865 	0.0058294462 	 0.0000360762 	
208.0000000000 	0.0736829080 	 0.0441493034 	0.0057900033 	 0.0000355309 	
208.5000000000 	0.0753828707 	 0.0433589257 	0.0057480274 	 0.0000349614 	
209.0000000000 	0.0770874982 	 0.0425419797 	0.0057035982 	 0.0000343697 	
209.5000000000 	0.0787954127 	 0.0416998331 	0.0056566543 	 0.0000337559 	
210.0000000000 	0.0805052183 	 0.0408338926 	0.0056072401 	 0.0000331215 	
210.5000000000 	0.0822155012 	 0.0399456010 	0.0055553837 	 0.0000324676 	
211.0000000000 	0.0839248321 	 0.0390364354 	0.0055010933 	 0.0000317952 	
211.5000000000 	0.0856317694 	 0.0381079039 	0.0054443715 	 0.0000311052 	
212.0000000000 	0.0873348597 	 0.0371615432 	0.0053852551 	 0.0000303989 	
212.5000000000 	0.0890326404 	 0.0361989163 	0.0053237637 	 0.0000296777 	
213.0000000000 	0.0907236415 	 0.0352216090 	0.0052599185 	 0.0000289425 	
213.5000000000 	0.0924063881 	 0.0342312280 	0.0051937470 	 0.0000281947 	
214.0000000000 	0.0940794019 	 0.0332293975 	0.0051252621 	 0.0000274354 	
214.5000000000 	0.0957412032 	 0.0322177567 	0.0050545089 	 0.0000266659 	
215.0000000000 	0.0973903136 	 0.0311979569 	0.0049815094 	 0.0000258872 	
215.5000000000 	0.0990252569 	 0.0301716589 	0.0049062948 	 0.0000251011 	
216.0000000000 	0.1006445624 	 0.0291405298 	0.0048288966 	 0.0000243085 	
216.5000000000 	0.1022467659 	 0.0281062405 	0.0047493499 	 0.0000235108 	
217.0000000000 	0.1038304123 	 0.0270704626 	0.0046676893 	 0.0000227093 	
217.5000000000 	0.1053940573 	 0.0260348660 	0.0045839510 	 0.0000219054 	
218.0000000000 	0.1069362698 	 0.0250011157 	0.0044981730 	 0.0000211002 	
218.5000000000 	0.1084556336 	 0.0239708692 	0.0044103949 	 0.0000202951 	
219.0000000000 	0.1099507487 	 0.0229457738 	0.0043206570 	 0.0000194914 	
219.5000000000 	0.1114202345 	 0.0219274638 	0.0042290003 	 0.0000186904 	
220.0000000000 	0.1128627307 	 0.0209175579 	0.0041354710 	 0.0000178933 	
220.5000000000 	0.1142768996 	 0.0199176564 	0.0040401145 	 0.0000171015 	
221.0000000000 	0.1156614273 	 0.0189293388 	0.0039429706 	 0.0000163161 	
221.5000000000 	0.1170150263 	 0.0179541610 	0.0038440902 	 0.0000155385 	
222.0000000000 	0.1183364368 	 0.0169936532 	0.0037435202 	 0.0000147698 	
222.5000000000 	0.1196244289 	 0.0160493171 	0.0036413089 	 0.0000140114 	
223.0000000000 	0.1208778027 	 0.0151226234 	0.0035375117 	 0.0000132642 	
223.5000000000 	0.1220953919 	 0.0142150100 	0.0034321637 	 0.0000125296 	
224.0000000000 	0.1232760639 	 0.0133278792 	0.0033253357 	 0.0000118086 	
224.5000000000 	0.1244187216 	 0.0124625960 	0.0032170751 	 0.0000111024 	
225.0000000000 	0.1255223051 	 0.0116204854 	0.0031074327 	 0.0000104121 	
225.5000000000 	0.1265857935 	 0.0108028311 	0.0029964596 	 0.0000097388 	
226.0000000000 	0.1276082045 	 0.0100108729 	0.0028842201 	 0.0000090834 	
226.5000000000 	0.1285885975 	 0.0092458053 	0.0027707645 	 0.0000084469 	
227.0000000000 	0.1295260738 	 0.0085087752 	0.0026561531 	 0.0000078304 	
227.5000000000 	0.1304197778 	 0.0078008809 	0.0025404378 	 0.0000072347 	
228.0000000000 	0.1312688982 	 0.0071231698 	0.0024236820 	 0.0000066608 	
228.5000000000 	0.1320726690 	 0.0064766376 	0.0023059405 	 0.0000061096 	
229.0000000000 	0.1328303700 	 0.0058622261 	0.0021872750 	 0.0000055817 	
229.5000000000 	0.1335413283 	 0.0052808225 	0.0020677406 	 0.0000050781 	
230.0000000000 	0.1342049182 	 0.0047332579 	0.0019474044 	 0.0000045993 	
230.5000000000 	0.1348205628 	 0.0042203064 	0.0018263169 	 0.0000041464 	
231.0000000000 	0.1353877334 	 0.0037426838 	0.0017045447 	 0.0000037194 	
231.5000000000 	0.1359059514 	 0.0033010468 	0.0015821483 	 0.0000033196 	
232.0000000000 	0.1363747879 	 0.0028959923 	0.0014591874 	 0.0000029471 	
232.5000000000 	0.1367938641 	 0.0025280566 	0.0013357223 	 0.0000026026 	
233.0000000000 	0.1371628520 	 0.0021977148 	0.0012118130 	 0.0000022864 	
233.5000000000 	0.1374814741 	 0.0019053802 	0.0010875217 	 0.0000019992 	
234.0000000000 	0.1377495042 	 0.0016514042 	0.0009629079 	 0.0000017411 	
234.5000000000 	0.1379667669 	 0.0014360757 	0.0008380322 	 0.0000015125 	
235.0000000000 	0.1381331378 	 0.0012596210 	0.0007129554 	 0.0000013137 	
235.5000000000 	0.1382485440 	 0.0011222037 	0.0005877383 	 0.0000011451 	
236.0000000000 	0.1383129629 	 0.0010239251 	0.0004624334 	 0.0000010065 	
236.5000000000 	0.1383264222 	 0.0009648234 	0.0003371255 	 0.0000008984 	
237.0000000000 	0.1382890006 	 0.0009448751 	0.0002118366 	 0.0000008207 	
237.5000000000 	0.1382008265 	 0.0009639943 	0.0000866508 	 0.0000007734 	
238.0000000000 	0.1380620782 	 0.0010220336 	-0.0000383855 	 0.0000007566 	
238.5000000000 	0.1378729826 	 0.0011187849 	-0.0001632212 	 0.0000007702 	
239.0000000000 	0.1376338159 	 0.0012539792 	-0.0002877683 	 0.0000008141 	
239.5000000000 	0.1373449016 	 0.0014272880 	-0.0004120019 	 0.0000008880 	
240.0000000000 	0.1370066105 	 0.0016383238 	-0.0005358404 	 0.0000009917 	
240.5000000000 	0.1366193600 	 0.0018866411 	-0.0006592542 	 0.0000011252 	
241.0000000000 	0.1361836128 	 0.0021717373 	-0.0007821594 	 0.0000012880 	
241.5000000000 	0.1356998772 	 0.0024930536 	-0.0009045433 	 0.0000014800 	
242.0000000000 	0.1351687051 	 0.0028499764 	-0.0010263269 	 0.0000017005 	
242.5000000000 	0.1345906917 	 0.0032418386 	-0.0011474395 	 0.0000019491 	
243.0000000000 	0.1339664737 	 0.0036679203 	-0.0012678610 	 0.0000022255 	
243.5000000000 	0.1332967288 	 0.0041274509 	-0.0013875196 	 0.0000025290 	
244.0000000000 	0.1325821747 	 0.0046196101 	-0.0015063791 	 0.0000028592 	
244.5000000000 	0.1318235673 	 0.0051435294 	-0.0016243905 	 0.0000032154 	
245.0000000000 	0.1310217006 	 0.0056982940 	-0.0017415023 	 0.0000035970 	
245.5000000000 	0.1301774048 	 0.0062829440 	-0.0018576631 	 0.0000040034 	
246.0000000000 	0.1292915449 	 0.0068964764 	-0.0019728331 	 0.0000044337 	
246.5000000000 	0.1283650193 	 0.0075378467 	-0.0020869606 	 0.0000048874 	
247.0000000000 	0.1273987591 	 0.0082059710 	-0.0021999999 	 0.0000053635 	
247.5000000000 	0.1263937258 	 0.0088997272 	-0.0023119129 	 0.0000058613 	
248.0000000000 	0.1253509109 	 0.0096179577 	-0.0024226616 	 0.0000063801 	
248.5000000000 	0.1242713338 	 0.0103594705 	-0.0025322029 	 0.0000069188 	
249.0000000000 	0.1231560408 	 0.0111230422 	-0.0026404934 	 0.0000074765 	
249.5000000000 	0.1220061033 	 0.0119074188 	-0.0027474966 	 0.0000080525 	
250.0000000000 	0.1208226163 	 0.0127113190 	-0.0028531748 	 0.0000086455 	
250.5000000000 	0.1196066973 	 0.0135334352 	-0.0029574908 	 0.0000092551 	
251.0000000000 	0.1183594840 	 0.0143724363 	-0.0030604077 	 0.0000098796 	
251.5000000000 	0.1170821336 	 0.0152269695 	-0.0031618930 	 0.0000105185 	
252.0000000000 	0.1157758208 	 0.0160956627 	-0.0032619116 	 0.0000111706 	
252.5000000000 	0.1144417365 	 0.0169771263 	-0.0033604305 	 0.0000118348 	
253.0000000000 	0.1130810858 	 0.0178699557 	-0.0034574201 	 0.0000125101 	
253.5000000000 	0.1116950872 	 0.0187727334 	-0.0035528486 	 0.0000131954 	
254.0000000000 	0.1102849701 	 0.0196840310 	-0.0036466875 	 0.0000138895 	
254.5000000000 	0.1088519743 	 0.0206024117 	-0.0037388735 	 0.0000145915 	
255.0000000000 	0.1073973474 	 0.0215264323 	-0.0038294905 	 0.0000153005 	
255.5000000000 	0.1059223448 	 0.0224546453 	-0.0039184276 	 0.0000160149 	
256.0000000000 	0.1044282262 	 0.0233856014 	-0.0040055769 	 0.0000167332 	
256.5000000000 	0.1029162547 	 0.0243178514 	-0.0040910762 	 0.0000174553 	
257.0000000000 	0.1013876964 	 0.0252499483 	-0.0041747991 	 0.0000181796 	
257.5000000000 	0.0998438179 	 0.0261804497 	-0.0042567803 	 0.0000189051 	
258.0000000000 	0.0982858847 	 0.0271079199 	-0.0043370038 	 0.0000196305 	
258.5000000000 	0.0967151617 	 0.0280309317 	-0.0044153655 	 0.0000203545 	
259.0000000000 	0.0951329087 	 0.0289480688 	-0.0044919204 	 0.0000210763 	
259.5000000000 	0.0935403808 	 0.0298579278 	-0.0045666284 	 0.0000217948 	
260.0000000000 	0.0919388266 	 0.0307591200 	-0.0046394651 	 0.0000225088 	
260.5000000000 	0.0903294865 	 0.0316502736 	-0.0047104450 	 0.0000232173 	
261.0000000000 	0.0887135923 	 0.0325300356 	-0.0047794954 	 0.0000239187 	
261.5000000000 	0.0870923654 	 0.0333970738 	-0.0048466402 	 0.0000246126 	
262.0000000000 	0.0854670157 	 0.0342500783 	-0.0049118730 	 0.0000252978 	
262.5000000000 	0.0838387398 	 0.0350877640 	-0.0049751783 	 0.0000259732 	
263.0000000000 	0.0822087200 	 0.0359088718 	-0.0050365030 	 0.0000266375 	
263.5000000000 	0.0805781239 	 0.0367121706 	-0.0050958801 	 0.0000272902 	
264.0000000000 	0.0789481020 	 0.0374964591 	-0.0051532777 	 0.0000279300 	
264.5000000000 	0.0773197870 	 0.0382605671 	-0.0052086939 	 0.0000285560 	
265.0000000000 	0.0756942937 	 0.0390033574 	-0.0052621122 	 0.0000291671 	
265.5000000000 	0.0740727165 	 0.0397237274 	-0.0053135163 	 0.0000297627 	
266.0000000000 	0.0724561292 	 0.0404206103 	-0.0053629087 	 0.0000303417 	
266.5000000000 	0.0708455839 	 0.0410929767 	-0.0054102843 	 0.0000309032 	
267.0000000000 	0.0692421103 	 0.0417398359 	-0.0054556285 	 0.0000314466 	
267.5000000000 	0.0676467141 	 0.0423602374 	-0.0054989347 	 0.0000319710 	
268.0000000000 	0.0660603773 	 0.0429532720 	-0.0055401981 	 0.0000324755 	
268.5000000000 	0.0644840564 	 0.0435180729 	-0.0055794126 	 0.0000329594 	
269.0000000000 	0.0629186821 	 0.0440538171 	-0.0056165727 	 0.0000334221 	
269.5000000000 	0.0613651584 	 0.0445597263 	-0.0056516733 	 0.0000338629 	
270.0000000000 	0.0598243621 	 0.0450350679 	-0.0056847103 	 0.0000342811 	
270.5000000000 	0.0582971424 	 0.0454791559 	-0.0057156797 	 0.0000346761 	
271.0000000000 	0.0567843194 	 0.0458913518 	-0.0057445776 	 0.0000350473 	
271.5000000000 	0.0552866845 	 0.0462710656 	-0.0057714033 	 0.0000353942 	
272.0000000000 	0.0538049997 	 0.0466177562 	-0.0057961469 	 0.0000357163 	
272.5000000000 	0.0523399969 	 0.0469309323 	-0.0058188173 	 0.0000360131 	
273.0000000000 	0.0508923775 	 0.0472101529 	-0.0058394056 	 0.0000362843 	
273.5000000000 	0.0494628127 	 0.0474550277 	-0.0058579067 	 0.0000365295 	
274.0000000000 	0.0480519423 	 0.0476652179 	-0.0058743221 	 0.0000367483 	
274.5000000000 	0.0466603741 	 0.0478404364 	-0.0058886642 	 0.0000369403 	
275.0000000000 	0.0452886855 	 0.0479804478 	-0.0059009100 	 0.0000371053 	
275.5000000000 	0.0439374213 	 0.0480850691 	-0.0059110722 	 0.0000372429 	
276.0000000000 	0.0426070951 	 0.0481541699 	-0.0059191522 	 0.0000373533 	
276.5000000000 	0.0412981877 	 0.0481876720 	-0.0059251329 	 0.0000374361 	
277.0000000000 	0.0400111484 	 0.0481855499 	-0.0059290514 	 0.0000374914 	
277.5000000000 	0.0387463946 	 0.0481478304 	-0.0059308772 	 0.0000375187 	
278.0000000000 	0.0375043113 	 0.0480745931 	-0.0059306198 	 0.0000375183 	
278.5000000000 	0.0362852514 	 0.0479659693 	-0.0059282760 	 0.0000374902 	
279.0000000000 	0.0350895365 	 0.0478221426 	-0.0059238623 	 0.0000374344 	
279.5000000000 	0.0339174556 	 0.0476433480 	-0.0059173727 	 0.0000373511 	
280.0000000000 	0.0327692673 	 0.0474298719 	-0.0059087978 	 0.0000372403 	
280.5000000000 	0.0316451981 	 0.0471820514 	-0.0058981638 	 0.0000371023 	
281.0000000000 	0.0305454437 	 0.0469002740 	-0.0058854606 	 0.0000369373 	
281.5000000000 	0.0294701692 	 0.0465849766 	-0.0058706893 	 0.0000367455 	
282.0000000000 	0.0284195093 	 0.0462366453 	-0.0058538584 	 0.0000365271 	
282.5000000000 	0.0273935688 	 0.0458558145 	-0.0058349723 	 0.0000362827 	
283.0000000000 	0.0263924228 	 0.0454430660 	-0.0058140337 	 0.0000360125 	
283.5000000000 	0.0254161174 	 0.0449990282 	-0.0057910478 	 0.0000357170 	
284.0000000000 	0.0244646701 	 0.0445243753 	-0.0057660199 	 0.0000353966 	
284.5000000000 	0.0235380702 	 0.0440198264 	-0.0057389554 	 0.0000350517 	
285.0000000000 	0.0226362797 	 0.0434861441 	-0.0057098602 	 0.0000346830 	
285.5000000000 	0.0217592333 	 0.0429241337 	-0.0056787406 	 0.0000342910 	
286.0000000000 	0.0209068398 	 0.0423346420 	-0.0056456031 	 0.0000338762 	
286.5000000000 	0.0200789821 	 0.0417185561 	-0.0056104548 	 0.0000334393 	
287.0000000000 	0.0192755180 	 0.0410768019 	-0.0055733031 	 0.0000329810 	
287.5000000000 	0.0184962814 	 0.0404103432 	-0.0055341561 	 0.0000325019 	
288.0000000000 	0.0177410822 	 0.0397201800 	-0.0054930219 	 0.0000320028 	
288.5000000000 	0.0170097078 	 0.0390073473 	-0.0054499094 	 0.0000314844 	
289.0000000000 	0.0163019235 	 0.0382729135 	-0.0054048280 	 0.0000309475 	
289.5000000000 	0.0156174735 	 0.0375179788 	-0.0053577873 	 0.0000303928 	
290.0000000000 	0.0149560820 	 0.0367436739 	-0.0053087976 	 0.0000298215 	
290.5000000000 	0.0143174525 	 0.0359511581 	-0.0052578750 	 0.0000292340 	
291.0000000000 	0.0137012710 	 0.0351416180 	-0.0052050121 	 0.0000286313 	
291.5000000000 	0.0131072057 	 0.0343162654 	-0.0051502464 	 0.0000280146 	
292.0000000000 	0.0125349072 	 0.0334763360 	-0.0050935808 	 0.0000273843 	
292.5000000000 	0.0119840110 	 0.0326230873 	-0.0050350104 	 0.0000267416 	
293.0000000000 	0.0114541374 	 0.0317577970 	-0.0049745782 	 0.0000260878 	
293.5000000000 	0.0109448926 	 0.0308817611 	-0.0049122831 	 0.0000254233 	
294.0000000000 	0.0104558700 	 0.0299962922 	-0.0048481377 	 0.0000247495 	
294.5000000000 	0.0099866507 	 0.0291027173 	-0.0047821644 	 0.0000240673 	
295.0000000000 	0.0095368052 	 0.0282023762 	-0.0047143779 	 0.0000233777 	
295.5000000000 	0.0091058935 	 0.0272966195 	-0.0046447927 	 0.0000226817 	
296.0000000000 	0.0086934670 	 0.0263868067 	-0.0045734291 	 0.0000219804 	
296.5000000000 	0.0082990689 	 0.0254743038 	-0.0045003053 	 0.0000212749 	
297.0000000000 	0.0079222356 	 0.0245604822 	-0.0044254402 	 0.0000205662 	
297.5000000000 	0.0075624972 	 0.0236467158 	-0.0043488536 	 0.0000198552 	
298.0000000000 	0.0072193795 	 0.0227343796 	-0.0042705667 	 0.0000191434 	
298.5000000000 	0.0068924039 	 0.0218248476 	-0.0041906003 	 0.0000184315 	
299.0000000000 	0.0065810892 	 0.0209194903 	-0.0041089774 	 0.0000177205 	
299.5000000000 	0.0062849521 	 0.0200196735 	-0.0040257221 	 0.0000170118 	
300.0000000000 	0.0060035091 	 0.0191267557 	-0.0039408572 	 0.0000163063 	
300.5000000000 	0.0057362765 	 0.0182420862 	-0.0038544079 	 0.0000156051 	
301.0000000000 	0.0054827721 	 0.0173670033 	-0.0037663993 	 0.0000149093 	
301.5000000000 	0.0052425158 	 0.0165028321 	-0.0036768591 	 0.0000142198 	
302.0000000000 	0.0050150308 	 0.0156508827 	-0.0035858142 	 0.0000135378 	
302.5000000000 	0.0047998446 	 0.0148124480 	-0.0034932931 	 0.0000128643 	
303.0000000000 	0.0045964899 	 0.0139888021 	-0.0033993250 	 0.0000122002 	
303.5000000000 	0.0044045055 	 0.0131811979 	-0.0033039398 	 0.0000115467 	
304.0000000000 	0.0042234374 	 0.0123908656 	-0.0032071687 	 0.0000109047 	
304.5000000000 	0.0040528398 	 0.0116190108 	-0.0031090434 	 0.0000102751 	
305.0000000000 	0.0038922757 	 0.0108668125 	-0.0030095966 	 0.0000096590 	
305.5000000000 	0.0037413179 	 0.0101354213 	-0.0029088621 	 0.0000090572 	
306.0000000000 	0.0035995503 	 0.0094259577 	-0.0028068741 	 0.0000084707 	
306.5000000000 	0.0034665682 	 0.0087395102 	-0.0027036682 	 0.0000079005 	
307.0000000000 	0.0033419792 	 0.0080771339 	-0.0025992809 	 0.0000073474 	
307.5000000000 	0.0032254045 	 0.0074398486 	-0.0024937491 	 0.0000068122 	
308.0000000000 	0.0031164788 	 0.0068286373 	-0.0023871109 	 0.0000062957 	
308.5000000000 	0.0030148517 	 0.0062444445 	-0.0022794053 	 0.0000057986 	
309.0000000000 	0.0029201887 	 0.0056881747 	-0.0021706721 	 0.0000053219 	
309.5000000000 	0.0028321712 	 0.0051606913 	-0.0020609517 	 0.0000048663 	
310.0000000000 	0.0027504973 	 0.0046628146 	-0.0019502860 	 0.0000044325 	
310.5000000000 	0.0026748826 	 0.0041953210 	-0.0018387172 	 0.0000040211 	
311.0000000000 	0.0026050605 	 0.0037589413 	-0.0017262881 	 0.0000036326 	
311.5000000000 	0.0025407837 	 0.0033543598 	-0.0016130425 	 0.0000032680 	
312.0000000000 	0.0024818235 	 0.0029822129 	-0.0014990253 	 0.0000029275 	
312.5000000000 	0.0024279708 	 0.0026430881 	-0.0013842813 	 0.0000026118 	
313.0000000000 	0.0023790368 	 0.0023375232 	-0.0012688584 	 0.0000023214 	
313.5000000000 	0.0023348530 	 0.0020660047 	-0.0011528019 	 0.0000020566 	
314.0000000000 	0.0022952716 	 0.0018289678 	-0.0010361598 	 0.0000018182 	
314.5000000000 	0.0022601663 	 0.0016267950 	-0.0009189801 	 0.0000016062 	
315.0000000000 	0.0022294322 	 0.0014598154 	-0.0008013123 	 0.0000014210 	
315.5000000000 	0.0022029860 	 0.0013283045 	-0.0006832054 	 0.0000012630 	
316.0000000000 	0.0021807663 	 0.0012324829 	-0.0005647101 	 0.0000011324 	
316.5000000000 	0.0021627341 	 0.0011725167 	-0.0004458757 	 0.0000010295 	
317.0000000000 	0.0021488722 	 0.0011485162 	-0.0003267553 	 0.0000009544 	
317.5000000000 	0.0021391860 	 0.0011605364 	-0.0002073999 	 0.0000009071 	
318.0000000000 	0.0021337032 	 0.0012085762 	-0.0000878604 	 0.0000008881 	
318.5000000000 	0.0021324736 	 0.0012925784 	0.0000318087 	 0.0000008970 	
319.0000000000 	0.0021355693 	 0.0014124298 	0.0001515550 	 0.0000009339 	
319.5000000000 	0.0021430846 	 0.0015679610 	0.0002713252 	 0.0000009989 	
320.0000000000 	0.0021551359 	 0.0017589466 	0.0003910654 	 0.0000010919 	
320.5000000000 	0.0021718614 	 0.0019851057 	0.0005107215 	 0.0000012126 	
321.0000000000 	0.0021934209 	 0.0022461015 	0.0006302391 	 0.0000013611 	
321.5000000000 	0.0022199953 	 0.0025415423 	0.0007495637 	 0.0000015369 	
322.0000000000 	0.0022517869 	 0.0028709818 	0.0008686405 	 0.0000017400 	
322.5000000000 	0.0022890178 	 0.0032339195 	0.0009874145 	 0.0000019698 	
323.0000000000 	0.0023319308 	 0.0036298015 	0.0011058309 	 0.0000022261 	
323.5000000000 	0.0023807887 	 0.0040580213 	0.0012238343 	 0.0000025084 	
324.0000000000 	0.0024358732 	 0.0045179201 	0.0013413697 	 0.0000028165 	
324.5000000000 	0.0024974845 	 0.0050087887 	0.0014583821 	 0.0000031498 	
325.0000000000 	0.0025659413 	 0.0055298674 	0.0015748162 	 0.0000035078 	
325.5000000000 	0.0026415794 	 0.0060803477 	0.0016906172 	 0.0000038899 	
326.0000000000 	0.0027247516 	 0.0066593734 	0.0018057301 	 0.0000042955 	
326.5000000000 	0.0028158271 	 0.0072660416 	0.0019201005 	 0.0000047242 	
327.0000000000 	0.0029151899 	 0.0078994044 	0.0020336738 	 0.0000051750 	
327.5000000000 	0.0030232388 	 0.0085584698 	0.0021463959 	 0.0000056475 	
328.0000000000 	0.0031403865 	 0.0092422036 	0.0022582129 	 0.0000061406 	
328.5000000000 	0.0032670584 	 0.0099495306 	0.0023690714 	 0.0000066538 	
329.0000000000 	0.0034036918 	 0.0106793364 	0.0024789183 	 0.0000071863 	
329.5000000000 	0.0035507353 	 0.0114304694 	0.0025877009 	 0.0000077371 	
330.0000000000 	0.0037086475 	 0.0122017416 	0.0026953670 	 0.0000083054 	
330.5000000000 	0.0038778962 	 0.0129919316 	0.0028018651 	 0.0000088904 	
331.0000000000 	0.0040589574 	 0.0137997856 	0.0029071441 	 0.0000094911 	
331.5000000000 	0.0042523144 	 0.0146240198 	0.0030111534 	 0.0000101065 	
332.0000000000 	0.0044584561 	 0.0154633220 	0.0031138434 	 0.0000107357 	
332.5000000000 	0.0046778768 	 0.0163163541 	0.0032151648 	 0.0000113776 	
333.0000000000 	0.0049110744 	 0.0171817540 	0.0033150693 	 0.0000120314 	
333.5000000000 	0.0051585497 	 0.0180581376 	0.0034135092 	 0.0000126958 	
334.0000000000 	0.0054208050 	 0.0189441012 	0.0035104378 	 0.0000133698 	
334.5000000000 	0.0056983432 	 0.0198382235 	0.0036058090 	 0.0000140525 	
335.0000000000 	0.0059916662 	 0.0207390681 	0.0036995779 	 0.0000147426 	
335.5000000000 	0.0063012742 	 0.0216451858 	0.0037917002 	 0.0000154390 	
336.0000000000 	0.0066276643 	 0.0225551167 	0.0038821328 	 0.0000161407 	
336.5000000000 	0.0069713293 	 0.0234673927 	0.0039708334 	 0.0000168466 	
337.0000000000 	0.0073327564 	 0.0243805399 	0.0040577608 	 0.0000175554 	
337.5000000000 	0.0077124262 	 0.0252930808 	0.0041428748 	 0.0000182661 	
338.0000000000 	0.0081108114 	 0.0262035370 	0.0042261365 	 0.0000189774 	
338.5000000000 	0.0085283755 	 0.0271104315 	0.0043075079 	 0.0000196883 	
339.0000000000 	0.0089655716 	 0.0280122909 	0.0043869521 	 0.0000203976 	
339.5000000000 	0.0094228415 	 0.0289076481 	0.0044644336 	 0.0000211041 	
340.0000000000 	0.0099006141 	 0.0297950446 	0.0045399178 	 0.0000218067 	
340.5000000000 	0.0103993044 	 0.0306730329 	0.0046133716 	 0.0000225042 	
341.0000000000 	0.0109193124 	 0.0315401789 	0.0046847630 	 0.0000231956 	
341.5000000000 	0.0114610220 	 0.0323950645 	0.0047540613 	 0.0000238796 	
342.0000000000 	0.0120247995 	 0.0332362896 	0.0048212370 	 0.0000245552 	
342.5000000000 	0.0126109929 	 0.0340624746 	0.0048862619 	 0.0000252213 	
343.0000000000 	0.0132199303 	 0.0348722628 	0.0049491094 	 0.0000258767 	
343.5000000000 	0.0138519198 	 0.0356643226 	0.0050097538 	 0.0000265205 	
344.0000000000 	0.0145072470 	 0.0364373497 	0.0050681711 	 0.0000271514 	
344.5000000000 	0.0151861754 	 0.0371900694 	0.0051243385 	 0.0000277686 	
345.0000000000 	0.0158889445 	 0.0379212388 	0.0051782346 	 0.0000283710 	
345.5000000000 	0.0166157692 	 0.0386296487 	0.0052298392 	 0.0000289576 	
346.0000000000 	0.0173668387 	 0.0393141258 	0.0052791340 	 0.0000295274 	
346.5000000000 	0.0181423157 	 0.0399735349 	0.0053261015 	 0.0000300794 	
347.0000000000 	0.0189423357 	 0.0406067804 	0.0053707258 	 0.0000306129 	
347.5000000000 	0.0197670060 	 0.0412128085 	0.0054129927 	 0.0000311269 	
348.0000000000 	0.0206164045 	 0.0417906091 	0.0054528890 	 0.0000316204 	
348.5000000000 	0.0214905799 	 0.0423392173 	0.0054904031 	 0.0000320928 	
349.0000000000 	0.0223895508 	 0.0428577151 	0.0055255246 	 0.0000325432 	
349.5000000000 	0.0233133037 	 0.0433452331 	0.0055582447 	 0.0000329709 	
350.0000000000 	0.0242617944 	 0.0438009522 	0.0055885562 	 0.0000333751 	
350.5000000000 	0.0252349461 	 0.0442241046 	0.0056164529 	 0.0000337553 	
351.0000000000 	0.0262326493 	 0.0446139755 	0.0056419298 	 0.0000341106 	
351.5000000000 	0.0272547618 	 0.0449699041 	0.0056649838 	 0.0000344406 	
352.0000000000 	0.0283011075 	 0.0452912853 	0.0056856130 	 0.0000347448 	
352.5000000000 	0.0293714764 	 0.0455775700 	0.0057038164 	 0.0000350225 	
353.0000000000 	0.0304656243 	 0.0458282668 	0.0057195944 	 0.0000352732 	
353.5000000000 	0.0315832728 	 0.0460429423 	0.0057329505 	 0.0000354967 	
354.0000000000 	0.0327241087 	 0.0462212226 	0.0057438874 	 0.0000356924 	
354.5000000000 	0.0338877840 	 0.0463627932 	0.0057524080 	 0.0000358601 	
355.0000000000 	0.0350739164 	 0.0464674003 	0.0057585195 	 0.0000359995 	
355.5000000000 	0.0362820883 	 0.0465348508 	0.0057622285 	 0.0000361103 	
356.0000000000 	0.0375118477 	 0.0465650127 	0.0057635461 	 0.0000361922 	
356.5000000000 	0.0387627076 	 0.0465578160 	0.0057624738 	 0.0000362453 	
357.0000000000 	0.0400341468 	 0.0465132521 	0.0057590274 	 0.0000362692 	
357.5000000000 	0.0413256097 	 0.0464313741 	0.0057532246 	 0.0000362642 	
358.0000000000 	0.0426365067 	 0.0463122973 	0.0057450706 	 0.0000362300 	
358.5000000000 	0.0439662148 	 0.0461561981 	0.0057345790 	 0.0000361668 	
359.0000000000 	0.0453140774 	 0.0459633146 	0.0057217673 	 0.0000360745 	
359.5000000000 	0.0466794055 	 0.0457339458 	0.0057066530 	 0.0000359535 	
360.0000000000 	0.0480614774 	 0.0454684515 	0.0056892507 	 0.0000358038 	
360.5000000000 	0.0494595401 	 0.0451672510 	0.0056695787 	 0.0000356256 	
361.0000000000 	0.0508728093 	 0.0448308234 	0.0056476565 	 0.0000354194 	
361.5000000000 	0.0523004703 	 0.0444597062 	0.0056235041 	 0.0000351853 	
362.0000000000 	0.0537416788 	 0.0440544945 	0.0055971419 	 0.0000349237 	
362.5000000000 	0.0551955616 	 0.0436158402 	0.0055685915 	 0.0000346352 	
363.0000000000 	0.0566612175 	 0.0431444508 	0.0055378756 	 0.0000343200 	
363.5000000000 	0.0581377180 	 0.0426410882 	0.0055050172 	 0.0000339788 	
364.0000000000 	0.0596241089 	 0.0421065677 	0.0054700403 	 0.0000336122 	
364.5000000000 	0.0611194099 	 0.0415417563 	0.0054329649 	 0.0000332207 	
365.0000000000 	0.0626226171 	 0.0409475713 	0.0053938265 	 0.0000328048 	
365.5000000000 	0.0641327033 	 0.0403249790 	0.0053526515 	 0.0000323653 	
366.0000000000 	0.0656486196 	 0.0396749929 	0.0053094586 	 0.0000319029 	
366.5000000000 	0.0671692962 	 0.0389986720 	0.0052642540 	 0.0000314184 	
367.0000000000 	0.0686936436 	 0.0382971190 	0.0052171128 	 0.0000309125 	
367.5000000000 	0.0702205537 	 0.0375714786 	0.0051680452 	 0.0000303861 	
368.0000000000 	0.0717489017 	 0.0368229352 	0.0051170560 	 0.0000298400 	
368.5000000000 	0.0732775474 	 0.0360527113 	0.0050641934 	 0.0000292752 	
369.0000000000 	0.0748053358 	 0.0352620653 	0.0050094901 	 0.0000286926 	
369.5000000000 	0.0763310983 	 0.0344522892 	0.0049529739 	 0.0000280930 	
370.0000000000 	0.0778536554 	 0.0336247065 	0.0048946717 	 0.0000274775 	
370.5000000000 	0.0793718180 	 0.0327806702 	0.0048346159 	 0.0000268472 	
371.0000000000 	0.0808843870 	 0.0319215599 	0.0047728361 	 0.0000262028 	
371.5000000000 	0.0823901567 	 0.0310487801 	0.0047093675 	 0.0000255457 	
372.0000000000 	0.0838879156 	 0.0301637574 	0.0046442410 	 0.0000248767 	
372.5000000000 	0.0853764488 	 0.0292679383 	0.0045774870 	 0.0000241972 	
373.0000000000 	0.0868545373 	 0.0283627866 	0.0045091349 	 0.0000235081 	
373.5000000000 	0.0883209619 	 0.0274497808 	0.0044392194 	 0.0000228105 	
374.0000000000 	0.0897745036 	 0.0265304119 	0.0043677734 	 0.0000221055 	
374.5000000000 	0.0912139462 	 0.0256061806 	0.0042948314 	 0.0000213947 	
375.0000000000 	0.0926380754 	 0.0246785949 	0.0042204226 	 0.0000206787 	
375.5000000000 	0.0940456832 	 0.0237491673 	0.0041445804 	 0.0000199589 	
376.0000000000 	0.0954355683 	 0.0228194125 	0.0040673382 	 0.0000192365 	
376.5000000000 	0.0968065371 	 0.0218908446 	0.0039887294 	 0.0000185126 	
377.0000000000 	0.0981574062 	 0.0209649749 	0.0039087866 	 0.0000177885 	
377.5000000000 	0.0994870035 	 0.0200433087 	0.0038275425 	 0.0000170652 	
378.0000000000 	0.1007941696 	 0.0191273434 	0.0037450300 	 0.0000163441 	
378.5000000000 	0.1020777598 	 0.0182185653 	0.0036612821 	 0.0000156262 	
379.0000000000 	0.1033366451 	 0.0173184480 	0.0035763319 	 0.0000149127 	
379.5000000000 	0.1045697141 	 0.0164284487 	0.0034902121 	 0.0000142048 	
380.0000000000 	0.1057758740 	 0.0155500069 	0.0034029556 	 0.0000135036 	
380.5000000000 	0.1069540526 	 0.0146845413 	0.0033145951 	 0.0000128102 	
381.0000000000 	0.1081031993 	 0.0138334474 	0.0032251635 	 0.0000121259 	
381.5000000000 	0.1092222867 	 0.0129980954 	0.0031346935 	 0.0000114516 	
382.0000000000 	0.1103103118 	 0.0121798280 	0.0030432175 	 0.0000107885 	
382.5000000000 	0.1113662972 	 0.0113799578 	0.0029507681 	 0.0000101376 	
383.0000000000 	0.1123892928 	 0.0105997652 	0.0028573784 	 0.0000095000 	
383.5000000000 	0.1133783779 	 0.0098404964 	0.0027630796 	 0.0000088769 	
384.0000000000 	0.1143326593 	 0.0091033612 	0.0026679037 	 0.0000082690 	
384.5000000000 	0.1152512758 	 0.0083895312 	0.0025718844 	 0.0000076774 	
385.0000000000 	0.1161333980 	 0.0077001374 	0.0024750530 	 0.0000071028 	
385.5000000000 	0.1169782299 	 0.0070362690 	0.0023774431 	 0.0000065466 	
386.0000000000 	0.1177850083 	 0.0063989710 	0.0022790866 	 0.0000060093 	
386.5000000000 	0.1185530059 	 0.0057892428 	0.0021800073 	 0.0000054920 	
387.0000000000 	0.1192815312 	 0.0052080365 	0.0020802490 	 0.0000049952 	
387.5000000000 	0.1199699297 	 0.0046562553 	0.0019798377 	 0.0000045200 	
388.0000000000 	0.1206175840 	 0.0041347522 	0.0018788056 	 0.0000040670 	
388.5000000000 	0.1212239156 	 0.0036443286 	0.0017771836 	 0.0000036368 	
389.0000000000 	0.1217883855 	 0.0031857328 	0.0016750045 	 0.0000032303 	
389.5000000000 	0.1223104940 	 0.0027596592 	0.0015723000 	 0.0000028480 	
390.0000000000 	0.1227897823 	 0.0023667468 	0.0014691010 	 0.0000024904 	
390.5000000000 	0.1232258326 	 0.0020075785 	0.0013654392 	 0.0000021582 	
391.0000000000 	0.1236182685 	 0.0016826803 	0.0012613463 	 0.0000018518 	
391.5000000000 	0.1239667560 	 0.0013925202 	0.0011568538 	 0.0000015717 	
392.0000000000 	0.1242710029 	 0.0011375077 	0.0010519933 	 0.0000013182 	
392.5000000000 	0.1245307605 	 0.0009179933 	0.0009467967 	 0.0000010918 	
393.0000000000 	0.1247458227 	 0.0007342678 	0.0008412955 	 0.0000008928 	
393.5000000000 	0.1249160266 	 0.0005865622 	0.0007355212 	 0.0000007215 	
394.0000000000 	0.1250412527 	 0.0004750472 	0.0006295056 	 0.0000005780 	
394.5000000000 	0.1251214250 	 0.0003998334 	0.0005232809 	 0.0000004626 	
395.0000000000 	0.1251565110 	 0.0003609705 	0.0004168789 	 0.0000003754 	
395.5000000000 	0.1251465215 	 0.0003584484 	0.0003103316 	 0.0000003165 	
396.0000000000 	0.1250915109 	 0.0003921964 	0.0002036713 	 0.0000002859 	
396.5000000000 	0.1249915765 	 0.0004620840 	0.0000969301 	 0.0000002836 	
397.0000000000 	0.1248468586 	 0.0005679213 	-0.0000098593 	 0.0000003096 	
397.5000000000 	0.1246575403 	 0.0007094589 	-0.0001166644 	 0.0000003637 	
398.0000000000 	0.1244238470 	 0.0008863893 	-0.0002234524 	 0.0000004458 	
398.5000000000 	0.1241460461 	 0.0010983467 	-0.0003301903 	 0.0000005557 	
399.0000000000 	0.1238244465 	 0.0013449086 	-0.0004368451 	 0.0000006932 	
399.5000000000 	0.1234593979 	 0.0016255958 	-0.0005433835 	 0.0000008580 	
400.0000000000 	0.1230512908 	 0.0019398742 	-0.0006497719 	 0.0000010498 	
400.5000000000 	0.1226005553 	 0.0022871552 	-0.0007559767 	 0.0000012681 	
401.0000000000 	0.1221076607 	 0.0026667972 	-0.0008619640 	 0.0000015127 	
401.5000000000 	0.1215731147 	 0.0030781066 	-0.0009676996 	 0.0000017829 	
402.0000000000 	0.1209974629 	 0.0035203393 	-0.0010731491 	 0.0000020784 	
402.5000000000 	0.1203812874 	 0.0039927020 	-0.0011782780 	 0.0000023985 	
403.0000000000 	0.1197252067 	 0.0044943536 	-0.0012830514 	 0.0000027427 	
403.5000000000 	0.1190298741 	 0.0050244069 	-0.0013874343 	 0.0000031104 	
404.0000000000 	0.1182959772 	 0.0055819300 	-0.0014913914 	 0.0000035010 	
404.5000000000 	0.1175242366 	 0.0061659484 	-0.0015948871 	 0.0000039136 	
405.0000000000 	0.1167154052 	 0.0067754463 	-0.0016978857 	 0.0000043477 	
405.5000000000 	0.1158702669 	 0.0074093686 	-0.0018003512 	 0.0000048024 	
406.0000000000 	0.1149896354 	 0.0080666229 	-0.0019022474 	 0.0000052770 	
406.5000000000 	0.1140743534 	 0.0087460813 	-0.0020035378 	 0.0000057706 	
407.0000000000 	0.1131252910 	 0.0094465824 	-0.0021041857 	 0.0000062824 	
407.5000000000 	0.1121433450 	 0.0101669334 	-0.0022041541 	 0.0000068116 	
408.0000000000 	0.1111294367 	 0.0109059122 	-0.0023034061 	 0.0000073570 	
408.5000000000 	0.1100845126 	 0.0116622695 	-0.0024019030 	 0.0000079181 	
409.0000000000 	0.1090095403 	 0.0124347308 	-0.0024996109 	 0.0000084935 	
409.5000000000 	0.1079055100 	 0.0132219989 	-0.0025964881 	 0.0000090825 	
410.0000000000 	0.1067734313 	 0.0140227559 	-0.0026924985 	 0.0000096842 	
410.5000000000 	0.1056143329 	 0.0148356658 	-0.0027876034 	 0.0000102974 	
411.0000000000 	0.1044292599 	 0.0156593760 	-0.0028817672 	 0.0000109211 	
411.5000000000 	0.1032192741 	 0.0164925206 	-0.0029749475 	 0.0000115543 	
412.0000000000 	0.1019854517 	 0.0173337220 	-0.0030671090 	 0.0000121958 	
412.5000000000 	0.1007288821 	 0.0181815934 	-0.0031582122 	 0.0000128448 	
413.0000000000 	0.0994506661 	 0.0190347413 	-0.0032482189 	 0.0000135000 	
413.5000000000 	0.0981519154 	 0.0198917673 	-0.0033370903 	 0.0000141604 	
414.0000000000 	0.0968337501 	 0.0207512713 	-0.0034247880 	 0.0000148249 	
414.5000000000 	0.0954972983 	 0.0216118530 	-0.0035112734 	 0.0000154925 	
415.0000000000 	0.0941436939 	 0.0224721145 	-0.0035965080 	 0.0000161620 	
415.5000000000 	0.0927740759 	 0.0233306626 	-0.0036804533 	 0.0000168323 	
416.0000000000 	0.0913895863 	 0.0241861110 	-0.0037630710 	 0.0000175025 	
416.5000000000 	0.0899913691 	 0.0250370828 	-0.0038443228 	 0.0000181712 	
417.0000000000 	0.0885805691 	 0.0258822123 	-0.0039241704 	 0.0000188376 	
417.5000000000 	0.0871583301 	 0.0267201474 	-0.0040025763 	 0.0000195004 	
418.0000000000 	0.0857257942 	 0.0275495518 	-0.0040795023 	 0.0000201588 	
418.5000000000 	0.0842840994 	 0.0283691071 	-0.0041549119 	 0.0000208114 	
419.0000000000 	0.0828343798 	 0.0291775148 	-0.0042287651 	 0.0000214577 	
419.5000000000 	0.0813777622 	 0.0299734982 	-0.0043010288 	 0.0000220961 	
420.0000000000 	0.0799153670 	 0.0307558048 	-0.0043716638 	 0.0000227257 	
420.5000000000 	0.0784483059 	 0.0315232079 	-0.0044406362 	 0.0000233457 	
421.0000000000 	0.0769776812 	 0.0322745085 	-0.0045079050 	 0.0000239552 	
421.5000000000 	0.0755045826 	 0.0330085372 	-0.0045734419 	 0.0000245530 	
422.0000000000 	0.0740300893 	 0.0337241561 	-0.0046372071 	 0.0000251382 	
422.5000000000 	0.0725552668 	 0.0344202602 	-0.0046991684 	 0.0000257099 	
423.0000000000 	0.0710811656 	 0.0350957792 	-0.0047592910 	 0.0000262674 	
423.5000000000 	0.0696088213 	 0.0357496792 	-0.0048175421 	 0.0000268096 	
424.0000000000 	0.0681392527 	 0.0363809641 	-0.0048738891 	 0.0000273358 	
424.5000000000 	0.0666734610 	 0.0369886770 	-0.0049283000 	 0.0000278451 	
425.0000000000 	0.0652124292 	 0.0375719014 	-0.0049807452 	 0.0000283369 	
425.5000000000 	0.0637571202 	 0.0381297631 	-0.0050311861 	 0.0000288102 	
426.0000000000 	0.0623084774 	 0.0386614306 	-0.0050796076 	 0.0000292646 	
426.5000000000 	0.0608674223 	 0.0391661169 	-0.0051259681 	 0.0000296991 	
427.0000000000 	0.0594348548 	 0.0396430802 	-0.0051702445 	 0.0000301132 	
427.5000000000 	0.0580116520 	 0.0400916252 	-0.0052124112 	 0.0000305063 	
428.0000000000 	0.0565986671 	 0.0405111035 	-0.0052524406 	 0.0000308778 	
428.5000000000 	0.0551967293 	 0.0409009151 	-0.0052902940 	 0.0000312271 	
429.0000000000 	0.0538066428 	 0.0412605083 	-0.0053259752 	 0.0000315538 	
429.5000000000 	0.0524291867 	 0.0415893812 	-0.0053594465 	 0.0000318574 	
430.0000000000 	0.0510651136 	 0.0418870819 	-0.0053906808 	 0.0000321375 	
430.5000000000 	0.0497151496 	 0.0421532087 	-0.0054196592 	 0.0000323936 	
431.0000000000 	0.0483799941 	 0.0423874112 	-0.0054463644 	 0.0000326254 	
431.5000000000 	0.0470603184 	 0.0425893899 	-0.0054707765 	 0.0000328325 	
432.0000000000 	0.0457567663 	 0.0427588970 	-0.0054928772 	 0.0000330149 	
432.5000000000 	0.0444699533 	 0.0428957362 	-0.0055126509 	 0.0000331721 	
433.0000000000 	0.0432004664 	 0.0429997630 	-0.0055300821 	 0.0000333040 	
433.5000000000 	0.0419488636 	 0.0430708846 	-0.0055451562 	 0.0000334104 	
434.0000000000 	0.0407156745 	 0.0431090599 	-0.0055578633 	 0.0000334914 	
434.5000000000 	0.0395013990 	 0.0431142991 	-0.0055681819 	 0.0000335466 	
435.0000000000 	0.0383065078 	 0.0430866637 	-0.0055761172 	 0.0000335763 	
435.5000000000 	0.0371314421 	 0.0430262663 	-0.0055816508 	 0.0000335802 	
436.0000000000 	0.0359766141 	 0.0429332697 	-0.0055847773 	 0.0000335585 	
436.5000000000 	0.0348424062 	 0.0428078870 	-0.0055854901 	 0.0000335114 	
437.0000000000 	0.0337291716 	 0.0426503805 	-0.0055837846 	 0.0000334388 	
437.5000000000 	0.0326372343 	 0.0424610615 	-0.0055796580 	 0.0000333409 	
438.0000000000 	0.0315668889 	 0.0422402897 	-0.0055731082 	 0.0000332181 	
438.5000000000 	0.0305184011 	 0.0419884717 	-0.0055641349 	 0.0000330704 	
439.0000000000 	0.0294920080 	 0.0417060612 	-0.0055527389 	 0.0000328983 	
439.5000000000 	0.0284879178 	 0.0413935572 	-0.0055389228 	 0.0000327019 	
440.0000000000 	0.0275063109 	 0.0410515036 	-0.0055226905 	 0.0000324818 	
440.5000000000 	0.0265473395 	 0.0406804879 	-0.0055040471 	 0.0000322382 	
