## Date: 27.8.2019 -- Time: 14:5:56  
## Gamma_l=0.5000000000 - Gamma_m=0.0000000000 - Gamma_r=0.5000000000 
## phi_l=1.5707963268 - phi_m=0.0000000000 - phi_r=0.0000000000 
## init_000=0.00 - init_001=0.00 - init_010=0.00 - init_011=1.00 
## dt=0.500000 - t_end=600 - fb=20 - cutoff=0.000001000000 -- Nbin=2 
0.0000000000  	 1.0000000000 	 1.0000000000 	 0.0000000000 	 0.0000000000 	 1.00 
0.5000000000  	 0.7701511618 	 0.7701511618 	 0.1149244290 	 0.1149244290 	 1.00 
1.0000000000  	 0.5931328105 	 0.5931328105 	 0.0885091816 	 0.0885091816 	 1.00 
1.5000000000  	 0.4568019209 	 0.4568019209 	 0.0681654482 	 0.0681654482 	 1.00 
2.0000000000  	 0.3518065279 	 0.3518065279 	 0.0524976986 	 0.0524976986 	 1.00 
2.5000000000  	 0.2709442042 	 0.2709442042 	 0.0404311631 	 0.0404311631 	 1.00 
3.0000000000  	 0.2086679919 	 0.2086679919 	 0.0311381069 	 0.0311381069 	 1.00 
3.5000000000  	 0.1607058949 	 0.1607058949 	 0.0239810489 	 0.0239810489 	 1.00 
4.0000000000  	 0.1237678305 	 0.1237678305 	 0.0184690325 	 0.0184690325 	 1.00 
4.5000000000  	 0.0953199375 	 0.0953199375 	 0.0142239467 	 0.0142239467 	 1.00 
5.0000000000  	 0.0734107598 	 0.0734107598 	 0.0109545889 	 0.0109545889 	 1.00 
5.5000000000  	 0.0565373814 	 0.0565373814 	 0.0084366893 	 0.0084366893 	 1.00 
6.0000000000  	 0.0435423295 	 0.0435423295 	 0.0064975260 	 0.0064975260 	 1.00 
6.5000000000  	 0.0335341753 	 0.0335341753 	 0.0050040771 	 0.0050040771 	 1.00 
7.0000000000  	 0.0258263838 	 0.0258263838 	 0.0038538958 	 0.0038538958 	 1.00 
7.5000000000  	 0.0198902192 	 0.0198902192 	 0.0029680823 	 0.0029680823 	 1.00 
8.0000000000  	 0.0153184753 	 0.0153184753 	 0.0022858720 	 0.0022858720 	 1.00 
8.5000000000  	 0.0117975414 	 0.0117975414 	 0.0017604669 	 0.0017604669 	 1.00 
9.0000000000  	 0.0090858901 	 0.0090858901 	 0.0013558256 	 0.0013558256 	 1.00 
9.5000000000  	 0.0069975087 	 0.0069975087 	 0.0010441907 	 0.0010441907 	 1.00 
10.0000000000  	 0.0053891394 	 0.0053891394 	 0.0008041847 	 0.0008041847 	 1.00 
10.5000000000  	 0.0173580756 	 0.0173580759 	 0.1019051906 	 0.1019051900 	 1.00 
11.0000000000  	 0.0436806236 	 0.0436801041 	 0.0584552382 	 0.0584558072 	 1.00 
11.5000000000  	 0.0725312448 	 0.0725273121 	 0.0318764671 	 0.0318700094 	 1.00 
12.0000000000  	 0.0978038778 	 0.0977955521 	 0.0161906799 	 0.0161851505 	 1.00 
12.5000000000  	 0.1168743555 	 0.1168582961 	 0.0073977574 	 0.0073891425 	 1.00 
13.0000000000  	 0.1291434219 	 0.1291320183 	 0.0028471824 	 0.0028388209 	 1.00 
13.5000000000  	 0.1350919059 	 0.1350846872 	 0.0008128293 	 0.0008052325 	 1.00 
14.0000000000  	 0.1357147884 	 0.1357026165 	 0.0001894870 	 0.0001904565 	 1.00 
14.5000000000  	 0.1321761616 	 0.1321592716 	 0.0002967720 	 0.0002944219 	 1.00 
15.0000000000  	 0.1256057887 	 0.1255877762 	 0.0007179028 	 0.0007174680 	 1.00 
15.5000000000  	 0.1170010029 	 0.1169903982 	 0.0012201810 	 0.0012186791 	 1.00 
16.0000000000  	 0.1072052925 	 0.1072000618 	 0.0016749346 	 0.0016739725 	 1.00 
16.5000000000  	 0.0968783487 	 0.0968768084 	 0.0020272334 	 0.0020267818 	 1.00 
17.0000000000  	 0.0865163645 	 0.0865190606 	 0.0022631326 	 0.0022608576 	 1.00 
17.5000000000  	 0.0764781360 	 0.0764825658 	 0.0023849452 	 0.0023829085 	 1.00 
18.0000000000  	 0.0669881801 	 0.0670118182 	 0.0024114788 	 0.0024068047 	 1.00 
18.5000000000  	 0.0582205285 	 0.0582576846 	 0.0023583483 	 0.0023533585 	 1.00 
19.0000000000  	 0.0502526507 	 0.0502982479 	 0.0022481453 	 0.0022437046 	 1.00 
19.5000000000  	 0.0431091001 	 0.0431589612 	 0.0020995319 	 0.0020959575 	 1.00 
20.0000000000  	 0.0367770756 	 0.0368272717 	 0.0019277821 	 0.0019248506 	 1.00 
20.5000000000  	 0.0312680051 	 0.0313264028 	 0.0021267928 	 0.0021116863 	 1.00 
21.0000000000  	 0.0269949738 	 0.0270768951 	 0.0042190369 	 0.0041834452 	 1.00 
21.5000000000  	 0.0246124226 	 0.0247198640 	 0.0064902414 	 0.0064426245 	 1.00 
22.0000000000  	 0.0245576496 	 0.0246635288 	 0.0079371464 	 0.0079022407 	 1.00 
22.5000000000  	 0.0268792844 	 0.0269511033 	 0.0083750583 	 0.0083491145 	 1.00 
23.0000000000  	 0.0312482029 	 0.0312452098 	 0.0079674660 	 0.0079462934 	 1.00 
23.5000000000  	 0.0370679845 	 0.0370271865 	 0.0069854264 	 0.0069984942 	 1.00 
24.0000000000  	 0.0437211491 	 0.0436554336 	 0.0057679720 	 0.0057853875 	 1.00 
24.5000000000  	 0.0505724045 	 0.0504834294 	 0.0044955051 	 0.0045115860 	 1.00 
25.0000000000  	 0.0570676885 	 0.0569609432 	 0.0033157654 	 0.0033296788 	 1.00 
25.5000000000  	 0.0627743733 	 0.0626581795 	 0.0023139964 	 0.0023251124 	 1.00 
26.0000000000  	 0.0673936696 	 0.0672741799 	 0.0015235324 	 0.0015284989 	 1.00 
26.5000000000  	 0.0707544499 	 0.0706375492 	 0.0009452614 	 0.0009470038 	 1.00 
27.0000000000  	 0.0727967034 	 0.0726861113 	 0.0005586730 	 0.0005587618 	 1.00 
27.5000000000  	 0.0735499267 	 0.0734468013 	 0.0003322246 	 0.0003309216 	 1.00 
28.0000000000  	 0.0731102670 	 0.0730130508 	 0.0002304587 	 0.0002278541 	 1.00 
28.5000000000  	 0.0716178133 	 0.0715240788 	 0.0002197423 	 0.0002178872 	 1.00 
29.0000000000  	 0.0692232339 	 0.0691442096 	 0.0002703179 	 0.0002685443 	 1.00 
29.5000000000  	 0.0661101546 	 0.0660523408 	 0.0003598240 	 0.0003535704 	 1.00 
30.0000000000  	 0.0624593992 	 0.0624205578 	 0.0004539657 	 0.0004532363 	 1.00 
30.5000000000  	 0.0584395214 	 0.0584121648 	 0.0005546661 	 0.0005548100 	 1.00 
31.0000000000  	 0.0542033413 	 0.0541802974 	 0.0006716722 	 0.0006709109 	 1.00 
31.5000000000  	 0.0498992265 	 0.0498589194 	 0.0008639346 	 0.0008692252 	 1.00 
32.0000000000  	 0.0456838430 	 0.0456210143 	 0.0011737299 	 0.0011858758 	 1.00 
32.5000000000  	 0.0416998729 	 0.0416459897 	 0.0016105058 	 0.0016101357 	 1.00 
33.0000000000  	 0.0381495410 	 0.0381213942 	 0.0020809585 	 0.0020856662 	 1.00 
33.5000000000  	 0.0352148322 	 0.0352200572 	 0.0025375056 	 0.0025530641 	 1.00 
34.0000000000  	 0.0330469222 	 0.0330834230 	 0.0029271052 	 0.0029344488 	 1.00 
34.5000000000  	 0.0317324012 	 0.0317907551 	 0.0031838028 	 0.0031925362 	 1.00 
35.0000000000  	 0.0312942362 	 0.0313754278 	 0.0032938124 	 0.0033020146 	 1.00 
35.5000000000  	 0.0316926495 	 0.0317801823 	 0.0032585101 	 0.0032664461 	 1.00 
36.0000000000  	 0.0328327864 	 0.0329223065 	 0.0030965151 	 0.0031034925 	 1.00 
36.5000000000  	 0.0345702526 	 0.0346607691 	 0.0028406371 	 0.0028413770 	 1.00 
37.0000000000  	 0.0367220533 	 0.0368132121 	 0.0025207738 	 0.0025161400 	 1.00 
37.5000000000  	 0.0390787983 	 0.0391664182 	 0.0022052458 	 0.0022091616 	 1.00 
38.0000000000  	 0.0415177204 	 0.0415980033 	 0.0018301589 	 0.0018284807 	 1.00 
38.5000000000  	 0.0438753301 	 0.0439486378 	 0.0014731379 	 0.0014788288 	 1.00 
39.0000000000  	 0.0460116938 	 0.0460768824 	 0.0011501932 	 0.0011544809 	 1.00 
39.5000000000  	 0.0478147030 	 0.0478694830 	 0.0008718057 	 0.0008746031 	 1.00 
40.0000000000  	 0.0491983866 	 0.0492437682 	 0.0006448696 	 0.0006449943 	 1.00 
40.5000000000  	 0.0501152055 	 0.0501484840 	 0.0004662000 	 0.0004669362 	 1.00 
41.0000000000  	 0.0505401902 	 0.0505617078 	 0.0003368263 	 0.0003373838 	 1.00 
41.5000000000  	 0.0504731671 	 0.0504827394 	 0.0002521289 	 0.0002528787 	 1.00 
42.0000000000  	 0.0499138636 	 0.0499391594 	 0.0002095177 	 0.0002097285 	 1.00 
42.5000000000  	 0.0489226964 	 0.0489702439 	 0.0002132718 	 0.0002092012 	 1.00 
43.0000000000  	 0.0475523967 	 0.0475964967 	 0.0002593909 	 0.0002594664 	 1.00 
43.5000000000  	 0.0458667633 	 0.0459100286 	 0.0003586958 	 0.0003542541 	 1.00 
44.0000000000  	 0.0439501933 	 0.0439911576 	 0.0004985805 	 0.0004890640 	 1.00 
44.5000000000  	 0.0418933513 	 0.0419309387 	 0.0006764114 	 0.0006627548 	 1.00 
45.0000000000  	 0.0397923909 	 0.0398284447 	 0.0008789153 	 0.0008616878 	 1.00 
45.5000000000  	 0.0377622655 	 0.0377888753 	 0.0010714934 	 0.0010695707 	 1.00 
46.0000000000  	 0.0358699779 	 0.0358874134 	 0.0012757407 	 0.0012791414 	 1.00 
46.5000000000  	 0.0342054266 	 0.0342289082 	 0.0014614248 	 0.0014523692 	 1.00 
47.0000000000  	 0.0328517977 	 0.0328945645 	 0.0016003856 	 0.0015861207 	 1.00 
47.5000000000  	 0.0318597617 	 0.0319198985 	 0.0016882516 	 0.0016751851 	 1.00 
48.0000000000  	 0.0312432725 	 0.0313099093 	 0.0017376478 	 0.0017255543 	 1.00 
48.5000000000  	 0.0310060710 	 0.0310751469 	 0.0017298266 	 0.0017226042 	 1.00 
49.0000000000  	 0.0311183606 	 0.0311900525 	 0.0016724968 	 0.0016716812 	 1.00 
49.5000000000  	 0.0315419401 	 0.0316205450 	 0.0015904624 	 0.0015854342 	 1.00 
50.0000000000  	 0.0322139980 	 0.0323106373 	 0.0014805627 	 0.0014638003 	 1.00 
50.5000000000  	 0.0330603126 	 0.0331409933 	 0.0013664916 	 0.0013594756 	 1.00 
51.0000000000  	 0.0340366613 	 0.0340747628 	 0.0012043363 	 0.0012173501 	 1.00 
51.5000000000  	 0.0350649501 	 0.0350785557 	 0.0010486325 	 0.0010492661 	 1.00 
52.0000000000  	 0.0360839324 	 0.0360758025 	 0.0008841626 	 0.0008855558 	 1.00 
52.5000000000  	 0.0370295208 	 0.0370006931 	 0.0007315265 	 0.0007333505 	 1.00 
53.0000000000  	 0.0378305549 	 0.0377993061 	 0.0005923188 	 0.0005972577 	 1.00 
53.5000000000  	 0.0384497292 	 0.0384116946 	 0.0004789931 	 0.0004793328 	 1.00 
54.0000000000  	 0.0388594368 	 0.0388129645 	 0.0003867396 	 0.0003909104 	 1.00 
54.5000000000  	 0.0390373699 	 0.0389883738 	 0.0003213156 	 0.0003265282 	 1.00 
55.0000000000  	 0.0389733998 	 0.0389268242 	 0.0002875031 	 0.0002862927 	 1.00 
55.5000000000  	 0.0386755041 	 0.0386363598 	 0.0002781815 	 0.0002746779 	 1.00 
56.0000000000  	 0.0381507181 	 0.0381340749 	 0.0003032672 	 0.0002913213 	 1.00 
56.5000000000  	 0.0374331877 	 0.0374208122 	 0.0003426842 	 0.0003291894 	 1.00 
57.0000000000  	 0.0365469622 	 0.0365388282 	 0.0004133105 	 0.0003954027 	 1.00 
57.5000000000  	 0.0355426973 	 0.0355534434 	 0.0004889817 	 0.0004798739 	 1.00 
58.0000000000  	 0.0344755604 	 0.0344988517 	 0.0005944653 	 0.0005763853 	 1.00 
58.5000000000  	 0.0333908867 	 0.0334321737 	 0.0006915859 	 0.0006757822 	 1.00 
59.0000000000  	 0.0323487666 	 0.0324112843 	 0.0007838349 	 0.0007699258 	 1.00 
59.5000000000  	 0.0313930321 	 0.0314775318 	 0.0008666394 	 0.0008536987 	 1.00 
60.0000000000  	 0.0305587614 	 0.0306573605 	 0.0009351872 	 0.0009216559 	 1.00 
60.5000000000  	 0.0298617038 	 0.0299608308 	 0.0009972553 	 0.0009805221 	 1.00 
61.0000000000  	 0.0293338623 	 0.0294473822 	 0.0010271890 	 0.0010083013 	 1.00 
61.5000000000  	 0.0289886236 	 0.0291179200 	 0.0010371441 	 0.0010198597 	 1.00 
62.0000000000  	 0.0288217913 	 0.0289669491 	 0.0010228839 	 0.0010089206 	 1.00 
62.5000000000  	 0.0288178364 	 0.0289507587 	 0.0009908132 	 0.0009960633 	 1.00 
63.0000000000  	 0.0289697091 	 0.0290864622 	 0.0009395409 	 0.0009498823 	 1.00 
63.5000000000  	 0.0292367229 	 0.0293172626 	 0.0008937061 	 0.0009016661 	 1.00 
64.0000000000  	 0.0295780465 	 0.0296570532 	 0.0008334325 	 0.0008263236 	 1.00 
64.5000000000  	 0.0299917722 	 0.0300692002 	 0.0007505436 	 0.0007421696 	 1.00 
65.0000000000  	 0.0304417658 	 0.0305142846 	 0.0006662144 	 0.0006565165 	 1.00 
65.5000000000  	 0.0308947063 	 0.0309703424 	 0.0005844754 	 0.0005753643 	 1.00 
66.0000000000  	 0.0313172601 	 0.0313936060 	 0.0005082558 	 0.0004973334 	 1.00 
66.5000000000  	 0.0316817267 	 0.0317555732 	 0.0004396965 	 0.0004309887 	 1.00 
67.0000000000  	 0.0319614217 	 0.0320456817 	 0.0003797332 	 0.0003768504 	 1.00 
67.5000000000  	 0.0321210487 	 0.0322112451 	 0.0003354888 	 0.0003337427 	 1.00 
68.0000000000  	 0.0321648367 	 0.0322585761 	 0.0003089809 	 0.0003050669 	 1.00 
68.5000000000  	 0.0320910970 	 0.0321816582 	 0.0002961835 	 0.0002921816 	 1.00 
69.0000000000  	 0.0318991965 	 0.0319822607 	 0.0002983934 	 0.0002970971 	 1.00 
69.5000000000  	 0.0315952981 	 0.0316665732 	 0.0003135669 	 0.0003096620 	 1.00 
70.0000000000  	 0.0311769901 	 0.0312516309 	 0.0003361335 	 0.0003322630 	 1.00 
70.5000000000  	 0.0306890907 	 0.0307712765 	 0.0003743589 	 0.0003705680 	 1.00 
71.0000000000  	 0.0301505982 	 0.0302389139 	 0.0004189525 	 0.0004144249 	 1.00 
71.5000000000  	 0.0295853695 	 0.0296763761 	 0.0004668769 	 0.0004622811 	 1.00 
72.0000000000  	 0.0290140044 	 0.0291263288 	 0.0005148024 	 0.0005011094 	 1.00 
72.5000000000  	 0.0284672044 	 0.0285747504 	 0.0005620040 	 0.0005540941 	 1.00 
73.0000000000  	 0.0279594287 	 0.0280666987 	 0.0006027078 	 0.0005937669 	 1.00 
73.5000000000  	 0.0275087471 	 0.0276151284 	 0.0006352148 	 0.0006231817 	 1.00 
74.0000000000  	 0.0271308559 	 0.0272302820 	 0.0006577070 	 0.0006421043 	 1.00 
74.5000000000  	 0.0268353565 	 0.0269294221 	 0.0006613811 	 0.0006518424 	 1.00 
75.0000000000  	 0.0266365680 	 0.0266865504 	 0.0006618080 	 0.0006437718 	 1.00 
75.5000000000  	 0.0264881322 	 0.0265330889 	 0.0006572416 	 0.0006372337 	 1.00 
76.0000000000  	 0.0264296965 	 0.0264697956 	 0.0006361306 	 0.0006216856 	 1.00 
76.5000000000  	 0.0264524804 	 0.0264982718 	 0.0006085727 	 0.0005949233 	 1.00 
77.0000000000  	 0.0265453522 	 0.0265999707 	 0.0005743718 	 0.0005637884 	 1.00 
77.5000000000  	 0.0266913214 	 0.0267626468 	 0.0005358011 	 0.0005272302 	 1.00 
78.0000000000  	 0.0268715606 	 0.0269553658 	 0.0004944436 	 0.0004885916 	 1.00 
78.5000000000  	 0.0270641365 	 0.0271619990 	 0.0004528559 	 0.0004485170 	 1.00 
79.0000000000  	 0.0272562743 	 0.0273560886 	 0.0004128490 	 0.0004123389 	 1.00 
79.5000000000  	 0.0274296018 	 0.0275300583 	 0.0003761126 	 0.0003760119 	 1.00 
80.0000000000  	 0.0275716103 	 0.0276694585 	 0.0003435187 	 0.0003443596 	 1.00 
80.5000000000  	 0.0276729281 	 0.0277592177 	 0.0003162260 	 0.0003225761 	 1.00 
81.0000000000  	 0.0277245804 	 0.0277975105 	 0.0002965868 	 0.0003008671 	 1.00 
81.5000000000  	 0.0277024138 	 0.0277799505 	 0.0002716935 	 0.0002834353 	 1.00 
82.0000000000  	 0.0276242537 	 0.0277004698 	 0.0002681410 	 0.0002775654 	 1.00 
82.5000000000  	 0.0274903528 	 0.0275601250 	 0.0002719226 	 0.0002787424 	 1.00 
83.0000000000  	 0.0273023066 	 0.0273563268 	 0.0002819972 	 0.0002845494 	 1.00 
83.5000000000  	 0.0270682709 	 0.0271082522 	 0.0002969207 	 0.0003007905 	 1.00 
84.0000000000  	 0.0267947255 	 0.0268326550 	 0.0003168218 	 0.0003194905 	 0.99 
84.5000000000  	 0.0264966184 	 0.0265259051 	 0.0003368855 	 0.0003392437 	 0.99 
85.0000000000  	 0.0261670630 	 0.0262085408 	 0.0003542063 	 0.0003478194 	 0.99 
85.5000000000  	 0.0258383723 	 0.0258901814 	 0.0003767376 	 0.0003740743 	 0.99 
86.0000000000  	 0.0255232996 	 0.0255869089 	 0.0003934740 	 0.0003954334 	 0.99 
86.5000000000  	 0.0252339445 	 0.0253005927 	 0.0004073069 	 0.0004147004 	 0.99 
87.0000000000  	 0.0249815660 	 0.0251053076 	 0.0004187323 	 0.0004396225 	 0.99 
87.5000000000  	 0.0247703789 	 0.0249200314 	 0.0004252601 	 0.0004491379 	 0.99 
88.0000000000  	 0.0246036857 	 0.0247599623 	 0.0004272546 	 0.0004523895 	 0.99 
88.5000000000  	 0.0244826082 	 0.0246338264 	 0.0004245901 	 0.0004495819 	 0.99 
89.0000000000  	 0.0244061994 	 0.0245443506 	 0.0004174387 	 0.0004408597 	 0.99 
89.5000000000  	 0.0243717836 	 0.0244883431 	 0.0004061669 	 0.0004265458 	 0.99 
90.0000000000  	 0.0243758683 	 0.0244571536 	 0.0003912214 	 0.0004071067 	 0.99 
90.5000000000  	 0.0244136115 	 0.0244376983 	 0.0003735700 	 0.0003831051 	 0.99 
91.0000000000  	 0.0244800521 	 0.0244121963 	 0.0003540577 	 0.0003550689 	 0.99 
91.5000000000  	 0.0245721666 	 0.0243536499 	 0.0003327209 	 0.0003213154 	 0.99 
92.0000000000  	 0.0246261813 	 0.0244476930 	 0.0003028673 	 0.0003072813 	 0.99 
92.5000000000  	 0.0246782425 	 0.0245366870 	 0.0002870312 	 0.0002887136 	 0.99 
93.0000000000  	 0.0247201796 	 0.0246124961 	 0.0002695360 	 0.0002730998 	 0.99 
93.5000000000  	 0.0247439447 	 0.0246753136 	 0.0002540599 	 0.0002612701 	 0.99 
94.0000000000  	 0.0247439826 	 0.0247243215 	 0.0002418890 	 0.0002501480 	 0.99 
94.5000000000  	 0.0247178227 	 0.0247407731 	 0.0002336381 	 0.0002402212 	 0.99 
95.0000000000  	 0.0246636566 	 0.0247396139 	 0.0002286989 	 0.0002357025 	 0.99 
95.5000000000  	 0.0245831390 	 0.0246744670 	 0.0002272343 	 0.0002326575 	 0.99 
96.0000000000  	 0.0244777994 	 0.0245557814 	 0.0002289589 	 0.0002339440 	 0.99 
96.5000000000  	 0.0243501382 	 0.0243918916 	 0.0002336301 	 0.0002384634 	 0.99 
97.0000000000  	 0.0242126388 	 0.0241757952 	 0.0002410678 	 0.0002458331 	 0.99 
97.5000000000  	 0.0240342890 	 0.0240039510 	 0.0002443219 	 0.0002504715 	 0.99 
98.0000000000  	 0.0238484594 	 0.0238195293 	 0.0002606735 	 0.0002670167 	 0.99 
98.5000000000  	 0.0236593653 	 0.0236315908 	 0.0002696000 	 0.0002733288 	 0.99 
99.0000000000  	 0.0234708874 	 0.0234506344 	 0.0002840145 	 0.0002907218 	 0.99 
99.5000000000  	 0.0232899163 	 0.0232770924 	 0.0002903896 	 0.0002947222 	 0.99 
100.0000000000  	 0.0231211514 	 0.0231176199 	 0.0003007145 	 0.0003076737 	 0.99 
100.5000000000  	 0.0229664652 	 0.0229768809 	 0.0003025515 	 0.0003082711 	 0.99 
101.0000000000  	 0.0228284488 	 0.0228680070 	 0.0003065057 	 0.0003118593 	 0.99 
101.5000000000  	 0.0227070738 	 0.0227700480 	 0.0003014603 	 0.0003081989 	 0.99 
102.0000000000  	 0.0226100608 	 0.0226962547 	 0.0003006920 	 0.0003093914 	 0.99 
102.5000000000  	 0.0225391392 	 0.0226545087 	 0.0002930174 	 0.0002977291 	 0.99 
103.0000000000  	 0.0224952904 	 0.0226317800 	 0.0002855987 	 0.0002892696 	 0.99 
103.5000000000  	 0.0224749330 	 0.0226251671 	 0.0002765737 	 0.0002791804 	 0.99 
104.0000000000  	 0.0224751336 	 0.0226320952 	 0.0002663192 	 0.0002676629 	 0.99 
104.5000000000  	 0.0224913480 	 0.0226475684 	 0.0002549472 	 0.0002557203 	 0.99 
105.0000000000  	 0.0225190335 	 0.0226669370 	 0.0002431346 	 0.0002435214 	 0.99 
105.5000000000  	 0.0225509379 	 0.0226763634 	 0.0002307561 	 0.0002318350 	 0.99 
106.0000000000  	 0.0225789611 	 0.0226829201 	 0.0002188706 	 0.0002201507 	 0.99 
106.5000000000  	 0.0225960450 	 0.0226830854 	 0.0002074677 	 0.0002085459 	 0.99 
107.0000000000  	 0.0225966827 	 0.0226751063 	 0.0001987367 	 0.0002008021 	 0.99 
107.5000000000  	 0.0225796783 	 0.0226553701 	 0.0001929947 	 0.0001955002 	 0.99 
108.0000000000  	 0.0225468227 	 0.0226183606 	 0.0001891464 	 0.0001907513 	 0.99 
108.5000000000  	 0.0224966664 	 0.0225639976 	 0.0001877495 	 0.0001893324 	 0.99 
109.0000000000  	 0.0224304587 	 0.0224924155 	 0.0001883955 	 0.0001900606 	 0.99 
109.5000000000  	 0.0223477081 	 0.0224059522 	 0.0001906411 	 0.0001921272 	 0.99 
110.0000000000  	 0.0222517334 	 0.0222965093 	 0.0001941542 	 0.0001950995 	 0.99 
110.5000000000  	 0.0221442182 	 0.0221769329 	 0.0001988871 	 0.0001998207 	 0.99 
111.0000000000  	 0.0220290085 	 0.0220500307 	 0.0002043169 	 0.0002051581 	 0.99 
111.5000000000  	 0.0219093922 	 0.0219186145 	 0.0002100537 	 0.0002105213 	 0.99 
112.0000000000  	 0.0217882911 	 0.0217854790 	 0.0002159380 	 0.0002156575 	 0.99 
112.5000000000  	 0.0216697932 	 0.0216596257 	 0.0002212710 	 0.0002201137 	 0.99 
113.0000000000  	 0.0215593963 	 0.0215341241 	 0.0002252426 	 0.0002227129 	 0.99 
113.5000000000  	 0.0214574021 	 0.0214181560 	 0.0002283582 	 0.0002270410 	 0.99 
114.0000000000  	 0.0213671922 	 0.0213106939 	 0.0002298810 	 0.0002282055 	 0.99 
114.5000000000  	 0.0212885696 	 0.0212197192 	 0.0002303061 	 0.0002298938 	 0.99 
115.0000000000  	 0.0212252403 	 0.0211423268 	 0.0002289890 	 0.0002255966 	 0.99 
115.5000000000  	 0.0211721547 	 0.0210784281 	 0.0002261757 	 0.0002266613 	 0.99 
116.0000000000  	 0.0211305296 	 0.0210334748 	 0.0002223475 	 0.0002209051 	 0.99 
116.5000000000  	 0.0210974720 	 0.0210010580 	 0.0002175956 	 0.0002194691 	 0.99 
117.0000000000  	 0.0210731770 	 0.0209816876 	 0.0002122397 	 0.0002141395 	 0.99 
117.5000000000  	 0.0210562925 	 0.0209721951 	 0.0002062871 	 0.0002081527 	 0.99 
118.0000000000  	 0.0210445311 	 0.0209696220 	 0.0001999286 	 0.0002015672 	 0.99 
118.5000000000  	 0.0210355157 	 0.0209709465 	 0.0001934919 	 0.0001948522 	 0.99 
119.0000000000  	 0.0210266835 	 0.0209729769 	 0.0001873441 	 0.0001883304 	 0.99 
119.5000000000  	 0.0210156734 	 0.0209726292 	 0.0001817224 	 0.0001822780 	 0.99 
120.0000000000  	 0.0209996949 	 0.0209671581 	 0.0001767363 	 0.0001769313 	 0.99 
120.5000000000  	 0.0209763663 	 0.0209543412 	 0.0001725711 	 0.0001724756 	 0.99 
121.0000000000  	 0.0209445474 	 0.0209324898 	 0.0001694085 	 0.0001690465 	 0.99 
121.5000000000  	 0.0209035136 	 0.0209005420 	 0.0001672653 	 0.0001667145 	 0.99 
122.0000000000  	 0.0208529488 	 0.0208579059 	 0.0001661115 	 0.0001655255 	 0.99 
122.5000000000  	 0.0207934270 	 0.0208046547 	 0.0001658969 	 0.0001654541 	 0.99 
123.0000000000  	 0.0207256357 	 0.0207416897 	 0.0001664632 	 0.0001663334 	 0.99 
123.5000000000  	 0.0206502534 	 0.0206704281 	 0.0001677767 	 0.0001680075 	 0.99 
124.0000000000  	 0.0205684944 	 0.0205926333 	 0.0001697372 	 0.0001702882 	 0.99 
124.5000000000  	 0.0204820849 	 0.0205102350 	 0.0001721546 	 0.0001730023 	 0.99 
125.0000000000  	 0.0203932990 	 0.0204253959 	 0.0001746740 	 0.0001759359 	 0.99 
125.5000000000  	 0.0203038407 	 0.0203403109 	 0.0001772332 	 0.0001788007 	 0.99 
126.0000000000  	 0.0202158187 	 0.0202569585 	 0.0001796875 	 0.0001813914 	 0.99 
126.5000000000  	 0.0201312362 	 0.0201771335 	 0.0001818249 	 0.0001835445 	 0.99 
127.0000000000  	 0.0200514811 	 0.0201024515 	 0.0001836108 	 0.0001851419 	 0.99 
127.5000000000  	 0.0199780590 	 0.0200342325 	 0.0001847145 	 0.0001860866 	 0.99 
128.0000000000  	 0.0199120474 	 0.0199734731 	 0.0001850351 	 0.0001862875 	 0.99 
128.5000000000  	 0.0198541114 	 0.0199207604 	 0.0001845218 	 0.0001856974 	 0.99 
129.0000000000  	 0.0198044753 	 0.0198762288 	 0.0001831876 	 0.0001843264 	 0.99 
129.5000000000  	 0.0197629154 	 0.0198395590 	 0.0001810945 	 0.0001822351 	 0.99 
130.0000000000  	 0.0197287939 	 0.0198099897 	 0.0001783461 	 0.0001795146 	 0.99 
130.5000000000  	 0.0197030065 	 0.0197846866 	 0.0001750713 	 0.0001730892 	 0.99 
131.0000000000  	 0.0196822066 	 0.0197634933 	 0.0001714421 	 0.0001696979 	 0.99 
131.5000000000  	 0.0196649214 	 0.0197448114 	 0.0001676269 	 0.0001661158 	 0.99 
132.0000000000  	 0.0196494551 	 0.0197271379 	 0.0001637806 	 0.0001626212 	 0.99 
132.5000000000  	 0.0196341608 	 0.0197089360 	 0.0001600850 	 0.0001592212 	 0.99 
133.0000000000  	 0.0196174805 	 0.0196888043 	 0.0001566867 	 0.0001560414 	 0.99 
133.5000000000  	 0.0195964349 	 0.0196691750 	 0.0001536888 	 0.0001561340 	 0.99 
134.0000000000  	 0.0195718420 	 0.0196452542 	 0.0001511974 	 0.0001532995 	 0.99 
134.5000000000  	 0.0195428246 	 0.0196160939 	 0.0001492743 	 0.0001509956 	 0.99 
135.0000000000  	 0.0195089240 	 0.0195808289 	 0.0001479581 	 0.0001491628 	 0.99 
135.5000000000  	 0.0194698957 	 0.0195391854 	 0.0001472293 	 0.0001479487 	 0.99 
136.0000000000  	 0.0194258026 	 0.0194912169 	 0.0001470535 	 0.0001473456 	 0.99 
136.5000000000  	 0.0193769848 	 0.0194373170 	 0.0001473720 	 0.0001473187 	 0.99 
137.0000000000  	 0.0193240273 	 0.0193781618 	 0.0001481075 	 0.0001478104 	 0.99 
137.5000000000  	 0.0192677205 	 0.0193146770 	 0.0001491686 	 0.0001487343 	 0.99 
138.0000000000  	 0.0192088599 	 0.0192423052 	 0.0001504821 	 0.0001508297 	 0.99 
138.5000000000  	 0.0191486334 	 0.0191696399 	 0.0001518962 	 0.0001521995 	 0.99 
139.0000000000  	 0.0190881657 	 0.0190979596 	 0.0001532942 	 0.0001534736 	 0.99 
139.5000000000  	 0.0190287782 	 0.0190320310 	 0.0001545551 	 0.0001538779 	 0.99 
140.0000000000  	 0.0189713203 	 0.0189682626 	 0.0001555894 	 0.0001550750 	 0.99 
140.5000000000  	 0.0189168143 	 0.0189077958 	 0.0001561163 	 0.0001560605 	 0.99 
141.0000000000  	 0.0188659324 	 0.0188514704 	 0.0001560918 	 0.0001565907 	 0.99 
141.5000000000  	 0.0188189988 	 0.0188000397 	 0.0001557003 	 0.0001566836 	 0.99 
142.0000000000  	 0.0187761379 	 0.0187539608 	 0.0001549283 	 0.0001563131 	 0.99 
142.5000000000  	 0.0187372806 	 0.0187133715 	 0.0001537868 	 0.0001554813 	 0.99 
143.0000000000  	 0.0187021776 	 0.0186781097 	 0.0001523019 	 0.0001542212 	 0.99 
143.5000000000  	 0.0186704994 	 0.0186477341 	 0.0001507044 	 0.0001525838 	 0.99 
144.0000000000  	 0.0186436601 	 0.0186197119 	 0.0001490060 	 0.0001475901 	 0.99 
144.5000000000  	 0.0186190877 	 0.0185947506 	 0.0001470666 	 0.0001456289 	 0.99 
145.0000000000  	 0.0185960640 	 0.0185718601 	 0.0001449725 	 0.0001435483 	 0.99 
145.5000000000  	 0.0185736778 	 0.0185501523 	 0.0001428011 	 0.0001415550 	 0.99 
146.0000000000  	 0.0185510688 	 0.0185286366 	 0.0001406634 	 0.0001396041 	 0.99 
146.5000000000  	 0.0185274004 	 0.0185063778 	 0.0001386476 	 0.0001377726 	 0.99 
147.0000000000  	 0.0185003114 	 0.0184861179 	 0.0001368163 	 0.0001389898 	 0.99 
147.5000000000  	 0.0184710344 	 0.0184635283 	 0.0001352459 	 0.0001372041 	 0.99 
148.0000000000  	 0.0184384854 	 0.0184379714 	 0.0001340084 	 0.0001357308 	 0.99 
148.5000000000  	 0.0184020442 	 0.0184087714 	 0.0001331416 	 0.0001344978 	 0.99 
149.0000000000  	 0.0183618638 	 0.0183756985 	 0.0001326016 	 0.0001336408 	 0.99 
149.5000000000  	 0.0183185813 	 0.0183387477 	 0.0001323345 	 0.0001331469 	 0.99 
150.0000000000  	 0.0182728150 	 0.0182981256 	 0.0001323189 	 0.0001329925 	 0.99 
150.5000000000  	 0.0182248461 	 0.0182542536 	 0.0001325616 	 0.0001331246 	 0.99 
151.0000000000  	 0.0181751028 	 0.0182077420 	 0.0001330092 	 0.0001334682 	 0.99 
151.5000000000  	 0.0181241347 	 0.0181593171 	 0.0001335940 	 0.0001339546 	 0.99 
152.0000000000  	 0.0180725788 	 0.0181097627 	 0.0001342486 	 0.0001345218 	 0.99 
152.5000000000  	 0.0180211148 	 0.0180598833 	 0.0001349038 	 0.0001351051 	 0.99 
153.0000000000  	 0.0179704200 	 0.0180104738 	 0.0001354929 	 0.0001356430 	 0.99 
153.5000000000  	 0.0179211311 	 0.0179622721 	 0.0001359558 	 0.0001360866 	 0.99 
154.0000000000  	 0.0178739059 	 0.0179159373 	 0.0001360576 	 0.0001364030 	 0.99 
154.5000000000  	 0.0178291941 	 0.0178720151 	 0.0001357917 	 0.0001365505 	 0.99 
155.0000000000  	 0.0177871807 	 0.0178309320 	 0.0001353471 	 0.0001364879 	 0.99 
155.5000000000  	 0.0177479361 	 0.0177929611 	 0.0001347161 	 0.0001361883 	 0.99 
156.0000000000  	 0.0177114193 	 0.0177581966 	 0.0001339046 	 0.0001356405 	 0.99 
156.5000000000  	 0.0176774797 	 0.0177265630 	 0.0001329234 	 0.0001348536 	 0.99 
157.0000000000  	 0.0176459434 	 0.0176978168 	 0.0001319744 	 0.0001338465 	 0.99 
157.5000000000  	 0.0176166297 	 0.0176715645 	 0.0001310455 	 0.0001326531 	 0.99 
158.0000000000  	 0.0175909308 	 0.0176451644 	 0.0001299593 	 0.0001283914 	 0.99 
158.5000000000  	 0.0175665117 	 0.0176197545 	 0.0001287681 	 0.0001271869 	 0.99 
159.0000000000  	 0.0175428865 	 0.0175946161 	 0.0001275225 	 0.0001259483 	 0.99 
159.5000000000  	 0.0175194373 	 0.0175692490 	 0.0001262695 	 0.0001248329 	 0.99 
160.0000000000  	 0.0174956304 	 0.0175431194 	 0.0001250760 	 0.0001237589 	 0.99 
160.5000000000  	 0.0174694247 	 0.0175191373 	 0.0001239742 	 0.0001255090 	 0.99 
161.0000000000  	 0.0174422132 	 0.0174934867 	 0.0001230100 	 0.0001242973 	 0.99 
161.5000000000  	 0.0174136327 	 0.0174657640 	 0.0001222073 	 0.0001232609 	 0.99 
162.0000000000  	 0.0173835263 	 0.0174354575 	 0.0001215823 	 0.0001223291 	 0.99 
162.5000000000  	 0.0173517532 	 0.0174024115 	 0.0001211277 	 0.0001216307 	 0.99 
163.0000000000  	 0.0173182788 	 0.0173666252 	 0.0001208386 	 0.0001211626 	 0.99 
163.5000000000  	 0.0172831718 	 0.0173282493 	 0.0001207022 	 0.0001209110 	 0.99 
164.0000000000  	 0.0172465879 	 0.0172812325 	 0.0001207326 	 0.0001213192 	 0.99 
164.5000000000  	 0.0172087085 	 0.0172337684 	 0.0001208663 	 0.0001214227 	 0.99 
165.0000000000  	 0.0171698656 	 0.0171864011 	 0.0001210736 	 0.0001214809 	 0.99 
165.5000000000  	 0.0171304665 	 0.0171397020 	 0.0001213353 	 0.0001216323 	 0.99 
166.0000000000  	 0.0170909455 	 0.0170940077 	 0.0001216002 	 0.0001217639 	 0.99 
166.5000000000  	 0.0170518443 	 0.0170530832 	 0.0001218115 	 0.0001212210 	 0.99 
167.0000000000  	 0.0170134418 	 0.0170128002 	 0.0001219596 	 0.0001214030 	 0.99 
167.5000000000  	 0.0169760980 	 0.0169735968 	 0.0001220142 	 0.0001216217 	 0.99 
168.0000000000  	 0.0169401405 	 0.0169357805 	 0.0001217649 	 0.0001216928 	 0.99 
168.5000000000  	 0.0169057441 	 0.0168997214 	 0.0001212366 	 0.0001216577 	 0.99 
169.0000000000  	 0.0168728925 	 0.0168656845 	 0.0001206295 	 0.0001214945 	 0.99 
169.5000000000  	 0.0168415103 	 0.0168338043 	 0.0001199452 	 0.0001211892 	 0.99 
170.0000000000  	 0.0168114722 	 0.0168040877 	 0.0001191916 	 0.0001207410 	 0.99 
170.5000000000  	 0.0167826758 	 0.0167764183 	 0.0001185477 	 0.0001201562 	 0.99 
171.0000000000  	 0.0167550535 	 0.0167505716 	 0.0001179853 	 0.0001194508 	 0.99 
171.5000000000  	 0.0167300684 	 0.0167240672 	 0.0001173174 	 0.0001158659 	 0.99 
172.0000000000  	 0.0167056630 	 0.0166984828 	 0.0001165721 	 0.0001152065 	 0.99 
172.5000000000  	 0.0166815505 	 0.0166734070 	 0.0001157784 	 0.0001145055 	 0.99 
173.0000000000  	 0.0166573176 	 0.0166485677 	 0.0001149648 	 0.0001138920 	 0.99 
173.5000000000  	 0.0166326246 	 0.0166235716 	 0.0001141775 	 0.0001132744 	 0.99 
174.0000000000  	 0.0166050970 	 0.0166013056 	 0.0001134368 	 0.0001153105 	 0.99 
174.5000000000  	 0.0165758047 	 0.0165781654 	 0.0001127894 	 0.0001144549 	 0.99 
175.0000000000  	 0.0165448165 	 0.0165538305 	 0.0001122451 	 0.0001136933 	 0.99 
175.5000000000  	 0.0165123425 	 0.0165278487 	 0.0001118061 	 0.0001129580 	 0.99 
176.0000000000  	 0.0164785375 	 0.0165000693 	 0.0001114644 	 0.0001123697 	 0.99 
176.5000000000  	 0.0164439034 	 0.0164704503 	 0.0001111883 	 0.0001119258 	 0.99 
177.0000000000  	 0.0164088369 	 0.0164390528 	 0.0001109718 	 0.0001116224 	 0.99 
177.5000000000  	 0.0163733309 	 0.0164060408 	 0.0001108424 	 0.0001114469 	 0.99 
178.0000000000  	 0.0163374184 	 0.0163662710 	 0.0001108172 	 0.0001118657 	 0.99 
178.5000000000  	 0.0163011866 	 0.0163267442 	 0.0001108419 	 0.0001118385 	 0.99 
179.0000000000  	 0.0162648231 	 0.0162878143 	 0.0001108983 	 0.0001117159 	 0.99 
179.5000000000  	 0.0162286553 	 0.0162537341 	 0.0001109573 	 0.0001110840 	 0.99 
180.0000000000  	 0.0161928635 	 0.0162197631 	 0.0001110120 	 0.0001110939 	 0.99 
180.5000000000  	 0.0161576949 	 0.0161861805 	 0.0001110404 	 0.0001111733 	 0.99 
181.0000000000  	 0.0161233473 	 0.0161531676 	 0.0001110136 	 0.0001111670 	 0.99 
181.5000000000  	 0.0160900561 	 0.0161210347 	 0.0001107548 	 0.0001111328 	 0.99 
182.0000000000  	 0.0160579284 	 0.0160900280 	 0.0001102847 	 0.0001110462 	 0.99 
182.5000000000  	 0.0160269473 	 0.0160603272 	 0.0001097951 	 0.0001108885 	 0.99 
183.0000000000  	 0.0159970699 	 0.0160320216 	 0.0001092839 	 0.0001106459 	 0.99 
183.5000000000  	 0.0159682262 	 0.0160051116 	 0.0001087520 	 0.0001103142 	 0.99 
184.0000000000  	 0.0159403801 	 0.0159794790 	 0.0001083624 	 0.0001098917 	 0.99 
184.5000000000  	 0.0159135363 	 0.0159548795 	 0.0001080790 	 0.0001093855 	 0.99 
185.0000000000  	 0.0158876163 	 0.0159309959 	 0.0001077112 	 0.0001088095 	 0.99 
185.5000000000  	 0.0158640166 	 0.0159051680 	 0.0001072770 	 0.0001055490 	 0.99 
186.0000000000  	 0.0158408136 	 0.0158792881 	 0.0001067924 	 0.0001051203 	 0.99 
186.5000000000  	 0.0158177988 	 0.0158531010 	 0.0001062815 	 0.0001046741 	 0.99 
187.0000000000  	 0.0157946574 	 0.0158265677 	 0.0001057616 	 0.0001043196 	 0.99 
187.5000000000  	 0.0157697232 	 0.0158025976 	 0.0001052541 	 0.0001064509 	 0.99 
188.0000000000  	 0.0157439651 	 0.0157779129 	 0.0001047921 	 0.0001058228 	 0.99 
188.5000000000  	 0.0157168460 	 0.0157523374 	 0.0001043967 	 0.0001052515 	 0.99 
189.0000000000  	 0.0156885807 	 0.0157255348 	 0.0001040610 	 0.0001046670 	 0.99 
189.5000000000  	 0.0156596880 	 0.0156974163 	 0.0001037558 	 0.0001041783 	 0.99 
190.0000000000  	 0.0156305659 	 0.0156679599 	 0.0001034813 	 0.0001037912 	 0.99 
190.5000000000  	 0.0156011507 	 0.0156372206 	 0.0001032616 	 0.0001035038 	 0.99 
191.0000000000  	 0.0155714174 	 0.0156053280 	 0.0001030936 	 0.0001033086 	 0.99 
191.5000000000  	 0.0155413865 	 0.0155673943 	 0.0001029949 	 0.0001036127 	 0.99 
192.0000000000  	 0.0155110728 	 0.0155299046 	 0.0001029269 	 0.0001035133 	 0.99 
192.5000000000  	 0.0154806340 	 0.0154973533 	 0.0001028573 	 0.0001028326 	 0.99 
193.0000000000  	 0.0154502088 	 0.0154647918 	 0.0001028146 	 0.0001027759 	 0.99 
193.5000000000  	 0.0154199624 	 0.0154324090 	 0.0001027737 	 0.0001027990 	 0.99 
194.0000000000  	 0.0153900305 	 0.0154003268 	 0.0001027101 	 0.0001027523 	 0.99 
194.5000000000  	 0.0153605458 	 0.0153688103 	 0.0001026205 	 0.0001027156 	 0.99 
195.0000000000  	 0.0153316182 	 0.0153380937 	 0.0001024939 	 0.0001026764 	 0.99 
195.5000000000  	 0.0153023796 	 0.0153074095 	 0.0001021596 	 0.0001024642 	 0.99 
196.0000000000  	 0.0152709127 	 0.0152708919 	 0.0001014922 	 0.0001023593 	 0.99 
196.5000000000  	 0.0152441401 	 0.0152400648 	 0.0001010091 	 0.0001019592 	 0.99 
197.0000000000  	 0.0152179020 	 0.0152106877 	 0.0001005384 	 0.0001014849 	 0.99 
197.5000000000  	 0.0151921452 	 0.0151826807 	 0.0001002426 	 0.0001010855 	 0.99 
198.0000000000  	 0.0151668831 	 0.0151557915 	 0.0001000776 	 0.0001006637 	 0.99 
198.5000000000  	 0.0151420661 	 0.0151297135 	 0.0000998569 	 0.0001002273 	 0.99 
199.0000000000  	 0.0151176039 	 0.0151041495 	 0.0000995877 	 0.0000997871 	 0.99 
199.5000000000  	 0.0150933716 	 0.0150788765 	 0.0000992793 	 0.0000993536 	 0.99 
200.0000000000  	 0.0150692258 	 0.0150537509 	 0.0000989483 	 0.0000989346 	 0.99 
200.5000000000  	 0.0150450165 	 0.0150286652 	 0.0000986103 	 0.0000985364 	 0.99 
201.0000000000  	 0.0150205994 	 0.0150035192 	 0.0000982793 	 0.0000981650 	 0.99 
201.5000000000  	 0.0149953992 	 0.0149782265 	 0.0000979713 	 0.0000978248 	 0.99 
202.0000000000  	 0.0149689999 	 0.0149527194 	 0.0000977023 	 0.0000975188 	 0.99 
202.5000000000  	 0.0149419742 	 0.0149269497 	 0.0000974523 	 0.0000972487 	 0.99 
203.0000000000  	 0.0149147861 	 0.0149008926 	 0.0000972147 	 0.0000970154 	 0.99 
203.5000000000  	 0.0148874123 	 0.0148745504 	 0.0000970117 	 0.0000968185 	 0.99 
204.0000000000  	 0.0148598552 	 0.0148479512 	 0.0000968416 	 0.0000966542 	 0.99 
204.5000000000  	 0.0148321483 	 0.0148211464 	 0.0000966989 	 0.0000965170 	 0.99 
205.0000000000  	 0.0148043581 	 0.0147942051 	 0.0000965825 	 0.0000964011 	 0.99 
205.5000000000  	 0.0147765554 	 0.0147672223 	 0.0000964842 	 0.0000962828 	 0.99 
206.0000000000  	 0.0147485417 	 0.0147402821 	 0.0000963863 	 0.0000961416 	 0.99 
206.5000000000  	 0.0147201915 	 0.0147134820 	 0.0000962785 	 0.0000959743 	 0.99 
207.0000000000  	 0.0146917497 	 0.0146869000 	 0.0000961491 	 0.0000957815 	 0.99 
207.5000000000  	 0.0146634201 	 0.0146605833 	 0.0000959980 	 0.0000955754 	 0.99 
208.0000000000  	 0.0146353593 	 0.0146345541 	 0.0000958278 	 0.0000953743 	 0.99 
208.5000000000  	 0.0146076733 	 0.0146088282 	 0.0000956351 	 0.0000951803 	 0.99 
209.0000000000  	 0.0145804199 	 0.0145834191 	 0.0000954186 	 0.0000949848 	 0.99 
209.5000000000  	 0.0145536171 	 0.0145583318 	 0.0000951786 	 0.0000947808 	 0.99 
210.0000000000  	 0.0145272564 	 0.0145335583 	 0.0000949175 	 0.0000945643 	 0.99 
210.5000000000  	 0.0145013116 	 0.0145090750 	 0.0000946386 	 0.0000943333 	 0.99 
211.0000000000  	 0.0144757432 	 0.0144848426 	 0.0000943462 	 0.0000940887 	 0.99 
211.5000000000  	 0.0144505006 	 0.0144607811 	 0.0000940447 	 0.0000938317 	 0.99 
212.0000000000  	 0.0144255258 	 0.0144367569 	 0.0000937390 	 0.0000935653 	 0.99 
212.5000000000  	 0.0144007560 	 0.0144126569 	 0.0000934339 	 0.0000932956 	 0.99 
213.0000000000  	 0.0143761275 	 0.0143884397 	 0.0000931341 	 0.0000930283 	 0.99 
213.5000000000  	 0.0143515786 	 0.0143640917 	 0.0000928439 	 0.0000927678 	 0.99 
214.0000000000  	 0.0143270538 	 0.0143395965 	 0.0000925673 	 0.0000925178 	 0.99 
214.5000000000  	 0.0143025060 	 0.0143149390 	 0.0000923072 	 0.0000922814 	 0.99 
215.0000000000  	 0.0142778999 	 0.0142901093 	 0.0000920657 	 0.0000920613 	 0.99 
215.5000000000  	 0.0142532139 	 0.0142651061 	 0.0000918431 	 0.0000918589 	 0.99 
216.0000000000  	 0.0142284428 	 0.0142399208 	 0.0000916367 	 0.0000916736 	 0.99 
216.5000000000  	 0.0142035968 	 0.0142145289 	 0.0000914427 	 0.0000915027 	 0.99 
217.0000000000  	 0.0141786988 	 0.0141889184 	 0.0000912575 	 0.0000913436 	 0.99 
217.5000000000  	 0.0141537792 	 0.0141631089 	 0.0000910783 	 0.0000911938 	 0.99 
218.0000000000  	 0.0141288698 	 0.0141371415 	 0.0000909041 	 0.0000910508 	 0.99 
218.5000000000  	 0.0141040008 	 0.0141110715 	 0.0000907350 	 0.0000909118 	 0.99 
219.0000000000  	 0.0140792008 	 0.0140849601 	 0.0000905705 	 0.0000907736 	 0.99 
219.5000000000  	 0.0140544977 	 0.0140588690 	 0.0000904091 	 0.0000906328 	 0.99 
220.0000000000  	 0.0140299177 	 0.0140328556 	 0.0000902484 	 0.0000904865 	 0.99 
220.5000000000  	 0.0140054844 	 0.0140069706 	 0.0000900862 	 0.0000903321 	 0.99 
221.0000000000  	 0.0139812166 	 0.0139812560 	 0.0000899201 	 0.0000901678 	 0.99 
221.5000000000  	 0.0139571255 	 0.0139557444 	 0.0000897480 	 0.0000899925 	 0.99 
222.0000000000  	 0.0139332095 	 0.0139304580 	 0.0000895681 	 0.0000898056 	 0.99 
222.5000000000  	 0.0139094531 	 0.0139054087 	 0.0000893794 	 0.0000896075 	 0.99 
223.0000000000  	 0.0138858329 	 0.0138805985 	 0.0000891821 	 0.0000893990 	 0.99 
223.5000000000  	 0.0138623240 	 0.0138560199 	 0.0000889775 	 0.0000891814 	 0.99 
224.0000000000  	 0.0138389011 	 0.0138316576 	 0.0000887670 	 0.0000889568 	 0.99 
224.5000000000  	 0.0138155381 	 0.0138074896 	 0.0000885528 	 0.0000887273 	 0.99 
225.0000000000  	 0.0137922089 	 0.0137834893 	 0.0000883369 	 0.0000884954 	 0.99 
225.5000000000  	 0.0137688872 	 0.0137596275 	 0.0000881217 	 0.0000882637 	 0.99 
226.0000000000  	 0.0137455478 	 0.0137358749 	 0.0000879094 	 0.0000880343 	 0.99 
226.5000000000  	 0.0137221646 	 0.0137122043 	 0.0000877017 	 0.0000878091 	 0.99 
227.0000000000  	 0.0136987113 	 0.0136885928 	 0.0000875000 	 0.0000875894 	 0.99 
227.5000000000  	 0.0136751645 	 0.0136650228 	 0.0000873052 	 0.0000873759 	 0.99 
228.0000000000  	 0.0136515065 	 0.0136414823 	 0.0000871181 	 0.0000871691 	 0.99 
228.5000000000  	 0.0136277275 	 0.0136179640 	 0.0000869390 	 0.0000869694 	 0.99 
229.0000000000  	 0.0136038257 	 0.0135944650 	 0.0000867681 	 0.0000867770 	 0.99 
229.5000000000  	 0.0135798080 	 0.0135709862 	 0.0000866049 	 0.0000865921 	 0.99 
230.0000000000  	 0.0135556880 	 0.0135475319 	 0.0000864484 	 0.0000864143 	 0.99 
230.5000000000  	 0.0135314859 	 0.0135241095 	 0.0000862974 	 0.0000862429 	 0.99 
231.0000000000  	 0.0135072262 	 0.0135007291 	 0.0000861505 	 0.0000860772 	 0.99 
231.5000000000  	 0.0134829366 	 0.0134774024 	 0.0000860060 	 0.0000859158 	 0.99 
232.0000000000  	 0.0134586463 	 0.0134541416 	 0.0000858623 	 0.0000857574 	 0.99 
232.5000000000  	 0.0134343844 	 0.0134309579 	 0.0000857178 	 0.0000856004 	 0.99 
233.0000000000  	 0.0134101790 	 0.0134078602 	 0.0000855709 	 0.0000854431 	 0.99 
233.5000000000  	 0.0133860552 	 0.0133848545 	 0.0000854205 	 0.0000852844 	 0.99 
234.0000000000  	 0.0133620347 	 0.0133619440 	 0.0000852655 	 0.0000851231 	 0.99 
234.5000000000  	 0.0133381349 	 0.0133391290 	 0.0000851053 	 0.0000849586 	 0.99 
235.0000000000  	 0.0133143683 	 0.0133164071 	 0.0000849396 	 0.0000847905 	 0.99 
235.5000000000  	 0.0132907425 	 0.0132937726 	 0.0000847685 	 0.0000846188 	 0.99 
236.0000000000  	 0.0132672602 	 0.0132712176 	 0.0000845923 	 0.0000844436 	 0.99 
236.5000000000  	 0.0132439196 	 0.0132487311 	 0.0000844116 	 0.0000842656 	 0.99 
237.0000000000  	 0.0132207154 	 0.0132262997 	 0.0000842272 	 0.0000840854 	 0.99 
237.5000000000  	 0.0131976397 	 0.0132039080 	 0.0000840401 	 0.0000839039 	 0.99 
238.0000000000  	 0.0131746826 	 0.0131815390 	 0.0000838512 	 0.0000837219 	 0.99 
238.5000000000  	 0.0131518335 	 0.0131591752 	 0.0000836616 	 0.0000835404 	 0.99 
239.0000000000  	 0.0131290814 	 0.0131367995 	 0.0000834723 	 0.0000833605 	 0.99 
239.5000000000  	 0.0131064157 	 0.0131143965 	 0.0000832842 	 0.0000831829 	 0.99 
240.0000000000  	 0.0130838265 	 0.0130919533 	 0.0000830983 	 0.0000830086 	 0.99 
240.5000000000  	 0.0130613051 	 0.0130694597 	 0.0000829153 	 0.0000828382 	 0.99 
241.0000000000  	 0.0130388444 	 0.0130469093 	 0.0000827358 	 0.0000826720 	 0.99 
241.5000000000  	 0.0130164392 	 0.0130242996 	 0.0000825603 	 0.0000825103 	 0.99 
242.0000000000  	 0.0129940859 	 0.0130016318 	 0.0000823890 	 0.0000823531 	 0.99 
242.5000000000  	 0.0129717831 	 0.0129789107 	 0.0000822218 	 0.0000822001 	 0.99 
243.0000000000  	 0.0129495309 	 0.0129561445 	 0.0000820586 	 0.0000820509 	 0.99 
243.5000000000  	 0.0129273308 	 0.0129333442 	 0.0000818990 	 0.0000819048 	 0.99 
244.0000000000  	 0.0129051850 	 0.0129105230 	 0.0000817422 	 0.0000817613 	 0.99 
244.5000000000  	 0.0128830965 	 0.0128876956 	 0.0000815878 	 0.0000816193 	 0.99 
245.0000000000  	 0.0128610684 	 0.0128648777 	 0.0000814349 	 0.0000814782 	 0.99 
245.5000000000  	 0.0128391034 	 0.0128420849 	 0.0000812828 	 0.0000813371 	 0.99 
246.0000000000  	 0.0128172040 	 0.0128193321 	 0.0000811310 	 0.0000811953 	 0.99 
246.5000000000  	 0.0127953715 	 0.0127966333 	 0.0000809788 	 0.0000810521 	 0.99 
247.0000000000  	 0.0127736061 	 0.0127740007 	 0.0000808258 	 0.0000809069 	 0.99 
247.5000000000  	 0.0127519063 	 0.0127514447 	 0.0000806717 	 0.0000807594 	 0.99 
248.0000000000  	 0.0127302693 	 0.0127289733 	 0.0000805162 	 0.0000806094 	 0.99 
248.5000000000  	 0.0127086905 	 0.0127065925 	 0.0000803593 	 0.0000804567 	 0.99 
249.0000000000  	 0.0126871634 	 0.0126843063 	 0.0000802010 	 0.0000803015 	 0.99 
249.5000000000  	 0.0126656805 	 0.0126621164 	 0.0000800416 	 0.0000801438 	 0.99 
250.0000000000  	 0.0126442331 	 0.0126400229 	 0.0000798813 	 0.0000799842 	 0.99 
250.5000000000  	 0.0126228114 	 0.0126180245 	 0.0000797207 	 0.0000798228 	 0.99 
251.0000000000  	 0.0126014059 	 0.0125961184 	 0.0000795601 	 0.0000796604 	 0.99 
251.5000000000  	 0.0125800069 	 0.0125743009 	 0.0000794000 	 0.0000794973 	 0.99 
252.0000000000  	 0.0125586053 	 0.0125525679 	 0.0000792410 	 0.0000793342 	 0.99 
252.5000000000  	 0.0125371933 	 0.0125309147 	 0.0000790835 	 0.0000791715 	 0.99 
253.0000000000  	 0.0125157644 	 0.0125093369 	 0.0000789280 	 0.0000790098 	 0.99 
253.5000000000  	 0.0124943135 	 0.0124878303 	 0.0000787746 	 0.0000788495 	 0.99 
254.0000000000  	 0.0124728378 	 0.0124663909 	 0.0000786238 	 0.0000786909 	 0.99 
254.5000000000  	 0.0124513362 	 0.0124450156 	 0.0000784755 	 0.0000785343 	 0.99 
255.0000000000  	 0.0124298096 	 0.0124237019 	 0.0000783298 	 0.0000783797 	 0.99 
255.5000000000  	 0.0124082610 	 0.0124024477 	 0.0000781865 	 0.0000782272 	 0.99 
256.0000000000  	 0.0123866949 	 0.0123812519 	 0.0000780455 	 0.0000780766 	 0.99 
256.5000000000  	 0.0123651174 	 0.0123601137 	 0.0000779065 	 0.0000779278 	 0.99 
257.0000000000  	 0.0123435358 	 0.0123390328 	 0.0000777690 	 0.0000777806 	 0.99 
257.5000000000  	 0.0123219580 	 0.0123180091 	 0.0000776328 	 0.0000776347 	 0.99 
258.0000000000  	 0.0123003929 	 0.0122970426 	 0.0000774974 	 0.0000774898 	 0.99 
258.5000000000  	 0.0122788493 	 0.0122761330 	 0.0000773624 	 0.0000773456 	 0.99 
259.0000000000  	 0.0122573358 	 0.0122552797 	 0.0000772273 	 0.0000772017 	 0.99 
259.5000000000  	 0.0122358610 	 0.0122344818 	 0.0000770918 	 0.0000770579 	 0.99 
260.0000000000  	 0.0122144325 	 0.0122137373 	 0.0000769555 	 0.0000769139 	 0.99 
260.5000000000  	 0.0121930573 	 0.0121930439 	 0.0000768184 	 0.0000767696 	 0.99 
261.0000000000  	 0.0121717414 	 0.0121723982 	 0.0000766800 	 0.0000766250 	 0.99 
261.5000000000  	 0.0121504898 	 0.0121517961 	 0.0000765405 	 0.0000764798 	 0.99 
262.0000000000  	 0.0121293063 	 0.0121312331 	 0.0000763997 	 0.0000763343 	 0.99 
262.5000000000  	 0.0121081939 	 0.0121107037 	 0.0000762577 	 0.0000761884 	 0.99 
263.0000000000  	 0.0120871542 	 0.0120902024 	 0.0000761147 	 0.0000760424 	 0.99 
263.5000000000  	 0.0120661881 	 0.0120697232 	 0.0000759708 	 0.0000758964 	 0.99 
264.0000000000  	 0.0120452958 	 0.0120492603 	 0.0000758262 	 0.0000757508 	 0.99 
264.5000000000  	 0.0120244765 	 0.0120288082 	 0.0000756813 	 0.0000756056 	 0.99 
265.0000000000  	 0.0120037291 	 0.0120083615 	 0.0000755362 	 0.0000754613 	 0.99 
265.5000000000  	 0.0119830522 	 0.0119879159 	 0.0000753913 	 0.0000753180 	 0.99 
266.0000000000  	 0.0119624439 	 0.0119674676 	 0.0000752467 	 0.0000751758 	 0.99 
266.5000000000  	 0.0119419024 	 0.0119470139 	 0.0000751027 	 0.0000750351 	 0.99 
267.0000000000  	 0.0119214259 	 0.0119265530 	 0.0000749595 	 0.0000748959 	 0.99 
267.5000000000  	 0.0119010125 	 0.0119060843 	 0.0000748171 	 0.0000747583 	 0.99 
268.0000000000  	 0.0118806607 	 0.0118856083 	 0.0000746757 	 0.0000746223 	 0.99 
268.5000000000  	 0.0118603690 	 0.0118651266 	 0.0000745353 	 0.0000744878 	 0.99 
269.0000000000  	 0.0118401359 	 0.0118446416 	 0.0000743959 	 0.0000743548 	 0.99 
269.5000000000  	 0.0118199604 	 0.0118241567 	 0.0000742574 	 0.0000742231 	 0.99 
270.0000000000  	 0.0117998412 	 0.0118036761 	 0.0000741198 	 0.0000740925 	 0.99 
270.5000000000  	 0.0117797771 	 0.0117832044 	 0.0000739829 	 0.0000739629 	 0.99 
271.0000000000  	 0.0117597670 	 0.0117627469 	 0.0000738465 	 0.0000738340 	 0.99 
271.5000000000  	 0.0117398093 	 0.0117423088 	 0.0000737106 	 0.0000737055 	 0.99 
272.0000000000  	 0.0117199024 	 0.0117218957 	 0.0000735751 	 0.0000735773 	 0.99 
272.5000000000  	 0.0117000444 	 0.0117015130 	 0.0000734397 	 0.0000734492 	 0.99 
273.0000000000  	 0.0116802329 	 0.0116811659 	 0.0000733044 	 0.0000733209 	 0.99 
273.5000000000  	 0.0116604653 	 0.0116608593 	 0.0000731692 	 0.0000731923 	 0.99 
274.0000000000  	 0.0116407387 	 0.0116405977 	 0.0000730339 	 0.0000730633 	 0.99 
274.5000000000  	 0.0116210496 	 0.0116203849 	 0.0000728986 	 0.0000729338 	 0.99 
275.0000000000  	 0.0116013945 	 0.0116002244 	 0.0000727633 	 0.0000728038 	 0.99 
275.5000000000  	 0.0115817696 	 0.0115801190 	 0.0000726280 	 0.0000726733 	 0.99 
276.0000000000  	 0.0115621709 	 0.0115600708 	 0.0000724929 	 0.0000725423 	 0.99 
276.5000000000  	 0.0115425946 	 0.0115400817 	 0.0000723580 	 0.0000724108 	 0.99 
277.0000000000  	 0.0115230366 	 0.0115201526 	 0.0000722235 	 0.0000722791 	 0.99 
277.5000000000  	 0.0115034936 	 0.0115002844 	 0.0000720895 	 0.0000721470 	 0.99 
278.0000000000  	 0.0114839620 	 0.0114804774 	 0.0000719561 	 0.0000720149 	 0.99 
278.5000000000  	 0.0114644389 	 0.0114607314 	 0.0000718234 	 0.0000718827 	 0.99 
279.0000000000  	 0.0114449221 	 0.0114410462 	 0.0000716916 	 0.0000717507 	 0.99 
279.5000000000  	 0.0114254096 	 0.0114214213 	 0.0000715607 	 0.0000716189 	 0.99 
280.0000000000  	 0.0114059003 	 0.0114018558 	 0.0000714309 	 0.0000714874 	 0.99 
280.5000000000  	 0.0113863935 	 0.0113823491 	 0.0000713021 	 0.0000713563 	 0.99 
281.0000000000  	 0.0113668894 	 0.0113629001 	 0.0000711744 	 0.0000712256 	 0.99 
281.5000000000  	 0.0113473887 	 0.0113435080 	 0.0000710477 	 0.0000710953 	 0.99 
282.0000000000  	 0.0113278927 	 0.0113241715 	 0.0000709220 	 0.0000709656 	 0.99 
282.5000000000  	 0.0113084035 	 0.0113048896 	 0.0000707973 	 0.0000708363 	 0.99 
283.0000000000  	 0.0112889234 	 0.0112856610 	 0.0000706734 	 0.0000707074 	 0.99 
283.5000000000  	 0.0112694553 	 0.0112664844 	 0.0000705503 	 0.0000705790 	 0.99 
284.0000000000  	 0.0112500023 	 0.0112473582 	 0.0000704277 	 0.0000704508 	 0.99 
284.5000000000  	 0.0112305679 	 0.0112282809 	 0.0000703057 	 0.0000703230 	 0.99 
285.0000000000  	 0.0112111557 	 0.0112092505 	 0.0000701841 	 0.0000701954 	 0.99 
285.5000000000  	 0.0111917692 	 0.0111902651 	 0.0000700627 	 0.0000700680 	 0.99 
286.0000000000  	 0.0111724121 	 0.0111713225 	 0.0000699414 	 0.0000699408 	 0.99 
286.5000000000  	 0.0111530879 	 0.0111524203 	 0.0000698202 	 0.0000698137 	 0.99 
287.0000000000  	 0.0111337998 	 0.0111335559 	 0.0000696989 	 0.0000696867 	 0.99 
287.5000000000  	 0.0111145510 	 0.0111147267 	 0.0000695775 	 0.0000695599 	 0.99 
288.0000000000  	 0.0110953442 	 0.0110959297 	 0.0000694560 	 0.0000694332 	 0.99 
288.5000000000  	 0.0110761820 	 0.0110771621 	 0.0000693343 	 0.0000693067 	 0.99 
289.0000000000  	 0.0110570665 	 0.0110584210 	 0.0000692124 	 0.0000691804 	 0.99 
289.5000000000  	 0.0110379996 	 0.0110397035 	 0.0000690904 	 0.0000690544 	 0.99 
290.0000000000  	 0.0110189828 	 0.0110210069 	 0.0000689682 	 0.0000689287 	 0.99 
290.5000000000  	 0.0110000172 	 0.0110023284 	 0.0000688458 	 0.0000688035 	 0.99 
291.0000000000  	 0.0109811039 	 0.0109836658 	 0.0000687234 	 0.0000686788 	 0.99 
291.5000000000  	 0.0109622435 	 0.0109650170 	 0.0000686010 	 0.0000685547 	 0.99 
292.0000000000  	 0.0109434363 	 0.0109463801 	 0.0000684786 	 0.0000684312 	 0.99 
292.5000000000  	 0.0109246825 	 0.0109277537 	 0.0000683563 	 0.0000683084 	 0.99 
293.0000000000  	 0.0109059820 	 0.0109091369 	 0.0000682342 	 0.0000681864 	 0.99 
293.5000000000  	 0.0108873347 	 0.0108905290 	 0.0000681121 	 0.0000680650 	 0.99 
294.0000000000  	 0.0108687401 	 0.0108719299 	 0.0000679903 	 0.0000679445 	 0.99 
294.5000000000  	 0.0108501976 	 0.0108533399 	 0.0000678686 	 0.0000678247 	 0.99 
295.0000000000  	 0.0108317065 	 0.0108347595 	 0.0000677472 	 0.0000677057 	 0.99 
295.5000000000  	 0.0108132659 	 0.0108161901 	 0.0000676260 	 0.0000675874 	 0.99 
296.0000000000  	 0.0107948749 	 0.0107976328 	 0.0000675051 	 0.0000674698 	 0.99 
296.5000000000  	 0.0107765322 	 0.0107790895 	 0.0000673843 	 0.0000673528 	 0.99 
297.0000000000  	 0.0107582366 	 0.0107605622 	 0.0000672637 	 0.0000672363 	 0.99 
297.5000000000  	 0.0107399865 	 0.0107420531 	 0.0000671434 	 0.0000671203 	 0.99 
298.0000000000  	 0.0107217803 	 0.0107235645 	 0.0000670231 	 0.0000670047 	 0.99 
298.5000000000  	 0.0107036164 	 0.0107050990 	 0.0000669031 	 0.0000668894 	 0.99 
299.0000000000  	 0.0106854928 	 0.0106866591 	 0.0000667832 	 0.0000667744 	 0.99 
299.5000000000  	 0.0106674075 	 0.0106682472 	 0.0000666634 	 0.0000666596 	 0.99 
# end of calculation 2019_08_27_14_06_29 
# time difference 00_00_00_00_01_-27 -- in Minutes 1 in Seconds 33 
