## Date: 27.8.2019 -- Time: 13:54:43  
## Gamma_l=0.5000000000 - Gamma_m=0.0000000000 - Gamma_r=0.5000000000 
## phi_l=0.7853981634 - phi_m=0.0000000000 - phi_r=0.0000000000 
## init_000=0.00 - init_001=0.00 - init_010=0.00 - init_011=1.00 
## dt=0.500000 - t_end=600 - fb=5 - cutoff=0.000001000000 -- Nbin=2 
0.0000000000 	0.0000000000 	0.0000000000 	0.0000000000 	1.0000000000 	1.0000000000 	
0.5000000000 	0.0528304930 	0.1770183650 	0.1770183650 	0.5931327968 	1.0000000198 	
1.0000000000 	0.1655409253 	0.2413262959 	0.2413262959 	0.3518065146 	1.0000000316 	
1.5000000000 	0.2950641786 	0.2481339390 	0.2481339390 	0.2086679819 	1.0000000386 	
2.0000000000 	0.4201548106 	0.2280387042 	0.2280387042 	0.1237678237 	1.0000000427 	
2.5000000000 	0.5315223922 	0.1975334488 	0.1975334488 	0.0734107554 	1.0000000452 	
3.0000000000 	0.6038631675 	0.1742612634 	0.1742612632 	0.0476143521 	1.0000000463 	
3.5000000000 	0.6546408495 	0.1543151026 	0.1543151031 	0.0367289918 	1.0000000470 	
4.0000000000 	0.6882437864 	0.1395630452 	0.1395630453 	0.0326301708 	1.0000000477 	
4.5000000000 	0.7107358644 	0.1289234982 	0.1289234982 	0.0314171875 	1.0000000483 	
5.0000000000 	0.7269925764 	0.1210308173 	0.1210306397 	0.0309422460 	0.9999962795 	
5.5000000000 	0.7377153526 	0.1166430464 	0.1166411156 	0.0289920835 	0.9999915982 	
6.0000000000 	0.7447420320 	0.1150466997 	0.1150296272 	0.0251718280 	0.9999901870 	
6.5000000000 	0.7520911547 	0.1135228798 	0.1134974682 	0.0208766616 	0.9999881643 	
7.0000000000 	0.7608430885 	0.1110946167 	0.1110626137 	0.0169773607 	0.9999776795 	
7.5000000000 	0.7708124008 	0.1076478956 	0.1076436825 	0.0138682002 	0.9999721792 	
8.0000000000 	0.7809916851 	0.1037135512 	0.1037343680 	0.0115247901 	0.9999643944 	
8.5000000000 	0.7902070631 	0.0999768891 	0.0999972304 	0.0097766841 	0.9999578667 	
9.0000000000 	0.7976983212 	0.0969184505 	0.0969308505 	0.0084043845 	0.9999520067 	
9.5000000000 	0.8034256320 	0.0946284912 	0.0946266991 	0.0072607220 	0.9999415443 	
10.0000000000 	0.8077783993 	0.0929573107 	0.0929411680 	0.0062582820 	0.9999351599 	
10.5000000000 	0.8112483938 	0.0916755888 	0.0916429539 	0.0053612704 	0.9999282068 	
11.0000000000 	0.8142526642 	0.0905657395 	0.0905281032 	0.0045663223 	0.9999128293 	
11.5000000000 	0.8170475131 	0.0895093190 	0.0894788011 	0.0038730386 	0.9999086719 	
12.0000000000 	0.8196716136 	0.0884858634 	0.0884589552 	0.0032779100 	0.9998943422 	
12.5000000000 	0.8221352590 	0.0875019214 	0.0874777542 	0.0027728829 	0.9998878174 	
13.0000000000 	0.8243976265 	0.0865712451 	0.0865530691 	0.0023484334 	0.9998703740 	
13.5000000000 	0.8264649601 	0.0857001398 	0.0856976202 	0.0019968668 	0.9998595870 	
14.0000000000 	0.8282916976 	0.0849280404 	0.0849320168 	0.0016963834 	0.9998481383 	
14.5000000000 	0.8299415642 	0.0842191105 	0.0842357421 	0.0014430111 	0.9998394279 	
15.0000000000 	0.8314233965 	0.0835761247 	0.0836073681 	0.0012261314 	0.9998330207 	
15.5000000000 	0.8327818445 	0.0829846522 	0.0830191472 	0.0010411254 	0.9998267693 	
16.0000000000 	0.8340273155 	0.0824336003 	0.0824688242 	0.0008827784 	0.9998125184 	
16.5000000000 	0.8352397600 	0.0818905433 	0.0819275890 	0.0007470215 	0.9998049138 	
17.0000000000 	0.8363779942 	0.0813897812 	0.0813969226 	0.0006317003 	0.9997963983 	
17.5000000000 	0.8373941957 	0.0809443235 	0.0809165610 	0.0005339844 	0.9997890645 	
18.0000000000 	0.8383259844 	0.0805476587 	0.0804541421 	0.0004519140 	0.9997796992 	
18.5000000000 	0.8392927876 	0.0800915583 	0.0800050055 	0.0003805727 	0.9997699241 	
19.0000000000 	0.8402124278 	0.0796447534 	0.0795776211 	0.0003210976 	0.9997559000 	
19.5000000000 	0.8411025835 	0.0792156313 	0.0791586968 	0.0002715390 	0.9997484506 	
20.0000000000 	0.8419533953 	0.0788007998 	0.0787532095 	0.0002297137 	0.9997371183 	
20.5000000000 	0.8427742658 	0.0783981454 	0.0783620262 	0.0001945605 	0.9997289979 	
21.0000000000 	0.8435688218 	0.0780058056 	0.0779826872 	0.0001645085 	0.9997218231 	
21.5000000000 	0.8443392103 	0.0776210420 	0.0776106245 	0.0001387697 	0.9997096465 	
22.0000000000 	0.8451003017 	0.0772432098 	0.0772416058 	0.0001167952 	0.9997019124 	
22.5000000000 	0.8458372640 	0.0768830325 	0.0768737962 	0.0000987416 	0.9996928342 	
23.0000000000 	0.8465765632 	0.0765126716 	0.0765125068 	0.0000829974 	0.9996847389 	
23.5000000000 	0.8473019040 	0.0761523821 	0.0761505619 	0.0000696981 	0.9996745461 	
24.0000000000 	0.8480135469 	0.0757972128 	0.0757962074 	0.0000585980 	0.9996655651 	
24.5000000000 	0.8487156016 	0.0754467617 	0.0754464571 	0.0000498802 	0.9996587006 	
25.0000000000 	0.8494073673 	0.0751002996 	0.0751007313 	0.0000432985 	0.9996516968 	
25.5000000000 	0.8500914861 	0.0747573784 	0.0747577564 	0.0000384580 	0.9996450789 	
26.0000000000 	0.8507697249 	0.0744173009 	0.0744169504 	0.0000340524 	0.9996380286 	
26.5000000000 	0.8514427845 	0.0740800137 	0.0740790201 	0.0000299337 	0.9996317520 	
27.0000000000 	0.8521123186 	0.0737449686 	0.0737436246 	0.0000260230 	0.9996269348 	
27.5000000000 	0.8527779885 	0.0734120079 	0.0734104415 	0.0000223737 	0.9996228116 	
28.0000000000 	0.8534390669 	0.0730810713 	0.0730792543 	0.0000196439 	0.9996190365 	
28.5000000000 	0.8540966399 	0.0727519983 	0.0727501064 	0.0000171723 	0.9996159169 	
29.0000000000 	0.8547506372 	0.0724246523 	0.0724229304 	0.0000149674 	0.9996131874 	
29.5000000000 	0.8554011388 	0.0720990277 	0.0720976416 	0.0000130148 	0.9996108229 	
30.0000000000 	0.8560482298 	0.0717751208 	0.0717741422 	0.0000112847 	0.9996087775 	
30.5000000000 	0.8566919122 	0.0714529157 	0.0714523663 	0.0000097904 	0.9996069845 	
31.0000000000 	0.8573322484 	0.0711323956 	0.0711322613 	0.0000085074 	0.9996054127 	
31.5000000000 	0.8579693268 	0.0708135428 	0.0708137666 	0.0000074009 	0.9996040371 	
32.0000000000 	0.8586032281 	0.0704963372 	0.0704968294 	0.0000064428 	0.9996028374 	
32.5000000000 	0.8592340269 	0.0701807498 	0.0701814088 	0.0000056098 	0.9996017953 	
33.0000000000 	0.8598617883 	0.0698667466 	0.0698674743 	0.0000048836 	0.9996008927 	
33.5000000000 	0.8604865657 	0.0695542937 	0.0695550039 	0.0000042492 	0.9996001125 	
34.0000000000 	0.8611084036 	0.0692433582 	0.0692439822 	0.0000036945 	0.9995994385 	
34.5000000000 	0.8617273380 	0.0689339087 	0.0689343996 	0.0000032097 	0.9995988560 	
35.0000000000 	0.8623433987 	0.0686259167 	0.0686262499 	0.0000027866 	0.9995983519 	
35.5000000000 	0.8629566112 	0.0683193569 	0.0683195282 	0.0000024184 	0.9995979147 	
36.0000000000 	0.8635669988 	0.0680142080 	0.0680142293 	0.0000020986 	0.9995975347 	
36.5000000000 	0.8641745835 	0.0677104522 	0.0677103470 	0.0000018213 	0.9995972040 	
37.0000000000 	0.8647793869 	0.0674080744 	0.0674078735 	0.0000015812 	0.9995969161 	
37.5000000000 	0.8653814298 	0.0671070627 	0.0671067994 	0.0000013733 	0.9995966653 	
38.0000000000 	0.8659807328 	0.0668074072 	0.0668071139 	0.0000011931 	0.9995964470 	
38.5000000000 	0.8665773155 	0.0665090998 	0.0665088051 	0.0000010368 	0.9995962572 	
39.0000000000 	0.8671711966 	0.0662121340 	0.0662118608 	0.0000000000 	0.9995951914 	
39.5000000000 	0.8677606989 	0.0659154862 	0.0659154505 	0.0000000000 	0.9995916355 	
40.0000000000 	0.8683490361 	0.0656213190 	0.0656212804 	0.0000000000 	0.9995916355 	
40.5000000000 	0.8689347413 	0.0653284632 	0.0653284309 	0.0000000000 	0.9995916355 	
41.0000000000 	0.8695178272 	0.0650369155 	0.0650368928 	0.0000000000 	0.9995916355 	
41.5000000000 	0.8700983265 	0.0647466652 	0.0647466437 	0.0000000000 	0.9995916355 	
42.0000000000 	0.8706762341 	0.0644577081 	0.0644576933 	0.0000000000 	0.9995916355 	
42.5000000000 	0.8712515630 	0.0641700395 	0.0641700330 	0.0000000000 	0.9995916355 	
43.0000000000 	0.8718243237 	0.0638836553 	0.0638836564 	0.0000000000 	0.9995916355 	
43.5000000000 	0.8723945270 	0.0635985509 	0.0635985576 	0.0000000000 	0.9995916355 	
44.0000000000 	0.8729621848 	0.0633147200 	0.0633147308 	0.0000000000 	0.9995916355 	
44.5000000000 	0.8735273094 	0.0630321562 	0.0630321698 	0.0000000000 	0.9995916355 	
45.0000000000 	0.8740899123 	0.0627508542 	0.0627508690 	0.0000000000 	0.9995916355 	
45.5000000000 	0.8746500046 	0.0624708082 	0.0624708227 	0.0000000000 	0.9995916355 	
46.0000000000 	0.8752075974 	0.0621920126 	0.0621920255 	0.0000000000 	0.9995916355 	
46.5000000000 	0.8757627017 	0.0619144616 	0.0619144722 	0.0000000000 	0.9995916355 	
47.0000000000 	0.8763153286 	0.0616381495 	0.0616381574 	0.0000000000 	0.9995916355 	
47.5000000000 	0.8768654892 	0.0613630706 	0.0613630757 	0.0000000000 	0.9995916355 	
48.0000000000 	0.8774131945 	0.0610892193 	0.0610892217 	0.0000000000 	0.9995916355 	
48.5000000000 	0.8779584555 	0.0608165899 	0.0608165900 	0.0000000000 	0.9995916355 	
49.0000000000 	0.8785012832 	0.0605451771 	0.0605451752 	0.0000000000 	0.9995916355 	
49.5000000000 	0.8790416882 	0.0602749752 	0.0602749720 	0.0000000000 	0.9995916355 	
50.0000000000 	0.8795796816 	0.0600059789 	0.0600059750 	0.0000000000 	0.9995916355 	
50.5000000000 	0.8801152740 	0.0597381829 	0.0597381786 	0.0000000000 	0.9995916355 	
51.0000000000 	0.8806484761 	0.0594715818 	0.0594715776 	0.0000000000 	0.9995916355 	
51.5000000000 	0.8811792986 	0.0592061703 	0.0592061666 	0.0000000000 	0.9995916355 	
52.0000000000 	0.8817077522 	0.0589419432 	0.0589419401 	0.0000000000 	0.9995916355 	
52.5000000000 	0.8822338474 	0.0586788952 	0.0586788929 	0.0000000000 	0.9995916355 	
53.0000000000 	0.8827575947 	0.0584170212 	0.0584170196 	0.0000000000 	0.9995916355 	
53.5000000000 	0.8832790046 	0.0581563159 	0.0581563150 	0.0000000000 	0.9995916355 	
54.0000000000 	0.8837980875 	0.0578967741 	0.0578967739 	0.0000000000 	0.9995916355 	
54.5000000000 	0.8843148539 	0.0576383906 	0.0576383910 	0.0000000000 	0.9995916355 	
55.0000000000 	0.8848293140 	0.0573811604 	0.0573811611 	0.0000000000 	0.9995916355 	
55.5000000000 	0.8853414782 	0.0571250782 	0.0571250791 	0.0000000000 	0.9995916355 	
56.0000000000 	0.8858513567 	0.0568701389 	0.0568701399 	0.0000000000 	0.9995916355 	
56.5000000000 	0.8863589597 	0.0566163374 	0.0566163384 	0.0000000000 	0.9995916355 	
57.0000000000 	0.8868642973 	0.0563636686 	0.0563636696 	0.0000000000 	0.9995916355 	
57.5000000000 	0.8873673797 	0.0561121275 	0.0561121283 	0.0000000000 	0.9995916355 	
58.0000000000 	0.8878682170 	0.0558617089 	0.0558617096 	0.0000000000 	0.9995916355 	
58.5000000000 	0.8883668191 	0.0556124080 	0.0556124084 	0.0000000000 	0.9995916355 	
59.0000000000 	0.8888631960 	0.0553642196 	0.0553642199 	0.0000000000 	0.9995916355 	
59.5000000000 	0.8893573577 	0.0551171389 	0.0551171390 	0.0000000000 	0.9995916355 	
60.0000000000 	0.8898493140 	0.0548711608 	0.0548711607 	0.0000000000 	0.9995916355 	
60.5000000000 	0.8903390748 	0.0546262804 	0.0546262803 	0.0000000000 	0.9995916355 	
61.0000000000 	0.8908266499 	0.0543824929 	0.0543824927 	0.0000000000 	0.9995916355 	
61.5000000000 	0.8913120490 	0.0541397934 	0.0541397931 	0.0000000000 	0.9995916355 	
62.0000000000 	0.8917952819 	0.0538981769 	0.0538981767 	0.0000000000 	0.9995916355 	
62.5000000000 	0.8922763582 	0.0536576388 	0.0536576385 	0.0000000000 	0.9995916355 	
63.0000000000 	0.8927552875 	0.0534181741 	0.0534181739 	0.0000000000 	0.9995916355 	
63.5000000000 	0.8932320794 	0.0531797781 	0.0531797779 	0.0000000000 	0.9995916355 	
64.0000000000 	0.8937067436 	0.0529424460 	0.0529424459 	0.0000000000 	0.9995916355 	
64.5000000000 	0.8941792893 	0.0527061731 	0.0527061731 	0.0000000000 	0.9995916355 	
65.0000000000 	0.8946497262 	0.0524709547 	0.0524709546 	0.0000000000 	0.9995916355 	
65.5000000000 	0.8951180636 	0.0522367860 	0.0522367859 	0.0000000000 	0.9995916355 	
66.0000000000 	0.8955843109 	0.0520036623 	0.0520036623 	0.0000000000 	0.9995916355 	
66.5000000000 	0.8960484774 	0.0517715790 	0.0517715791 	0.0000000000 	0.9995916355 	
67.0000000000 	0.8965105724 	0.0515405315 	0.0515405316 	0.0000000000 	0.9995916355 	
67.5000000000 	0.8969706052 	0.0513105151 	0.0513105152 	0.0000000000 	0.9995916355 	
68.0000000000 	0.8974285849 	0.0510815253 	0.0510815253 	0.0000000000 	0.9995916355 	
68.5000000000 	0.8978845208 	0.0508535573 	0.0508535574 	0.0000000000 	0.9995916355 	
69.0000000000 	0.8983384219 	0.0506266068 	0.0506266069 	0.0000000000 	0.9995916355 	
69.5000000000 	0.8987902973 	0.0504006691 	0.0504006692 	0.0000000000 	0.9995916355 	
70.0000000000 	0.8992401560 	0.0501757397 	0.0501757398 	0.0000000000 	0.9995916355 	
70.5000000000 	0.8996880071 	0.0499518142 	0.0499518142 	0.0000000000 	0.9995916355 	
71.0000000000 	0.9001338596 	0.0497288880 	0.0497288880 	0.0000000000 	0.9995916355 	
71.5000000000 	0.9005777222 	0.0495069566 	0.0495069566 	0.0000000000 	0.9995916355 	
72.0000000000 	0.9010196040 	0.0492860158 	0.0492860157 	0.0000000000 	0.9995916355 	
72.5000000000 	0.9014595138 	0.0490660609 	0.0490660609 	0.0000000000 	0.9995916355 	
73.0000000000 	0.9018974603 	0.0488470876 	0.0488470876 	0.0000000000 	0.9995916355 	
73.5000000000 	0.9023334523 	0.0486290916 	0.0486290916 	0.0000000000 	0.9995916355 	
74.0000000000 	0.9027674986 	0.0484120685 	0.0484120685 	0.0000000000 	0.9995916355 	
74.5000000000 	0.9031996078 	0.0481960139 	0.0481960139 	0.0000000000 	0.9995916355 	
75.0000000000 	0.9036297886 	0.0479809235 	0.0479809235 	0.0000000000 	0.9995916355 	
75.5000000000 	0.9040580495 	0.0477667930 	0.0477667930 	0.0000000000 	0.9995916355 	
76.0000000000 	0.9044843992 	0.0475536182 	0.0475536182 	0.0000000000 	0.9995916355 	
76.5000000000 	0.9049088462 	0.0473413947 	0.0473413947 	0.0000000000 	0.9995916355 	
77.0000000000 	0.9053313989 	0.0471301183 	0.0471301183 	0.0000000000 	0.9995916355 	
77.5000000000 	0.9057520659 	0.0469197848 	0.0469197848 	0.0000000000 	0.9995916355 	
78.0000000000 	0.9061708555 	0.0467103900 	0.0467103900 	0.0000000000 	0.9995916355 	
78.5000000000 	0.9065877761 	0.0465019297 	0.0465019297 	0.0000000000 	0.9995916355 	
79.0000000000 	0.9070028361 	0.0462943997 	0.0462943997 	0.0000000000 	0.9995916355 	
79.5000000000 	0.9074160437 	0.0460877959 	0.0460877959 	0.0000000000 	0.9995916355 	
80.0000000000 	0.9078274073 	0.0458821141 	0.0458821141 	0.0000000000 	0.9995916355 	
80.5000000000 	0.9082369350 	0.0456773503 	0.0456773503 	0.0000000000 	0.9995916355 	
81.0000000000 	0.9086446351 	0.0454735002 	0.0454735002 	0.0000000000 	0.9995916355 	
81.5000000000 	0.9090505156 	0.0452705600 	0.0452705600 	0.0000000000 	0.9995916355 	
82.0000000000 	0.9094545848 	0.0450685254 	0.0450685254 	0.0000000000 	0.9995916355 	
82.5000000000 	0.9098568507 	0.0448673924 	0.0448673924 	0.0000000000 	0.9995916356 	
83.0000000000 	0.9102573214 	0.0446671571 	0.0446671571 	0.0000000000 	0.9995916356 	
83.5000000000 	0.9106560048 	0.0444678154 	0.0444678154 	0.0000000000 	0.9995916356 	
84.0000000000 	0.9110529090 	0.0442693633 	0.0442693633 	0.0000000000 	0.9995916356 	
84.5000000000 	0.9114480419 	0.0440717968 	0.0440717968 	0.0000000000 	0.9995916356 	
85.0000000000 	0.9118414113 	0.0438751121 	0.0438751121 	0.0000000000 	0.9995916356 	
85.5000000000 	0.9122330252 	0.0436793052 	0.0436793052 	0.0000000000 	0.9995916356 	
86.0000000000 	0.9126228915 	0.0434843721 	0.0434843720 	0.0000000000 	0.9995916356 	
86.5000000000 	0.9130110178 	0.0432903089 	0.0432903089 	0.0000000000 	0.9995916356 	
87.0000000000 	0.9133974119 	0.0430971118 	0.0430971118 	0.0000000000 	0.9995916356 	
87.5000000000 	0.9137820817 	0.0429047769 	0.0429047769 	0.0000000000 	0.9995916356 	
88.0000000000 	0.9141650347 	0.0427133004 	0.0427133004 	0.0000000000 	0.9995916356 	
88.5000000000 	0.9145462787 	0.0425226784 	0.0425226784 	0.0000000000 	0.9995916356 	
89.0000000000 	0.9149258213 	0.0423329071 	0.0423329071 	0.0000000000 	0.9995916356 	
89.5000000000 	0.9153036700 	0.0421439828 	0.0421439828 	0.0000000000 	0.9995916356 	
90.0000000000 	0.9156798325 	0.0419559015 	0.0419559015 	0.0000000000 	0.9995916356 	
90.5000000000 	0.9160543162 	0.0417686597 	0.0417686597 	0.0000000000 	0.9995916356 	
91.0000000000 	0.9164271287 	0.0415822535 	0.0415822535 	0.0000000000 	0.9995916356 	
91.5000000000 	0.9167982773 	0.0413966791 	0.0413966791 	0.0000000000 	0.9995916356 	
92.0000000000 	0.9171677696 	0.0412119330 	0.0412119330 	0.0000000000 	0.9995916356 	
92.5000000000 	0.9175356129 	0.0410280113 	0.0410280113 	0.0000000000 	0.9995916356 	
93.0000000000 	0.9179018146 	0.0408449105 	0.0408449105 	0.0000000000 	0.9995916356 	
93.5000000000 	0.9182663820 	0.0406626268 	0.0406626268 	0.0000000000 	0.9995916356 	
94.0000000000 	0.9186293224 	0.0404811566 	0.0404811566 	0.0000000000 	0.9995916356 	
94.5000000000 	0.9189906431 	0.0403004963 	0.0403004963 	0.0000000000 	0.9995916356 	
95.0000000000 	0.9193503512 	0.0401206422 	0.0401206422 	0.0000000000 	0.9995916356 	
95.5000000000 	0.9197084540 	0.0399415908 	0.0399415908 	0.0000000000 	0.9995916356 	
96.0000000000 	0.9200649587 	0.0397633384 	0.0397633384 	0.0000000000 	0.9995916356 	
96.5000000000 	0.9204198724 	0.0395858816 	0.0395858816 	0.0000000000 	0.9995916356 	
97.0000000000 	0.9207732021 	0.0394092167 	0.0394092167 	0.0000000000 	0.9995916356 	
97.5000000000 	0.9211249550 	0.0392333403 	0.0392333403 	0.0000000000 	0.9995916356 	
98.0000000000 	0.9214751381 	0.0390582487 	0.0390582487 	0.0000000000 	0.9995916356 	
98.5000000000 	0.9218237584 	0.0388839386 	0.0388839386 	0.0000000000 	0.9995916356 	
99.0000000000 	0.9221708228 	0.0387104064 	0.0387104064 	0.0000000000 	0.9995916356 	
99.5000000000 	0.9225163384 	0.0385376486 	0.0385376486 	0.0000000000 	0.9995916356 	
100.0000000000 	0.9228603120 	0.0383656618 	0.0383656618 	0.0000000000 	0.9995916356 	
100.5000000000 	0.9232027504 	0.0381944426 	0.0381944426 	0.0000000000 	0.9995916356 	
101.0000000000 	0.9235436607 	0.0380239875 	0.0380239875 	0.0000000000 	0.9995916356 	
101.5000000000 	0.9238830495 	0.0378542930 	0.0378542930 	0.0000000000 	0.9995916356 	
102.0000000000 	0.9242209237 	0.0376853559 	0.0376853559 	0.0000000000 	0.9995916356 	
102.5000000000 	0.9245572900 	0.0375171728 	0.0375171728 	0.0000000000 	0.9995916356 	
103.0000000000 	0.9248921552 	0.0373497402 	0.0373497402 	0.0000000000 	0.9995916356 	
103.5000000000 	0.9252255259 	0.0371830548 	0.0371830548 	0.0000000000 	0.9995916356 	
104.0000000000 	0.9255574089 	0.0370171134 	0.0370171134 	0.0000000000 	0.9995916356 	
104.5000000000 	0.9258878107 	0.0368519125 	0.0368519125 	0.0000000000 	0.9995916356 	
105.0000000000 	0.9262167380 	0.0366874488 	0.0366874488 	0.0000000000 	0.9995916356 	
105.5000000000 	0.9265441973 	0.0365237191 	0.0365237191 	0.0000000000 	0.9995916356 	
106.0000000000 	0.9268701953 	0.0363607202 	0.0363607202 	0.0000000000 	0.9995916356 	
106.5000000000 	0.9271947383 	0.0361984486 	0.0361984486 	0.0000000000 	0.9995916356 	
107.0000000000 	0.9275178330 	0.0360369013 	0.0360369013 	0.0000000000 	0.9995916356 	
107.5000000000 	0.9278394858 	0.0358760749 	0.0358760749 	0.0000000000 	0.9995916356 	
108.0000000000 	0.9281597031 	0.0357159662 	0.0357159662 	0.0000000000 	0.9995916356 	
108.5000000000 	0.9284784914 	0.0355565721 	0.0355565721 	0.0000000000 	0.9995916356 	
109.0000000000 	0.9287958569 	0.0353978893 	0.0353978893 	0.0000000000 	0.9995916356 	
109.5000000000 	0.9291118061 	0.0352399148 	0.0352399148 	0.0000000000 	0.9995916356 	
110.0000000000 	0.9294263453 	0.0350826452 	0.0350826452 	0.0000000000 	0.9995916356 	
110.5000000000 	0.9297394807 	0.0349260775 	0.0349260775 	0.0000000000 	0.9995916356 	
111.0000000000 	0.9300512186 	0.0347702085 	0.0347702085 	0.0000000000 	0.9995916356 	
111.5000000000 	0.9303615654 	0.0346150351 	0.0346150351 	0.0000000000 	0.9995916356 	
112.0000000000 	0.9306705271 	0.0344605543 	0.0344605543 	0.0000000000 	0.9995916356 	
112.5000000000 	0.9309781099 	0.0343067628 	0.0343067628 	0.0000000000 	0.9995916356 	
113.0000000000 	0.9312843201 	0.0341536577 	0.0341536577 	0.0000000000 	0.9995916356 	
113.5000000000 	0.9315891637 	0.0340012359 	0.0340012359 	0.0000000000 	0.9995916356 	
114.0000000000 	0.9318926469 	0.0338494944 	0.0338494944 	0.0000000000 	0.9995916356 	
114.5000000000 	0.9321947756 	0.0336984300 	0.0336984300 	0.0000000000 	0.9995916356 	
115.0000000000 	0.9324955560 	0.0335480398 	0.0335480398 	0.0000000000 	0.9995916356 	
115.5000000000 	0.9327949941 	0.0333983207 	0.0333983207 	0.0000000000 	0.9995916356 	
116.0000000000 	0.9330930959 	0.0332492699 	0.0332492699 	0.0000000000 	0.9995916356 	
116.5000000000 	0.9333898672 	0.0331008842 	0.0331008842 	0.0000000000 	0.9995916356 	
117.0000000000 	0.9336853141 	0.0329531607 	0.0329531607 	0.0000000000 	0.9995916356 	
117.5000000000 	0.9339794425 	0.0328060965 	0.0328060965 	0.0000000000 	0.9995916356 	
118.0000000000 	0.9342722583 	0.0326596887 	0.0326596887 	0.0000000000 	0.9995916356 	
118.5000000000 	0.9345637673 	0.0325139342 	0.0325139342 	0.0000000000 	0.9995916356 	
119.0000000000 	0.9348539753 	0.0323688302 	0.0323688302 	0.0000000000 	0.9995916356 	
119.5000000000 	0.9351428881 	0.0322243737 	0.0322243737 	0.0000000000 	0.9995916356 	
120.0000000000 	0.9354305116 	0.0320805620 	0.0320805620 	0.0000000000 	0.9995916356 	
120.5000000000 	0.9357168515 	0.0319373920 	0.0319373920 	0.0000000000 	0.9995916356 	
121.0000000000 	0.9360019135 	0.0317948610 	0.0317948610 	0.0000000000 	0.9995916356 	
121.5000000000 	0.9362857033 	0.0316529661 	0.0316529661 	0.0000000000 	0.9995916356 	
122.0000000000 	0.9365682266 	0.0315117045 	0.0315117045 	0.0000000000 	0.9995916356 	
122.5000000000 	0.9368494891 	0.0313710733 	0.0313710733 	0.0000000000 	0.9995916356 	
123.0000000000 	0.9371294963 	0.0312310696 	0.0312310696 	0.0000000000 	0.9995916356 	
123.5000000000 	0.9374082540 	0.0310916908 	0.0310916908 	0.0000000000 	0.9995916356 	
124.0000000000 	0.9376857675 	0.0309529340 	0.0309529340 	0.0000000000 	0.9995916356 	
124.5000000000 	0.9379620426 	0.0308147965 	0.0308147965 	0.0000000000 	0.9995916356 	
125.0000000000 	0.9382370847 	0.0306772755 	0.0306772755 	0.0000000000 	0.9995916356 	
125.5000000000 	0.9385108993 	0.0305403681 	0.0305403681 	0.0000000000 	0.9995916356 	
126.0000000000 	0.9387834920 	0.0304040718 	0.0304040718 	0.0000000000 	0.9995916356 	
126.5000000000 	0.9390548681 	0.0302683838 	0.0302683838 	0.0000000000 	0.9995916356 	
127.0000000000 	0.9393250331 	0.0301333013 	0.0301333013 	0.0000000000 	0.9995916356 	
127.5000000000 	0.9395939924 	0.0299988216 	0.0299988216 	0.0000000000 	0.9995916356 	
128.0000000000 	0.9398617514 	0.0298649421 	0.0298649421 	0.0000000000 	0.9995916356 	
128.5000000000 	0.9401283155 	0.0297316601 	0.0297316601 	0.0000000000 	0.9995916356 	
129.0000000000 	0.9403936899 	0.0295989729 	0.0295989729 	0.0000000000 	0.9995916356 	
129.5000000000 	0.9406578800 	0.0294668778 	0.0294668778 	0.0000000000 	0.9995916356 	
130.0000000000 	0.9409208910 	0.0293353723 	0.0293353723 	0.0000000000 	0.9995916356 	
130.5000000000 	0.9411827283 	0.0292044537 	0.0292044537 	0.0000000000 	0.9995916356 	
131.0000000000 	0.9414433970 	0.0290741193 	0.0290741193 	0.0000000000 	0.9995916356 	
131.5000000000 	0.9417029025 	0.0289443666 	0.0289443666 	0.0000000000 	0.9995916356 	
132.0000000000 	0.9419612498 	0.0288151929 	0.0288151929 	0.0000000000 	0.9995916356 	
132.5000000000 	0.9422184441 	0.0286865958 	0.0286865958 	0.0000000000 	0.9995916356 	
133.0000000000 	0.9424744906 	0.0285585725 	0.0285585725 	0.0000000000 	0.9995916356 	
133.5000000000 	0.9427293945 	0.0284311206 	0.0284311206 	0.0000000000 	0.9995916356 	
134.0000000000 	0.9429831607 	0.0283042375 	0.0283042375 	0.0000000000 	0.9995916356 	
134.5000000000 	0.9432357945 	0.0281779206 	0.0281779206 	0.0000000000 	0.9995916356 	
135.0000000000 	0.9434873007 	0.0280521675 	0.0280521675 	0.0000000000 	0.9995916356 	
135.5000000000 	0.9437376846 	0.0279269755 	0.0279269755 	0.0000000000 	0.9995916356 	
136.0000000000 	0.9439869510 	0.0278023423 	0.0278023423 	0.0000000000 	0.9995916356 	
136.5000000000 	0.9442351050 	0.0276782653 	0.0276782653 	0.0000000000 	0.9995916356 	
137.0000000000 	0.9444821515 	0.0275547421 	0.0275547421 	0.0000000000 	0.9995916356 	
137.5000000000 	0.9447280955 	0.0274317701 	0.0274317701 	0.0000000000 	0.9995916356 	
138.0000000000 	0.9449729419 	0.0273093469 	0.0273093469 	0.0000000000 	0.9995916356 	
138.5000000000 	0.9452166956 	0.0271874700 	0.0271874700 	0.0000000000 	0.9995916356 	
139.0000000000 	0.9454593614 	0.0270661371 	0.0270661371 	0.0000000000 	0.9995916356 	
139.5000000000 	0.9457009443 	0.0269453457 	0.0269453457 	0.0000000000 	0.9995916356 	
140.0000000000 	0.9459414490 	0.0268250933 	0.0268250933 	0.0000000000 	0.9995916356 	
140.5000000000 	0.9461808805 	0.0267053776 	0.0267053776 	0.0000000000 	0.9995916356 	
141.0000000000 	0.9464192433 	0.0265861962 	0.0265861962 	0.0000000000 	0.9995916356 	
141.5000000000 	0.9466565424 	0.0264675466 	0.0264675466 	0.0000000000 	0.9995916356 	
142.0000000000 	0.9468927825 	0.0263494266 	0.0263494266 	0.0000000000 	0.9995916356 	
142.5000000000 	0.9471279683 	0.0262318337 	0.0262318337 	0.0000000000 	0.9995916356 	
143.0000000000 	0.9473621044 	0.0261147656 	0.0261147656 	0.0000000000 	0.9995916356 	
143.5000000000 	0.9475951957 	0.0259982200 	0.0259982200 	0.0000000000 	0.9995916356 	
144.0000000000 	0.9478272467 	0.0258821945 	0.0258821945 	0.0000000000 	0.9995916356 	
144.5000000000 	0.9480582622 	0.0257666867 	0.0257666867 	0.0000000000 	0.9995916357 	
145.0000000000 	0.9482882466 	0.0256516945 	0.0256516945 	0.0000000000 	0.9995916357 	
145.5000000000 	0.9485172047 	0.0255372155 	0.0255372155 	0.0000000000 	0.9995916357 	
146.0000000000 	0.9487451409 	0.0254232474 	0.0254232474 	0.0000000000 	0.9995916357 	
146.5000000000 	0.9489720599 	0.0253097879 	0.0253097879 	0.0000000000 	0.9995916357 	
147.0000000000 	0.9491979663 	0.0251968347 	0.0251968347 	0.0000000000 	0.9995916357 	
147.5000000000 	0.9494228644 	0.0250843856 	0.0250843856 	0.0000000000 	0.9995916357 	
148.0000000000 	0.9496467589 	0.0249724384 	0.0249724384 	0.0000000000 	0.9995916357 	
148.5000000000 	0.9498696541 	0.0248609908 	0.0248609908 	0.0000000000 	0.9995916357 	
149.0000000000 	0.9500915546 	0.0247500405 	0.0247500405 	0.0000000000 	0.9995916357 	
149.5000000000 	0.9503124648 	0.0246395854 	0.0246395854 	0.0000000000 	0.9995916357 	
150.0000000000 	0.9505323892 	0.0245296232 	0.0245296232 	0.0000000000 	0.9995916357 	
150.5000000000 	0.9507513320 	0.0244201518 	0.0244201518 	0.0000000000 	0.9995916357 	
151.0000000000 	0.9509692978 	0.0243111690 	0.0243111690 	0.0000000000 	0.9995916357 	
151.5000000000 	0.9511862908 	0.0242026725 	0.0242026725 	0.0000000000 	0.9995916357 	
152.0000000000 	0.9514023153 	0.0240946602 	0.0240946602 	0.0000000000 	0.9995916357 	
152.5000000000 	0.9516173759 	0.0239871299 	0.0239871299 	0.0000000000 	0.9995916357 	
153.0000000000 	0.9518314766 	0.0238800795 	0.0238800795 	0.0000000000 	0.9995916357 	
153.5000000000 	0.9520446218 	0.0237735069 	0.0237735069 	0.0000000000 	0.9995916357 	
154.0000000000 	0.9522568159 	0.0236674099 	0.0236674099 	0.0000000000 	0.9995916357 	
154.5000000000 	0.9524680629 	0.0235617864 	0.0235617864 	0.0000000000 	0.9995916357 	
155.0000000000 	0.9526783672 	0.0234566343 	0.0234566343 	0.0000000000 	0.9995916357 	
155.5000000000 	0.9528877329 	0.0233519514 	0.0233519514 	0.0000000000 	0.9995916357 	
156.0000000000 	0.9530961642 	0.0232477357 	0.0232477357 	0.0000000000 	0.9995916357 	
156.5000000000 	0.9533036654 	0.0231439851 	0.0231439851 	0.0000000000 	0.9995916357 	
157.0000000000 	0.9535102405 	0.0230406976 	0.0230406976 	0.0000000000 	0.9995916357 	
157.5000000000 	0.9537158937 	0.0229378710 	0.0229378710 	0.0000000000 	0.9995916357 	
158.0000000000 	0.9539206292 	0.0228355033 	0.0228355033 	0.0000000000 	0.9995916357 	
158.5000000000 	0.9541244509 	0.0227335924 	0.0227335924 	0.0000000000 	0.9995916357 	
159.0000000000 	0.9543273630 	0.0226321363 	0.0226321363 	0.0000000000 	0.9995916357 	
159.5000000000 	0.9545293695 	0.0225311331 	0.0225311331 	0.0000000000 	0.9995916357 	
160.0000000000 	0.9547304745 	0.0224305806 	0.0224305806 	0.0000000000 	0.9995916357 	
160.5000000000 	0.9549306821 	0.0223304768 	0.0223304768 	0.0000000000 	0.9995916357 	
161.0000000000 	0.9551299961 	0.0222308198 	0.0222308198 	0.0000000000 	0.9995916357 	
161.5000000000 	0.9553284206 	0.0221316075 	0.0221316075 	0.0000000000 	0.9995916357 	
162.0000000000 	0.9555259596 	0.0220328380 	0.0220328380 	0.0000000000 	0.9995916357 	
162.5000000000 	0.9557226170 	0.0219345093 	0.0219345093 	0.0000000000 	0.9995916357 	
163.0000000000 	0.9559183968 	0.0218366194 	0.0218366194 	0.0000000000 	0.9995916357 	
163.5000000000 	0.9561133028 	0.0217391664 	0.0217391664 	0.0000000000 	0.9995916357 	
164.0000000000 	0.9563073390 	0.0216421483 	0.0216421483 	0.0000000000 	0.9995916357 	
164.5000000000 	0.9565005093 	0.0215455632 	0.0215455632 	0.0000000000 	0.9995916357 	
165.0000000000 	0.9566928174 	0.0214494091 	0.0214494091 	0.0000000000 	0.9995916357 	
165.5000000000 	0.9568842674 	0.0213536842 	0.0213536842 	0.0000000000 	0.9995916357 	
166.0000000000 	0.9570748629 	0.0212583864 	0.0212583864 	0.0000000000 	0.9995916357 	
166.5000000000 	0.9572646078 	0.0211635139 	0.0211635139 	0.0000000000 	0.9995916357 	
167.0000000000 	0.9574535059 	0.0210690649 	0.0210690649 	0.0000000000 	0.9995916357 	
167.5000000000 	0.9576415611 	0.0209750373 	0.0209750373 	0.0000000000 	0.9995916357 	
168.0000000000 	0.9578287769 	0.0208814294 	0.0208814294 	0.0000000000 	0.9995916357 	
168.5000000000 	0.9580151572 	0.0207882392 	0.0207882392 	0.0000000000 	0.9995916357 	
169.0000000000 	0.9582007058 	0.0206954649 	0.0206954649 	0.0000000000 	0.9995916357 	
169.5000000000 	0.9583854263 	0.0206031047 	0.0206031047 	0.0000000000 	0.9995916357 	
170.0000000000 	0.9585693224 	0.0205111566 	0.0205111566 	0.0000000000 	0.9995916357 	
170.5000000000 	0.9587523978 	0.0204196189 	0.0204196189 	0.0000000000 	0.9995916357 	
171.0000000000 	0.9589346562 	0.0203284897 	0.0203284897 	0.0000000000 	0.9995916357 	
171.5000000000 	0.9591161012 	0.0202377672 	0.0202377672 	0.0000000000 	0.9995916357 	
172.0000000000 	0.9592967364 	0.0201474496 	0.0201474496 	0.0000000000 	0.9995916357 	
172.5000000000 	0.9594765655 	0.0200575351 	0.0200575351 	0.0000000000 	0.9995916357 	
173.0000000000 	0.9596555921 	0.0199680218 	0.0199680218 	0.0000000000 	0.9995916357 	
173.5000000000 	0.9598338197 	0.0198789080 	0.0198789080 	0.0000000000 	0.9995916357 	
174.0000000000 	0.9600112518 	0.0197901919 	0.0197901919 	0.0000000000 	0.9995916357 	
174.5000000000 	0.9601878922 	0.0197018718 	0.0197018718 	0.0000000000 	0.9995916357 	
175.0000000000 	0.9603637442 	0.0196139457 	0.0196139457 	0.0000000000 	0.9995916357 	
175.5000000000 	0.9605388114 	0.0195264121 	0.0195264121 	0.0000000000 	0.9995916357 	
176.0000000000 	0.9607130974 	0.0194392692 	0.0194392692 	0.0000000000 	0.9995916357 	
176.5000000000 	0.9608866055 	0.0193525151 	0.0193525151 	0.0000000000 	0.9995916357 	
177.0000000000 	0.9610593393 	0.0192661482 	0.0192661482 	0.0000000000 	0.9995916357 	
177.5000000000 	0.9612313022 	0.0191801668 	0.0191801668 	0.0000000000 	0.9995916357 	
178.0000000000 	0.9614024976 	0.0190945690 	0.0190945690 	0.0000000000 	0.9995916357 	
178.5000000000 	0.9615729291 	0.0190093533 	0.0190093533 	0.0000000000 	0.9995916357 	
179.0000000000 	0.9617425999 	0.0189245179 	0.0189245179 	0.0000000000 	0.9995916357 	
179.5000000000 	0.9619115136 	0.0188400611 	0.0188400611 	0.0000000000 	0.9995916357 	
180.0000000000 	0.9620796734 	0.0187559812 	0.0187559812 	0.0000000000 	0.9995916357 	
180.5000000000 	0.9622470827 	0.0186722765 	0.0186722765 	0.0000000000 	0.9995916357 	
181.0000000000 	0.9624137449 	0.0185889454 	0.0185889454 	0.0000000000 	0.9995916357 	
181.5000000000 	0.9625796633 	0.0185059862 	0.0185059862 	0.0000000000 	0.9995916357 	
182.0000000000 	0.9627448413 	0.0184233972 	0.0184233972 	0.0000000000 	0.9995916357 	
182.5000000000 	0.9629092821 	0.0183411768 	0.0183411768 	0.0000000000 	0.9995916357 	
183.0000000000 	0.9630729890 	0.0182593233 	0.0182593233 	0.0000000000 	0.9995916357 	
183.5000000000 	0.9632359654 	0.0181778352 	0.0181778352 	0.0000000000 	0.9995916357 	
184.0000000000 	0.9633982144 	0.0180967107 	0.0180967107 	0.0000000000 	0.9995916357 	
184.5000000000 	0.9635597393 	0.0180159482 	0.0180159482 	0.0000000000 	0.9995916357 	
185.0000000000 	0.9637205433 	0.0179355462 	0.0179355462 	0.0000000000 	0.9995916357 	
185.5000000000 	0.9638806298 	0.0178555030 	0.0178555030 	0.0000000000 	0.9995916357 	
186.0000000000 	0.9640400017 	0.0177758170 	0.0177758170 	0.0000000000 	0.9995916357 	
186.5000000000 	0.9641986625 	0.0176964866 	0.0176964866 	0.0000000000 	0.9995916357 	
187.0000000000 	0.9643566151 	0.0176175103 	0.0176175103 	0.0000000000 	0.9995916357 	
187.5000000000 	0.9645138629 	0.0175388864 	0.0175388864 	0.0000000000 	0.9995916357 	
188.0000000000 	0.9646704088 	0.0174606134 	0.0174606134 	0.0000000000 	0.9995916357 	
188.5000000000 	0.9648262562 	0.0173826898 	0.0173826898 	0.0000000000 	0.9995916357 	
189.0000000000 	0.9649814080 	0.0173051139 	0.0173051139 	0.0000000000 	0.9995916357 	
189.5000000000 	0.9651358674 	0.0172278842 	0.0172278842 	0.0000000000 	0.9995916357 	
190.0000000000 	0.9652896375 	0.0171509991 	0.0171509991 	0.0000000000 	0.9995916357 	
190.5000000000 	0.9654427213 	0.0170744572 	0.0170744572 	0.0000000000 	0.9995916357 	
191.0000000000 	0.9655951219 	0.0169982569 	0.0169982569 	0.0000000000 	0.9995916357 	
191.5000000000 	0.9657468424 	0.0169223966 	0.0169223966 	0.0000000000 	0.9995916357 	
192.0000000000 	0.9658978858 	0.0168468749 	0.0168468749 	0.0000000000 	0.9995916357 	
192.5000000000 	0.9660482551 	0.0167716903 	0.0167716903 	0.0000000000 	0.9995916357 	
193.0000000000 	0.9661979534 	0.0166968412 	0.0166968412 	0.0000000000 	0.9995916357 	
193.5000000000 	0.9663469835 	0.0166223261 	0.0166223261 	0.0000000000 	0.9995916357 	
194.0000000000 	0.9664953486 	0.0165481435 	0.0165481435 	0.0000000000 	0.9995916357 	
194.5000000000 	0.9666430516 	0.0164742921 	0.0164742921 	0.0000000000 	0.9995916357 	
195.0000000000 	0.9667900953 	0.0164007702 	0.0164007702 	0.0000000000 	0.9995916357 	
195.5000000000 	0.9669364829 	0.0163275764 	0.0163275764 	0.0000000000 	0.9995916357 	
196.0000000000 	0.9670822171 	0.0162547093 	0.0162547093 	0.0000000000 	0.9995916357 	
196.5000000000 	0.9672273010 	0.0161821674 	0.0161821674 	0.0000000000 	0.9995916357 	
197.0000000000 	0.9673717373 	0.0161099492 	0.0161099492 	0.0000000000 	0.9995916357 	
197.5000000000 	0.9675155291 	0.0160380533 	0.0160380533 	0.0000000000 	0.9995916357 	
198.0000000000 	0.9676586792 	0.0159664783 	0.0159664783 	0.0000000000 	0.9995916357 	
198.5000000000 	0.9678011904 	0.0158952227 	0.0158952227 	0.0000000000 	0.9995916357 	
199.0000000000 	0.9679430656 	0.0158242851 	0.0158242851 	0.0000000000 	0.9995916357 	
199.5000000000 	0.9680843076 	0.0157536640 	0.0157536640 	0.0000000000 	0.9995916357 	
200.0000000000 	0.9682249193 	0.0156833582 	0.0156833582 	0.0000000000 	0.9995916357 	
200.5000000000 	0.9683649035 	0.0156133661 	0.0156133661 	0.0000000000 	0.9995916357 	
201.0000000000 	0.9685042629 	0.0155436864 	0.0155436864 	0.0000000000 	0.9995916357 	
201.5000000000 	0.9686430005 	0.0154743176 	0.0154743176 	0.0000000000 	0.9995916357 	
202.0000000000 	0.9687811188 	0.0154052584 	0.0154052584 	0.0000000000 	0.9995916357 	
202.5000000000 	0.9689186208 	0.0153365075 	0.0153365075 	0.0000000000 	0.9995916357 	
203.0000000000 	0.9690555091 	0.0152680633 	0.0152680633 	0.0000000000 	0.9995916357 	
203.5000000000 	0.9691917865 	0.0151999246 	0.0151999246 	0.0000000000 	0.9995916357 	
204.0000000000 	0.9693274557 	0.0151320900 	0.0151320900 	0.0000000000 	0.9995916357 	
204.5000000000 	0.9694625194 	0.0150645581 	0.0150645581 	0.0000000000 	0.9995916357 	
205.0000000000 	0.9695969804 	0.0149973277 	0.0149973277 	0.0000000000 	0.9995916357 	
205.5000000000 	0.9697308413 	0.0149303972 	0.0149303972 	0.0000000000 	0.9995916357 	
206.0000000000 	0.9698641048 	0.0148637654 	0.0148637654 	0.0000000000 	0.9995916357 	
206.5000000000 	0.9699967736 	0.0147974311 	0.0147974311 	0.0000000000 	0.9995916357 	
207.0000000000 	0.9701288503 	0.0147313927 	0.0147313927 	0.0000000000 	0.9995916357 	
207.5000000000 	0.9702603376 	0.0146656491 	0.0146656491 	0.0000000000 	0.9995916357 	
208.0000000000 	0.9703912380 	0.0146001988 	0.0146001988 	0.0000000000 	0.9995916357 	
208.5000000000 	0.9705215543 	0.0145350407 	0.0145350407 	0.0000000000 	0.9995916357 	
209.0000000000 	0.9706512890 	0.0144701734 	0.0144701734 	0.0000000000 	0.9995916357 	
209.5000000000 	0.9707804447 	0.0144055955 	0.0144055955 	0.0000000000 	0.9995916357 	
210.0000000000 	0.9709090240 	0.0143413059 	0.0143413059 	0.0000000000 	0.9995916357 	
210.5000000000 	0.9710370295 	0.0142773031 	0.0142773031 	0.0000000000 	0.9995916357 	
211.0000000000 	0.9711644637 	0.0142135860 	0.0142135860 	0.0000000000 	0.9995916357 	
211.5000000000 	0.9712913292 	0.0141501533 	0.0141501533 	0.0000000000 	0.9995916357 	
212.0000000000 	0.9714176285 	0.0140870036 	0.0140870036 	0.0000000000 	0.9995916357 	
212.5000000000 	0.9715433642 	0.0140241358 	0.0140241358 	0.0000000000 	0.9995916357 	
213.0000000000 	0.9716685387 	0.0139615485 	0.0139615485 	0.0000000000 	0.9995916357 	
213.5000000000 	0.9717931546 	0.0138992405 	0.0138992405 	0.0000000000 	0.9995916357 	
214.0000000000 	0.9719172144 	0.0138372107 	0.0138372107 	0.0000000000 	0.9995916357 	
214.5000000000 	0.9720407205 	0.0137754576 	0.0137754576 	0.0000000000 	0.9995916357 	
215.0000000000 	0.9721636754 	0.0137139801 	0.0137139801 	0.0000000000 	0.9995916357 	
215.5000000000 	0.9722860816 	0.0136527771 	0.0136527771 	0.0000000000 	0.9995916357 	
216.0000000000 	0.9724079415 	0.0135918471 	0.0135918471 	0.0000000000 	0.9995916357 	
216.5000000000 	0.9725292576 	0.0135311891 	0.0135311891 	0.0000000000 	0.9995916357 	
217.0000000000 	0.9726500323 	0.0134708017 	0.0134708017 	0.0000000000 	0.9995916357 	
217.5000000000 	0.9727702679 	0.0134106839 	0.0134106839 	0.0000000000 	0.9995916357 	
218.0000000000 	0.9728899670 	0.0133508343 	0.0133508343 	0.0000000000 	0.9995916357 	
218.5000000000 	0.9730091319 	0.0132912519 	0.0132912519 	0.0000000000 	0.9995916357 	
219.0000000000 	0.9731277650 	0.0132319354 	0.0132319354 	0.0000000000 	0.9995916357 	
219.5000000000 	0.9732458686 	0.0131728836 	0.0131728836 	0.0000000000 	0.9995916357 	
220.0000000000 	0.9733634452 	0.0131140953 	0.0131140953 	0.0000000000 	0.9995916357 	
220.5000000000 	0.9734804970 	0.0130555694 	0.0130555694 	0.0000000000 	0.9995916357 	
221.0000000000 	0.9735970264 	0.0129973046 	0.0129973046 	0.0000000000 	0.9995916357 	
221.5000000000 	0.9737130358 	0.0129392999 	0.0129392999 	0.0000000000 	0.9995916357 	
222.0000000000 	0.9738285275 	0.0128815541 	0.0128815541 	0.0000000000 	0.9995916357 	
222.5000000000 	0.9739435037 	0.0128240660 	0.0128240660 	0.0000000000 	0.9995916357 	
223.0000000000 	0.9740579669 	0.0127668344 	0.0127668344 	0.0000000000 	0.9995916357 	
223.5000000000 	0.9741719192 	0.0127098583 	0.0127098583 	0.0000000000 	0.9995916357 	
224.0000000000 	0.9742853629 	0.0126531364 	0.0126531364 	0.0000000000 	0.9995916357 	
224.5000000000 	0.9743983004 	0.0125966677 	0.0125966677 	0.0000000000 	0.9995916357 	
225.0000000000 	0.9745107339 	0.0125404509 	0.0125404509 	0.0000000000 	0.9995916357 	
225.5000000000 	0.9746226655 	0.0124844851 	0.0124844851 	0.0000000000 	0.9995916357 	
226.0000000000 	0.9747340977 	0.0124287690 	0.0124287690 	0.0000000000 	0.9995916357 	
226.5000000000 	0.9748450325 	0.0123733016 	0.0123733016 	0.0000000000 	0.9995916357 	
227.0000000000 	0.9749554723 	0.0123180817 	0.0123180817 	0.0000000000 	0.9995916357 	
227.5000000000 	0.9750654192 	0.0122631083 	0.0122631083 	0.0000000000 	0.9995916357 	
228.0000000000 	0.9751748754 	0.0122083802 	0.0122083802 	0.0000000000 	0.9995916357 	
228.5000000000 	0.9752838432 	0.0121538963 	0.0121538963 	0.0000000000 	0.9995916357 	
229.0000000000 	0.9753923246 	0.0120996556 	0.0120996556 	0.0000000000 	0.9995916357 	
229.5000000000 	0.9755003219 	0.0120456569 	0.0120456569 	0.0000000000 	0.9995916357 	
230.0000000000 	0.9756078372 	0.0119918993 	0.0119918993 	0.0000000000 	0.9995916357 	
230.5000000000 	0.9757148727 	0.0119383815 	0.0119383815 	0.0000000000 	0.9995916357 	
231.0000000000 	0.9758214305 	0.0118851026 	0.0118851026 	0.0000000000 	0.9995916357 	
231.5000000000 	0.9759275128 	0.0118320615 	0.0118320615 	0.0000000000 	0.9995916357 	
232.0000000000 	0.9760331216 	0.0117792570 	0.0117792570 	0.0000000000 	0.9995916357 	
232.5000000000 	0.9761382592 	0.0117266883 	0.0117266883 	0.0000000000 	0.9995916357 	
233.0000000000 	0.9762429275 	0.0116743541 	0.0116743541 	0.0000000000 	0.9995916357 	
233.5000000000 	0.9763471287 	0.0116222535 	0.0116222535 	0.0000000000 	0.9995916357 	
234.0000000000 	0.9764508649 	0.0115703854 	0.0115703854 	0.0000000000 	0.9995916357 	
234.5000000000 	0.9765541381 	0.0115187488 	0.0115187488 	0.0000000000 	0.9995916357 	
235.0000000000 	0.9766569504 	0.0114673427 	0.0114673427 	0.0000000000 	0.9995916357 	
235.5000000000 	0.9767593039 	0.0114161659 	0.0114161659 	0.0000000000 	0.9995916357 	
236.0000000000 	0.9768612006 	0.0113652176 	0.0113652176 	0.0000000000 	0.9995916357 	
236.5000000000 	0.9769626426 	0.0113144966 	0.0113144966 	0.0000000000 	0.9995916357 	
237.0000000000 	0.9770636318 	0.0112640020 	0.0112640020 	0.0000000000 	0.9995916357 	
237.5000000000 	0.9771641704 	0.0112137327 	0.0112137327 	0.0000000000 	0.9995916357 	
238.0000000000 	0.9772642602 	0.0111636878 	0.0111636878 	0.0000000000 	0.9995916357 	
238.5000000000 	0.9773639034 	0.0111138662 	0.0111138662 	0.0000000000 	0.9995916357 	
239.0000000000 	0.9774631019 	0.0110642669 	0.0110642669 	0.0000000000 	0.9995916357 	
239.5000000000 	0.9775618577 	0.0110148890 	0.0110148890 	0.0000000000 	0.9995916357 	
240.0000000000 	0.9776601727 	0.0109657315 	0.0109657315 	0.0000000000 	0.9995916357 	
240.5000000000 	0.9777580490 	0.0109167934 	0.0109167934 	0.0000000000 	0.9995916357 	
241.0000000000 	0.9778554885 	0.0108680736 	0.0108680736 	0.0000000000 	0.9995916357 	
241.5000000000 	0.9779524931 	0.0108195713 	0.0108195713 	0.0000000000 	0.9995916357 	
242.0000000000 	0.9780490648 	0.0107712855 	0.0107712855 	0.0000000000 	0.9995916357 	
242.5000000000 	0.9781452055 	0.0107232151 	0.0107232151 	0.0000000000 	0.9995916357 	
243.0000000000 	0.9782409172 	0.0106753593 	0.0106753593 	0.0000000000 	0.9995916357 	
243.5000000000 	0.9783362017 	0.0106277170 	0.0106277170 	0.0000000000 	0.9995916357 	
244.0000000000 	0.9784310610 	0.0105802874 	0.0105802874 	0.0000000000 	0.9995916357 	
244.5000000000 	0.9785254970 	0.0105330694 	0.0105330694 	0.0000000000 	0.9995916357 	
245.0000000000 	0.9786195115 	0.0104860621 	0.0104860621 	0.0000000000 	0.9995916357 	
245.5000000000 	0.9787131064 	0.0104392647 	0.0104392647 	0.0000000000 	0.9995916357 	
246.0000000000 	0.9788062836 	0.0103926761 	0.0103926761 	0.0000000000 	0.9995916357 	
246.5000000000 	0.9788990450 	0.0103462954 	0.0103462954 	0.0000000000 	0.9995916357 	
247.0000000000 	0.9789913924 	0.0103001216 	0.0103001216 	0.0000000000 	0.9995916357 	
247.5000000000 	0.9790833277 	0.0102541540 	0.0102541540 	0.0000000000 	0.9995916357 	
248.0000000000 	0.9791748527 	0.0102083915 	0.0102083915 	0.0000000000 	0.9995916357 	
248.5000000000 	0.9792659693 	0.0101628332 	0.0101628332 	0.0000000000 	0.9995916357 	
249.0000000000 	0.9793566791 	0.0101174783 	0.0101174783 	0.0000000000 	0.9995916357 	
249.5000000000 	0.9794469842 	0.0100723258 	0.0100723258 	0.0000000000 	0.9995916357 	
250.0000000000 	0.9795368863 	0.0100273747 	0.0100273747 	0.0000000000 	0.9995916357 	
250.5000000000 	0.9796263871 	0.0099826243 	0.0099826243 	0.0000000000 	0.9995916357 	
251.0000000000 	0.9797154885 	0.0099380736 	0.0099380736 	0.0000000000 	0.9995916357 	
251.5000000000 	0.9798041923 	0.0098937217 	0.0098937217 	0.0000000000 	0.9995916357 	
252.0000000000 	0.9798925002 	0.0098495678 	0.0098495678 	0.0000000000 	0.9995916357 	
252.5000000000 	0.9799804140 	0.0098056109 	0.0098056109 	0.0000000000 	0.9995916357 	
253.0000000000 	0.9800679355 	0.0097618501 	0.0097618501 	0.0000000000 	0.9995916357 	
253.5000000000 	0.9801550663 	0.0097182847 	0.0097182847 	0.0000000000 	0.9995916357 	
254.0000000000 	0.9802418083 	0.0096749137 	0.0096749137 	0.0000000000 	0.9995916357 	
254.5000000000 	0.9803281632 	0.0096317362 	0.0096317362 	0.0000000000 	0.9995916357 	
255.0000000000 	0.9804141328 	0.0095887515 	0.0095887515 	0.0000000000 	0.9995916357 	
255.5000000000 	0.9804997186 	0.0095459586 	0.0095459586 	0.0000000000 	0.9995916357 	
256.0000000000 	0.9805849225 	0.0095033566 	0.0095033566 	0.0000000000 	0.9995916357 	
256.5000000000 	0.9806697461 	0.0094609448 	0.0094609448 	0.0000000000 	0.9995916357 	
257.0000000000 	0.9807541912 	0.0094187223 	0.0094187223 	0.0000000000 	0.9995916357 	
257.5000000000 	0.9808382594 	0.0093766881 	0.0093766881 	0.0000000000 	0.9995916357 	
258.0000000000 	0.9809219525 	0.0093348416 	0.0093348416 	0.0000000000 	0.9995916357 	
258.5000000000 	0.9810052720 	0.0092931819 	0.0092931819 	0.0000000000 	0.9995916357 	
259.0000000000 	0.9810882197 	0.0092517080 	0.0092517080 	0.0000000000 	0.9995916357 	
259.5000000000 	0.9811707972 	0.0092104193 	0.0092104193 	0.0000000000 	0.9995916357 	
260.0000000000 	0.9812530062 	0.0091693148 	0.0091693148 	0.0000000000 	0.9995916357 	
260.5000000000 	0.9813348483 	0.0091283937 	0.0091283937 	0.0000000000 	0.9995916357 	
261.0000000000 	0.9814163252 	0.0090876553 	0.0090876553 	0.0000000000 	0.9995916357 	
261.5000000000 	0.9814974384 	0.0090470987 	0.0090470987 	0.0000000000 	0.9995916357 	
262.0000000000 	0.9815781896 	0.0090067231 	0.0090067231 	0.0000000000 	0.9995916357 	
262.5000000000 	0.9816585805 	0.0089665276 	0.0089665276 	0.0000000000 	0.9995916357 	
263.0000000000 	0.9817386126 	0.0089265116 	0.0089265116 	0.0000000000 	0.9995916357 	
263.5000000000 	0.9818182875 	0.0088866741 	0.0088866741 	0.0000000000 	0.9995916357 	
264.0000000000 	0.9818976069 	0.0088470144 	0.0088470144 	0.0000000000 	0.9995916357 	
264.5000000000 	0.9819765722 	0.0088075318 	0.0088075318 	0.0000000000 	0.9995916357 	
265.0000000000 	0.9820551852 	0.0087682253 	0.0087682253 	0.0000000000 	0.9995916357 	
265.5000000000 	0.9821334473 	0.0087290942 	0.0087290942 	0.0000000000 	0.9995916357 	
266.0000000000 	0.9822113601 	0.0086901378 	0.0086901378 	0.0000000000 	0.9995916357 	
266.5000000000 	0.9822889253 	0.0086513552 	0.0086513552 	0.0000000000 	0.9995916357 	
267.0000000000 	0.9823661442 	0.0086127458 	0.0086127458 	0.0000000000 	0.9995916357 	
267.5000000000 	0.9824430186 	0.0085743086 	0.0085743086 	0.0000000000 	0.9995916357 	
268.0000000000 	0.9825195499 	0.0085360429 	0.0085360429 	0.0000000000 	0.9995916357 	
268.5000000000 	0.9825957396 	0.0084979481 	0.0084979481 	0.0000000000 	0.9995916357 	
269.0000000000 	0.9826715893 	0.0084600232 	0.0084600232 	0.0000000000 	0.9995916357 	
269.5000000000 	0.9827471005 	0.0084222676 	0.0084222676 	0.0000000000 	0.9995916357 	
270.0000000000 	0.9828222747 	0.0083846805 	0.0083846805 	0.0000000000 	0.9995916357 	
270.5000000000 	0.9828971135 	0.0083472611 	0.0083472611 	0.0000000000 	0.9995916357 	
271.0000000000 	0.9829716182 	0.0083100088 	0.0083100088 	0.0000000000 	0.9995916357 	
271.5000000000 	0.9830457904 	0.0082729227 	0.0082729227 	0.0000000000 	0.9995916357 	
272.0000000000 	0.9831196317 	0.0082360020 	0.0082360020 	0.0000000000 	0.9995916357 	
272.5000000000 	0.9831931433 	0.0081992462 	0.0081992462 	0.0000000000 	0.9995916357 	
273.0000000000 	0.9832663269 	0.0081626544 	0.0081626544 	0.0000000000 	0.9995916357 	
273.5000000000 	0.9833391839 	0.0081262259 	0.0081262259 	0.0000000000 	0.9995916357 	
274.0000000000 	0.9834117158 	0.0080899600 	0.0080899600 	0.0000000000 	0.9995916357 	
274.5000000000 	0.9834839239 	0.0080538559 	0.0080538559 	0.0000000000 	0.9995916357 	
275.0000000000 	0.9835558098 	0.0080179129 	0.0080179129 	0.0000000000 	0.9995916357 	
275.5000000000 	0.9836273749 	0.0079821304 	0.0079821304 	0.0000000000 	0.9995916357 	
276.0000000000 	0.9836986206 	0.0079465075 	0.0079465075 	0.0000000000 	0.9995916357 	
276.5000000000 	0.9837695484 	0.0079110437 	0.0079110437 	0.0000000000 	0.9995916357 	
277.0000000000 	0.9838401596 	0.0078757381 	0.0078757381 	0.0000000000 	0.9995916357 	
277.5000000000 	0.9839104557 	0.0078405900 	0.0078405900 	0.0000000000 	0.9995916357 	
278.0000000000 	0.9839804381 	0.0078055988 	0.0078055988 	0.0000000000 	0.9995916357 	
278.5000000000 	0.9840501081 	0.0077707638 	0.0077707638 	0.0000000000 	0.9995916357 	
279.0000000000 	0.9841194672 	0.0077360843 	0.0077360843 	0.0000000000 	0.9995916357 	
279.5000000000 	0.9841885168 	0.0077015595 	0.0077015595 	0.0000000000 	0.9995916357 	
280.0000000000 	0.9842572582 	0.0076671888 	0.0076671888 	0.0000000000 	0.9995916357 	
280.5000000000 	0.9843256929 	0.0076329714 	0.0076329714 	0.0000000000 	0.9995916357 	
281.0000000000 	0.9843938221 	0.0075989068 	0.0075989068 	0.0000000000 	0.9995916357 	
281.5000000000 	0.9844616473 	0.0075649942 	0.0075649942 	0.0000000000 	0.9995916357 	
282.0000000000 	0.9845291698 	0.0075312330 	0.0075312330 	0.0000000000 	0.9995916357 	
282.5000000000 	0.9845963910 	0.0074976224 	0.0074976224 	0.0000000000 	0.9995916357 	
283.0000000000 	0.9846633121 	0.0074641618 	0.0074641618 	0.0000000000 	0.9995916357 	
283.5000000000 	0.9847299346 	0.0074308506 	0.0074308506 	0.0000000000 	0.9995916357 	
284.0000000000 	0.9847962598 	0.0073976880 	0.0073976880 	0.0000000000 	0.9995916357 	
284.5000000000 	0.9848622890 	0.0073646734 	0.0073646734 	0.0000000000 	0.9995916357 	
285.0000000000 	0.9849280235 	0.0073318061 	0.0073318061 	0.0000000000 	0.9995916357 	
285.5000000000 	0.9849934646 	0.0072990856 	0.0072990856 	0.0000000000 	0.9995916357 	
286.0000000000 	0.9850586137 	0.0072665110 	0.0072665110 	0.0000000000 	0.9995916357 	
286.5000000000 	0.9851234720 	0.0072340819 	0.0072340819 	0.0000000000 	0.9995916357 	
287.0000000000 	0.9851880409 	0.0072017974 	0.0072017974 	0.0000000000 	0.9995916357 	
287.5000000000 	0.9852523216 	0.0071696571 	0.0071696571 	0.0000000000 	0.9995916357 	
288.0000000000 	0.9853163155 	0.0071376601 	0.0071376601 	0.0000000000 	0.9995916357 	
288.5000000000 	0.9853800238 	0.0071058060 	0.0071058060 	0.0000000000 	0.9995916357 	
289.0000000000 	0.9854434477 	0.0070740940 	0.0070740940 	0.0000000000 	0.9995916357 	
289.5000000000 	0.9855065886 	0.0070425236 	0.0070425236 	0.0000000000 	0.9995916357 	
290.0000000000 	0.9855694477 	0.0070110940 	0.0070110940 	0.0000000000 	0.9995916357 	
290.5000000000 	0.9856320263 	0.0069798047 	0.0069798047 	0.0000000000 	0.9995916357 	
291.0000000000 	0.9856943256 	0.0069486551 	0.0069486551 	0.0000000000 	0.9995916357 	
291.5000000000 	0.9857563468 	0.0069176445 	0.0069176445 	0.0000000000 	0.9995916357 	
292.0000000000 	0.9858180913 	0.0068867722 	0.0068867722 	0.0000000000 	0.9995916357 	
292.5000000000 	0.9858795602 	0.0068560378 	0.0068560378 	0.0000000000 	0.9995916357 	
293.0000000000 	0.9859407548 	0.0068254405 	0.0068254405 	0.0000000000 	0.9995916357 	
293.5000000000 	0.9860016763 	0.0067949797 	0.0067949797 	0.0000000000 	0.9995916357 	
294.0000000000 	0.9860623259 	0.0067646549 	0.0067646549 	0.0000000000 	0.9995916357 	
294.5000000000 	0.9861227049 	0.0067344654 	0.0067344654 	0.0000000000 	0.9995916358 	
295.0000000000 	0.9861828144 	0.0067044107 	0.0067044107 	0.0000000000 	0.9995916358 	
295.5000000000 	0.9862426556 	0.0066744901 	0.0066744901 	0.0000000000 	0.9995916358 	
296.0000000000 	0.9863022298 	0.0066447030 	0.0066447030 	0.0000000000 	0.9995916358 	
296.5000000000 	0.9863615381 	0.0066150488 	0.0066150488 	0.0000000000 	0.9995916358 	
297.0000000000 	0.9864205817 	0.0065855270 	0.0065855270 	0.0000000000 	0.9995916358 	
297.5000000000 	0.9864793618 	0.0065561370 	0.0065561370 	0.0000000000 	0.9995916358 	
298.0000000000 	0.9865378796 	0.0065268781 	0.0065268781 	0.0000000000 	0.9995916358 	
298.5000000000 	0.9865961362 	0.0064977498 	0.0064977498 	0.0000000000 	0.9995916358 	
299.0000000000 	0.9866541328 	0.0064687515 	0.0064687515 	0.0000000000 	0.9995916358 	
299.5000000000 	0.9867118707 	0.0064398825 	0.0064398825 	0.0000000000 	0.9995916358 	
# end of calculation 2019_08_27_13_54_53 
# time difference 00_00_00_00_00_10 -- in Minutes 0 in Seconds 10 
