## Date: 27.8.2019 -- Time: 13:52:18  
## Gamma_l=0.5000000000 - Gamma_m=0.0000000000 - Gamma_r=0.5000000000 
## phi_l=0.7853981634 - phi_m=0.0000000000 - phi_r=0.0000000000 
## init_000=0.00 - init_001=0.00 - init_010=0.00 - init_011=1.00 
## dt=0.500000 - t_end=600 - fb=25 - cutoff=0.000001000000 -- Nbin=2 
0.0000000000  	 1.0000000000 	 1.0000000000 	 0.0000000000 	 0.0000000000 	 1.00 
0.5000000000  	 0.7701511618 	 0.7701511618 	 0.1149244290 	 0.1149244290 	 1.00 
1.0000000000  	 0.5931328105 	 0.5931328105 	 0.0885091816 	 0.0885091816 	 1.00 
1.5000000000  	 0.4568019209 	 0.4568019209 	 0.0681654482 	 0.0681654482 	 1.00 
2.0000000000  	 0.3518065279 	 0.3518065279 	 0.0524976986 	 0.0524976986 	 1.00 
2.5000000000  	 0.2709442042 	 0.2709442042 	 0.0404311631 	 0.0404311631 	 1.00 
3.0000000000  	 0.2086679919 	 0.2086679919 	 0.0311381069 	 0.0311381069 	 1.00 
3.5000000000  	 0.1607058949 	 0.1607058949 	 0.0239810489 	 0.0239810489 	 1.00 
4.0000000000  	 0.1237678305 	 0.1237678305 	 0.0184690325 	 0.0184690325 	 1.00 
4.5000000000  	 0.0953199375 	 0.0953199375 	 0.0142239467 	 0.0142239467 	 1.00 
5.0000000000  	 0.0734107598 	 0.0734107598 	 0.0109545889 	 0.0109545889 	 1.00 
5.5000000000  	 0.0565373814 	 0.0565373814 	 0.0084366893 	 0.0084366893 	 1.00 
6.0000000000  	 0.0435423295 	 0.0435423295 	 0.0064975260 	 0.0064975260 	 1.00 
6.5000000000  	 0.0335341753 	 0.0335341753 	 0.0050040771 	 0.0050040771 	 1.00 
7.0000000000  	 0.0258263838 	 0.0258263838 	 0.0038538958 	 0.0038538958 	 1.00 
7.5000000000  	 0.0198902192 	 0.0198902192 	 0.0029680823 	 0.0029680823 	 1.00 
8.0000000000  	 0.0153184753 	 0.0153184753 	 0.0022858720 	 0.0022858720 	 1.00 
8.5000000000  	 0.0117975414 	 0.0117975414 	 0.0017604669 	 0.0017604669 	 1.00 
9.0000000000  	 0.0090858901 	 0.0090858901 	 0.0013558256 	 0.0013558256 	 1.00 
9.5000000000  	 0.0069975087 	 0.0069975087 	 0.0010441907 	 0.0010441907 	 1.00 
10.0000000000  	 0.0053891394 	 0.0053891394 	 0.0008041847 	 0.0008041847 	 1.00 
10.5000000000  	 0.0041504519 	 0.0041504519 	 0.0006193437 	 0.0006193437 	 1.00 
11.0000000000  	 0.0031964753 	 0.0031964753 	 0.0004769883 	 0.0004769883 	 1.00 
11.5000000000  	 0.0024617692 	 0.0024617692 	 0.0003673531 	 0.0003673531 	 1.00 
12.0000000000  	 0.0018959344 	 0.0018959344 	 0.0002829174 	 0.0002829174 	 1.00 
12.5000000000  	 0.0014601560 	 0.0014601560 	 0.0002178892 	 0.0002178892 	 1.00 
13.0000000000  	 0.0143321646 	 0.0143321649 	 0.1014533357 	 0.1014539461 	 1.00 
13.5000000000  	 0.0414979073 	 0.0415007694 	 0.0579496924 	 0.0579394207 	 1.00 
14.0000000000  	 0.0710539089 	 0.0710575624 	 0.0314053908 	 0.0313992100 	 1.00 
14.5000000000  	 0.0968788703 	 0.0968785063 	 0.0157936900 	 0.0157857507 	 1.00 
15.0000000000  	 0.1163642562 	 0.1163542493 	 0.0070790086 	 0.0070772671 	 1.00 
15.5000000000  	 0.1289246998 	 0.1289074069 	 0.0026009774 	 0.0026016595 	 1.00 
16.0000000000  	 0.1350714870 	 0.1350493815 	 0.0006282406 	 0.0006298374 	 1.00 
16.5000000000  	 0.1358239419 	 0.1357991324 	 0.0000573706 	 0.0000591872 	 1.00 
17.0000000000  	 0.1323622453 	 0.1323364009 	 0.0002029797 	 0.0002046852 	 1.00 
17.5000000000  	 0.1258320030 	 0.1258067214 	 0.0006539594 	 0.0006533067 	 1.00 
18.0000000000  	 0.1172293875 	 0.1172261927 	 0.0011727475 	 0.0011755888 	 1.00 
18.5000000000  	 0.1074174444 	 0.1074334940 	 0.0016469706 	 0.0016468424 	 1.00 
19.0000000000  	 0.0970690646 	 0.0970977850 	 0.0020111022 	 0.0020105687 	 1.00 
19.5000000000  	 0.0866857857 	 0.0867219463 	 0.0022525818 	 0.0022521827 	 1.00 
20.0000000000  	 0.0766275538 	 0.0766670118 	 0.0023782181 	 0.0023782558 	 1.00 
20.5000000000  	 0.0671405531 	 0.0671785757 	 0.0024036387 	 0.0024019214 	 1.00 
21.0000000000  	 0.0583695494 	 0.0584053029 	 0.0023535140 	 0.0023526003 	 1.00 
21.5000000000  	 0.0503940902 	 0.0504268790 	 0.0022457256 	 0.0022454949 	 1.00 
22.0000000000  	 0.0432404437 	 0.0432699328 	 0.0020988618 	 0.0020990932 	 1.00 
22.5000000000  	 0.0368971874 	 0.0369232991 	 0.0019283683 	 0.0019288921 	 1.00 
23.0000000000  	 0.0313273731 	 0.0313502036 	 0.0017465437 	 0.0017472335 	 1.00 
23.5000000000  	 0.0264779582 	 0.0264977132 	 0.0015627351 	 0.0015635003 	 1.00 
24.0000000000  	 0.0222869187 	 0.0223038655 	 0.0013837113 	 0.0013844894 	 1.00 
24.5000000000  	 0.0186884563 	 0.0187028894 	 0.0012140961 	 0.0012148467 	 1.00 
25.0000000000  	 0.0156166837 	 0.0156289014 	 0.0010567991 	 0.0010574979 	 1.00 
25.5000000000  	 0.0130635886 	 0.0130434174 	 0.0012846152 	 0.0013178808 	 1.00 
26.0000000000  	 0.0114631890 	 0.0113834598 	 0.0034029025 	 0.0034735809 	 1.00 
26.5000000000  	 0.0115371324 	 0.0114045327 	 0.0056575388 	 0.0057201442 	 1.00 
27.0000000000  	 0.0137130188 	 0.0135575542 	 0.0070885379 	 0.0071116202 	 1.00 
27.5000000000  	 0.0180244047 	 0.0178883618 	 0.0075239539 	 0.0075236564 	 1.00 
28.0000000000  	 0.0241345556 	 0.0240356974 	 0.0071487460 	 0.0071406449 	 1.00 
28.5000000000  	 0.0314869516 	 0.0314337022 	 0.0062501956 	 0.0062328575 	 1.00 
29.0000000000  	 0.0394398770 	 0.0394304449 	 0.0050981603 	 0.0050722113 	 1.00 
29.5000000000  	 0.0473703216 	 0.0473984149 	 0.0039029200 	 0.0038726841 	 1.00 
30.0000000000  	 0.0547443948 	 0.0548007172 	 0.0028045526 	 0.0027732703 	 1.00 
30.5000000000  	 0.0611523896 	 0.0612261911 	 0.0018820668 	 0.0018528700 	 1.00 
31.0000000000  	 0.0663194631 	 0.0663992249 	 0.0011668836 	 0.0011408137 	 1.00 
31.5000000000  	 0.0700988331 	 0.0701743582 	 0.0006567992 	 0.0006351278 	 1.00 
32.0000000000  	 0.0724539505 	 0.0725170161 	 0.0003297836 	 0.0003131171 	 1.00 
32.5000000000  	 0.0734354272 	 0.0734797995 	 0.0001538514 	 0.0001421396 	 1.00 
33.0000000000  	 0.0731580522 	 0.0731787356 	 0.0000934020 	 0.0000868289 	 1.00 
33.5000000000  	 0.0717774729 	 0.0717709600 	 0.0001152491 	 0.0001133512 	 1.00 
34.0000000000  	 0.0694710194 	 0.0694357381 	 0.0001906572 	 0.0001924254 	 1.00 
34.5000000000  	 0.0664235262 	 0.0663591400 	 0.0002952251 	 0.0002995232 	 1.00 
35.0000000000  	 0.0628158507 	 0.0627266569 	 0.0004100979 	 0.0004153973 	 1.00 
35.5000000000  	 0.0587763298 	 0.0587079787 	 0.0005394854 	 0.0005267841 	 1.00 
36.0000000000  	 0.0544798533 	 0.0544530207 	 0.0006333954 	 0.0006250049 	 1.00 
36.5000000000  	 0.0500877643 	 0.0500949083 	 0.0007139146 	 0.0007045344 	 1.00 
37.0000000000  	 0.0457070464 	 0.0457405783 	 0.0007733746 	 0.0007641164 	 1.00 
37.5000000000  	 0.0414237354 	 0.0414765845 	 0.0008116677 	 0.0008031730 	 1.00 
38.0000000000  	 0.0373070938 	 0.0373736201 	 0.0008291274 	 0.0008214902 	 1.00 
38.5000000000  	 0.0334192349 	 0.0334965910 	 0.0008484712 	 0.0008402453 	 1.00 
39.0000000000  	 0.0297968580 	 0.0299193050 	 0.0009577203 	 0.0009310604 	 1.00 
39.5000000000  	 0.0265353773 	 0.0267098246 	 0.0011884368 	 0.0011528600 	 1.00 
40.0000000000  	 0.0237576483 	 0.0239777074 	 0.0015243480 	 0.0014890782 	 1.00 
40.5000000000  	 0.0215996000 	 0.0218599778 	 0.0019160524 	 0.0018736651 	 1.00 
41.0000000000  	 0.0201853411 	 0.0204664489 	 0.0023096064 	 0.0022550495 	 1.00 
41.5000000000  	 0.0196219022 	 0.0197968757 	 0.0026328935 	 0.0026503337 	 1.00 
42.0000000000  	 0.0198956954 	 0.0199995133 	 0.0028072046 	 0.0028145930 	 1.00 
42.5000000000  	 0.0210177932 	 0.0210687385 	 0.0028787724 	 0.0028712685 	 1.00 
43.0000000000  	 0.0229059636 	 0.0229117695 	 0.0028243760 	 0.0028136001 	 1.00 
43.5000000000  	 0.0254364382 	 0.0254127110 	 0.0026546743 	 0.0026365103 	 1.00 
44.0000000000  	 0.0284436227 	 0.0283925131 	 0.0024028227 	 0.0023892794 	 1.00 
44.5000000000  	 0.0317473149 	 0.0316722318 	 0.0020951403 	 0.0020886171 	 1.00 
45.0000000000  	 0.0351600883 	 0.0350698873 	 0.0017640910 	 0.0017608412 	 1.00 
45.5000000000  	 0.0385079255 	 0.0384051242 	 0.0014302861 	 0.0014296472 	 1.00 
46.0000000000  	 0.0416339726 	 0.0415246664 	 0.0011169864 	 0.0011173381 	 1.00 
46.5000000000  	 0.0444072112 	 0.0442965575 	 0.0008345784 	 0.0008387854 	 1.00 
47.0000000000  	 0.0467207686 	 0.0466165695 	 0.0005906932 	 0.0006025487 	 1.00 
47.5000000000  	 0.0485114941 	 0.0484264546 	 0.0004056059 	 0.0004127354 	 1.00 
48.0000000000  	 0.0497433890 	 0.0496819671 	 0.0002677334 	 0.0002717627 	 1.00 
48.5000000000  	 0.0504056411 	 0.0503637301 	 0.0001716912 	 0.0001754123 	 1.00 
49.0000000000  	 0.0505094263 	 0.0504835627 	 0.0001168298 	 0.0001186787 	 1.00 
49.5000000000  	 0.0500891510 	 0.0500736951 	 0.0000936552 	 0.0000958268 	 1.00 
50.0000000000  	 0.0491874862 	 0.0491811894 	 0.0000941879 	 0.0000986940 	 1.00 
50.5000000000  	 0.0478715895 	 0.0478616984 	 0.0001141606 	 0.0001196776 	 1.00 
51.0000000000  	 0.0461968645 	 0.0461842412 	 0.0001440202 	 0.0001504748 	 1.00 
51.5000000000  	 0.0442421818 	 0.0442155724 	 0.0001809757 	 0.0001877298 	 1.00 
52.0000000000  	 0.0420737850 	 0.0420297092 	 0.0002239593 	 0.0002305417 	 1.00 
52.5000000000  	 0.0397431673 	 0.0396963666 	 0.0002844600 	 0.0002855110 	 1.00 
53.0000000000  	 0.0373016106 	 0.0372826114 	 0.0003652241 	 0.0003597509 	 1.00 
53.5000000000  	 0.0348514148 	 0.0348500361 	 0.0004641906 	 0.0004645226 	 1.00 
54.0000000000  	 0.0324652340 	 0.0324628818 	 0.0005887626 	 0.0005951165 	 1.00 
54.5000000000  	 0.0302063054 	 0.0302035148 	 0.0007402771 	 0.0007517407 	 1.00 
55.0000000000  	 0.0281378477 	 0.0281509610 	 0.0009134898 	 0.0009233112 	 1.00 
55.5000000000  	 0.0263476153 	 0.0263880982 	 0.0010729918 	 0.0010834130 	 1.00 
56.0000000000  	 0.0248775986 	 0.0249535005 	 0.0012442263 	 0.0012529761 	 1.00 
56.5000000000  	 0.0238002761 	 0.0239158587 	 0.0013761746 	 0.0013641127 	 1.00 
57.0000000000  	 0.0231502215 	 0.0232987133 	 0.0015069116 	 0.0014745141 	 1.00 
57.5000000000  	 0.0229337658 	 0.0230984733 	 0.0015700132 	 0.0015407891 	 1.00 
58.0000000000  	 0.0231457172 	 0.0233183287 	 0.0015821702 	 0.0015588636 	 1.00 
58.5000000000  	 0.0237552312 	 0.0239239849 	 0.0015571158 	 0.0015368520 	 1.00 
59.0000000000  	 0.0247243959 	 0.0248872799 	 0.0014970818 	 0.0014915136 	 1.00 
59.5000000000  	 0.0259493769 	 0.0261307044 	 0.0013902026 	 0.0013897644 	 1.00 
60.0000000000  	 0.0273875406 	 0.0275760666 	 0.0012652212 	 0.0012561759 	 1.00 
60.5000000000  	 0.0289678836 	 0.0291569258 	 0.0011234240 	 0.0011139619 	 1.00 
61.0000000000  	 0.0306124967 	 0.0307850985 	 0.0009685298 	 0.0009592578 	 1.00 
61.5000000000  	 0.0322443002 	 0.0324045864 	 0.0008190033 	 0.0008103286 	 1.00 
62.0000000000  	 0.0337924360 	 0.0339440739 	 0.0006758772 	 0.0006670897 	 1.00 
62.5000000000  	 0.0351941100 	 0.0353343334 	 0.0005407455 	 0.0005347261 	 1.00 
63.0000000000  	 0.0363976531 	 0.0365315821 	 0.0004248999 	 0.0004178272 	 1.00 
63.5000000000  	 0.0373653183 	 0.0374909008 	 0.0003247474 	 0.0003177736 	 1.00 
64.0000000000  	 0.0380741392 	 0.0381792746 	 0.0002424216 	 0.0002344649 	 1.00 
64.5000000000  	 0.0384996598 	 0.0385938875 	 0.0001739465 	 0.0001707625 	 1.00 
65.0000000000  	 0.0386414069 	 0.0387311431 	 0.0001274753 	 0.0001226654 	 1.00 
65.5000000000  	 0.0385091398 	 0.0385932459 	 0.0000935179 	 0.0000897679 	 1.00 
66.0000000000  	 0.0381175293 	 0.0381948512 	 0.0000747533 	 0.0000707489 	 1.00 
66.5000000000  	 0.0374830905 	 0.0375521317 	 0.0000670070 	 0.0000673235 	 1.00 
67.0000000000  	 0.0366286420 	 0.0366920806 	 0.0000800986 	 0.0000799221 	 1.00 
67.5000000000  	 0.0355784711 	 0.0356533925 	 0.0001077434 	 0.0001077573 	 1.00 
68.0000000000  	 0.0343776068 	 0.0344549056 	 0.0001647223 	 0.0001569501 	 1.00 
68.5000000000  	 0.0330600279 	 0.0331583264 	 0.0002218029 	 0.0002156215 	 1.00 
69.0000000000  	 0.0316911237 	 0.0317955241 	 0.0002945103 	 0.0002890069 	 1.00 
69.5000000000  	 0.0303149945 	 0.0304058569 	 0.0003768150 	 0.0003737670 	 1.00 
70.0000000000  	 0.0289708492 	 0.0290461004 	 0.0004711252 	 0.0004706109 	 1.00 
70.5000000000  	 0.0276987185 	 0.0277619999 	 0.0005719867 	 0.0005727789 	 1.00 
71.0000000000  	 0.0265382793 	 0.0265965249 	 0.0006721584 	 0.0006747018 	 1.00 
71.5000000000  	 0.0255325307 	 0.0255960866 	 0.0007616135 	 0.0007630533 	 1.00 
72.0000000000  	 0.0247197383 	 0.0247912957 	 0.0008362148 	 0.0008323794 	 1.00 
72.5000000000  	 0.0241235427 	 0.0242023354 	 0.0008942949 	 0.0008861645 	 1.00 
73.0000000000  	 0.0237502050 	 0.0238263127 	 0.0009423559 	 0.0009221380 	 1.00 
73.5000000000  	 0.0236066009 	 0.0236717870 	 0.0009607934 	 0.0009440205 	 1.00 
74.0000000000  	 0.0236754115 	 0.0237341930 	 0.0009614898 	 0.0009435472 	 1.00 
74.5000000000  	 0.0239472604 	 0.0239915029 	 0.0009412269 	 0.0009506213 	 1.00 
75.0000000000  	 0.0243925876 	 0.0244274169 	 0.0009142575 	 0.0009015132 	 1.00 
75.5000000000  	 0.0249963414 	 0.0250195142 	 0.0008547916 	 0.0008419809 	 1.00 
76.0000000000  	 0.0257228053 	 0.0257345818 	 0.0007842657 	 0.0007720973 	 1.00 
76.5000000000  	 0.0265325510 	 0.0265356294 	 0.0007059902 	 0.0006948064 	 1.00 
77.0000000000  	 0.0273845647 	 0.0273836908 	 0.0006247924 	 0.0006129282 	 1.00 
77.5000000000  	 0.0282418879 	 0.0282394679 	 0.0005421860 	 0.0005295914 	 1.00 
78.0000000000  	 0.0290696987 	 0.0290659519 	 0.0004608952 	 0.0004474561 	 1.00 
78.5000000000  	 0.0298361856 	 0.0298284713 	 0.0003834743 	 0.0003703581 	 1.00 
79.0000000000  	 0.0305137943 	 0.0304973672 	 0.0003115070 	 0.0002991464 	 1.00 
79.5000000000  	 0.0310793493 	 0.0310476677 	 0.0002464258 	 0.0002352684 	 1.00 
80.0000000000  	 0.0315150402 	 0.0314585095 	 0.0001894662 	 0.0001796320 	 1.00 
80.5000000000  	 0.0318085579 	 0.0317381092 	 0.0001419042 	 0.0001421062 	 1.00 
81.0000000000  	 0.0319515665 	 0.0318598569 	 0.0001048044 	 0.0001079293 	 1.00 
81.5000000000  	 0.0319427457 	 0.0318231997 	 0.0000790233 	 0.0000854257 	 1.00 
82.0000000000  	 0.0317609571 	 0.0316387984 	 0.0000743191 	 0.0000732084 	 1.00 
82.5000000000  	 0.0313895255 	 0.0313204447 	 0.0000746501 	 0.0000711748 	 1.00 
83.0000000000  	 0.0308981154 	 0.0308668250 	 0.0000844222 	 0.0000873876 	 1.00 
83.5000000000  	 0.0303058678 	 0.0303012952 	 0.0001075982 	 0.0001094481 	 1.00 
84.0000000000  	 0.0296273513 	 0.0296624781 	 0.0001419014 	 0.0001444999 	 1.00 
84.5000000000  	 0.0288800177 	 0.0289410551 	 0.0001831261 	 0.0001830542 	 1.00 
85.0000000000  	 0.0280971496 	 0.0281771144 	 0.0002335839 	 0.0002345494 	 1.00 
85.5000000000  	 0.0273058277 	 0.0273997617 	 0.0002865545 	 0.0002883395 	 1.00 
86.0000000000  	 0.0265238772 	 0.0266282152 	 0.0003465984 	 0.0003496380 	 1.00 
86.5000000000  	 0.0257731730 	 0.0258891223 	 0.0004087256 	 0.0004119825 	 1.00 
87.0000000000  	 0.0250773377 	 0.0252057888 	 0.0004681731 	 0.0004696622 	 1.00 
87.5000000000  	 0.0244638088 	 0.0245931203 	 0.0005187853 	 0.0005182014 	 1.00 
88.0000000000  	 0.0239594659 	 0.0240635972 	 0.0005597444 	 0.0005558959 	 1.00 
88.5000000000  	 0.0235849974 	 0.0236865297 	 0.0005902805 	 0.0005820639 	 1.00 
89.0000000000  	 0.0232900198 	 0.0234374562 	 0.0006135923 	 0.0006020301 	 1.00 
89.5000000000  	 0.0231113099 	 0.0233009538 	 0.0006275365 	 0.0006214575 	 1.00 
90.0000000000  	 0.0230860746 	 0.0232783359 	 0.0006410633 	 0.0006107433 	 1.00 
90.5000000000  	 0.0231842020 	 0.0233675886 	 0.0006223212 	 0.0005931527 	 1.00 
91.0000000000  	 0.0233937786 	 0.0235602766 	 0.0005936535 	 0.0005684039 	 1.00 
91.5000000000  	 0.0236979553 	 0.0238472644 	 0.0005572380 	 0.0005343370 	 1.00 
92.0000000000  	 0.0240768158 	 0.0242143053 	 0.0005157969 	 0.0004946751 	 1.00 
92.5000000000  	 0.0245103789 	 0.0246456215 	 0.0004689640 	 0.0004489718 	 1.00 
93.0000000000  	 0.0249799586 	 0.0251156416 	 0.0004189940 	 0.0004017478 	 1.00 
93.5000000000  	 0.0254644698 	 0.0255996970 	 0.0003665204 	 0.0003519611 	 1.00 
94.0000000000  	 0.0259421440 	 0.0260757531 	 0.0003155454 	 0.0003035444 	 1.00 
94.5000000000  	 0.0263936611 	 0.0265230081 	 0.0002662508 	 0.0002563069 	 1.00 
95.0000000000  	 0.0268013135 	 0.0269200788 	 0.0002200311 	 0.0002112110 	 1.00 
95.5000000000  	 0.0271508615 	 0.0272497608 	 0.0001781842 	 0.0001705458 	 1.00 
96.0000000000  	 0.0274295572 	 0.0275016181 	 0.0001418329 	 0.0001360150 	 1.00 
96.5000000000  	 0.0276264468 	 0.0276686579 	 0.0001120061 	 0.0001085347 	 1.00 
97.0000000000  	 0.0277307958 	 0.0277521481 	 0.0000901178 	 0.0000857081 	 1.00 
97.5000000000  	 0.0277365987 	 0.0277370758 	 0.0000829914 	 0.0000719947 	 1.00 
98.0000000000  	 0.0276475424 	 0.0276383021 	 0.0000638635 	 0.0000649999 	 1.00 
98.5000000000  	 0.0274793480 	 0.0274574146 	 0.0000675591 	 0.0000673223 	 1.00 
99.0000000000  	 0.0272370990 	 0.0272031043 	 0.0000783499 	 0.0000774237 	 1.00 
99.5000000000  	 0.0269266130 	 0.0268834790 	 0.0000958540 	 0.0000952568 	 1.00 
100.0000000000  	 0.0265535415 	 0.0265189514 	 0.0001202080 	 0.0001153435 	 0.99 
100.5000000000  	 0.0261309678 	 0.0261056583 	 0.0001486195 	 0.0001468384 	 0.99 
101.0000000000  	 0.0256717194 	 0.0256658683 	 0.0001830303 	 0.0001788339 	 0.99 
101.5000000000  	 0.0251931339 	 0.0252064773 	 0.0002215024 	 0.0002181562 	 0.99 
102.0000000000  	 0.0247152278 	 0.0247417455 	 0.0002557743 	 0.0002573688 	 0.99 
102.5000000000  	 0.0242472924 	 0.0243004396 	 0.0002953907 	 0.0002880003 	 0.99 
103.0000000000  	 0.0238093714 	 0.0238744753 	 0.0003264149 	 0.0003204271 	 0.99 
103.5000000000  	 0.0234190419 	 0.0234706023 	 0.0003571406 	 0.0003590997 	 0.99 
104.0000000000  	 0.0231001380 	 0.0231100259 	 0.0003826249 	 0.0003793153 	 0.99 
104.5000000000  	 0.0228753785 	 0.0228434666 	 0.0004029951 	 0.0004009439 	 0.99 
105.0000000000  	 0.0226521869 	 0.0226389750 	 0.0004173498 	 0.0004063926 	 0.99 
105.5000000000  	 0.0225150244 	 0.0225080143 	 0.0004195043 	 0.0004104158 	 0.99 
106.0000000000  	 0.0224591026 	 0.0224463655 	 0.0004150338 	 0.0004065356 	 0.99 
106.5000000000  	 0.0224793425 	 0.0224551655 	 0.0004041670 	 0.0003954794 	 0.99 
107.0000000000  	 0.0225676221 	 0.0225321399 	 0.0003884956 	 0.0003786928 	 0.99 
107.5000000000  	 0.0227144976 	 0.0226711702 	 0.0003679600 	 0.0003567706 	 0.99 
108.0000000000  	 0.0229087284 	 0.0228604924 	 0.0003436673 	 0.0003321846 	 0.99 
108.5000000000  	 0.0231383798 	 0.0230904186 	 0.0003160137 	 0.0003042599 	 0.99 
109.0000000000  	 0.0233926352 	 0.0233478790 	 0.0002859420 	 0.0002750345 	 0.99 
109.5000000000  	 0.0236593640 	 0.0236200004 	 0.0002541727 	 0.0002437170 	 0.99 
110.0000000000  	 0.0239279185 	 0.0238923332 	 0.0002217300 	 0.0002130991 	 0.99 
110.5000000000  	 0.0241856862 	 0.0241534229 	 0.0001901843 	 0.0001819970 	 0.99 
111.0000000000  	 0.0244235008 	 0.0243931138 	 0.0001607586 	 0.0001541759 	 0.99 
111.5000000000  	 0.0246316666 	 0.0246028566 	 0.0001342964 	 0.0001294820 	 0.99 
112.0000000000  	 0.0248013917 	 0.0247735455 	 0.0001115508 	 0.0001075633 	 0.99 
112.5000000000  	 0.0249288935 	 0.0249011054 	 0.0000930294 	 0.0000907791 	 0.99 
113.0000000000  	 0.0250104773 	 0.0249818705 	 0.0000790186 	 0.0000791076 	 0.99 
113.5000000000  	 0.0250432452 	 0.0250132968 	 0.0000702456 	 0.0000717124 	 0.99 
114.0000000000  	 0.0250256438 	 0.0249934362 	 0.0000667855 	 0.0000685924 	 0.99 
114.5000000000  	 0.0249565762 	 0.0248966430 	 0.0000682210 	 0.0000647415 	 0.99 
115.0000000000  	 0.0248067130 	 0.0247750329 	 0.0000723416 	 0.0000739328 	 0.99 
115.5000000000  	 0.0246153718 	 0.0246065780 	 0.0000842889 	 0.0000843988 	 0.99 
116.0000000000  	 0.0243842904 	 0.0243919018 	 0.0000996284 	 0.0001009858 	 0.99 
116.5000000000  	 0.0241197101 	 0.0241316612 	 0.0001175582 	 0.0001222775 	 0.99 
117.0000000000  	 0.0238296246 	 0.0238640984 	 0.0001413624 	 0.0001415580 	 0.99 
117.5000000000  	 0.0235257118 	 0.0235838659 	 0.0001623787 	 0.0001662836 	 0.99 
118.0000000000  	 0.0232145673 	 0.0232940978 	 0.0001870779 	 0.0001913716 	 0.99 
118.5000000000  	 0.0229111123 	 0.0230040322 	 0.0002125935 	 0.0002128678 	 0.99 
119.0000000000  	 0.0226029495 	 0.0227425946 	 0.0002465693 	 0.0002315735 	 0.99 
119.5000000000  	 0.0223317867 	 0.0225118201 	 0.0002568703 	 0.0002469488 	 0.99 
120.0000000000  	 0.0221022458 	 0.0223154565 	 0.0002640263 	 0.0002585978 	 0.99 
120.5000000000  	 0.0219184825 	 0.0221485459 	 0.0002683498 	 0.0002666738 	 0.99 
121.0000000000  	 0.0217812439 	 0.0220226280 	 0.0002706916 	 0.0002720202 	 0.99 
121.5000000000  	 0.0216931432 	 0.0219690940 	 0.0002715139 	 0.0002762404 	 0.99 
122.0000000000  	 0.0216527910 	 0.0219271527 	 0.0002695506 	 0.0002736608 	 0.99 
122.5000000000  	 0.0216559863 	 0.0219121692 	 0.0002633580 	 0.0002669535 	 0.99 
123.0000000000  	 0.0217010734 	 0.0219353317 	 0.0002503724 	 0.0002584164 	 0.99 
123.5000000000  	 0.0217793120 	 0.0219895459 	 0.0002386826 	 0.0002452976 	 0.99 
124.0000000000  	 0.0218795343 	 0.0220850777 	 0.0002219960 	 0.0002271740 	 0.99 
124.5000000000  	 0.0220037963 	 0.0221924010 	 0.0002059402 	 0.0002103906 	 0.99 
125.0000000000  	 0.0221470464 	 0.0223108663 	 0.0001881670 	 0.0001922414 	 0.99 
125.5000000000  	 0.0223030249 	 0.0224379137 	 0.0001694964 	 0.0001735011 	 0.99 
126.0000000000  	 0.0224647460 	 0.0225705099 	 0.0001505989 	 0.0001541810 	 0.99 
126.5000000000  	 0.0226236987 	 0.0227034325 	 0.0001323951 	 0.0001349561 	 0.99 
127.0000000000  	 0.0227732086 	 0.0228322685 	 0.0001144815 	 0.0001174447 	 0.99 
127.5000000000  	 0.0229089417 	 0.0229520542 	 0.0000982486 	 0.0001011196 	 0.99 
128.0000000000  	 0.0230213902 	 0.0230559433 	 0.0000847961 	 0.0000870171 	 0.99 
128.5000000000  	 0.0231101767 	 0.0231384214 	 0.0000731946 	 0.0000757107 	 0.99 
129.0000000000  	 0.0231701557 	 0.0231925883 	 0.0000643312 	 0.0000676084 	 0.99 
129.5000000000  	 0.0231992496 	 0.0232105267 	 0.0000587616 	 0.0000630409 	 0.99 
130.0000000000  	 0.0231998805 	 0.0231852585 	 0.0000569170 	 0.0000555268 	 0.99 
130.5000000000  	 0.0231403243 	 0.0231243010 	 0.0000517303 	 0.0000558307 	 0.99 
131.0000000000  	 0.0230536068 	 0.0230407604 	 0.0000572501 	 0.0000615248 	 0.99 
131.5000000000  	 0.0229394300 	 0.0229311406 	 0.0000653566 	 0.0000701010 	 0.99 
132.0000000000  	 0.0228007276 	 0.0227999197 	 0.0000760145 	 0.0000827502 	 0.99 
132.5000000000  	 0.0226393132 	 0.0226500882 	 0.0000894014 	 0.0000967701 	 0.99 
133.0000000000  	 0.0224612484 	 0.0224729074 	 0.0001042111 	 0.0001053524 	 0.99 
133.5000000000  	 0.0222700344 	 0.0222865577 	 0.0001260841 	 0.0001195471 	 0.99 
134.0000000000  	 0.0220851798 	 0.0221044520 	 0.0001376874 	 0.0001324170 	 0.99 
134.5000000000  	 0.0219111793 	 0.0219254915 	 0.0001484555 	 0.0001444124 	 0.99 
135.0000000000  	 0.0217496823 	 0.0217551221 	 0.0001584742 	 0.0001555593 	 0.99 
135.5000000000  	 0.0216054186 	 0.0216086940 	 0.0001656157 	 0.0001677020 	 0.99 
136.0000000000  	 0.0214794931 	 0.0214861582 	 0.0001720753 	 0.0001754085 	 0.99 
136.5000000000  	 0.0213757504 	 0.0213795929 	 0.0001752997 	 0.0001805673 	 0.99 
137.0000000000  	 0.0212947037 	 0.0213001006 	 0.0001774944 	 0.0001837731 	 0.99 
137.5000000000  	 0.0212359488 	 0.0212475401 	 0.0001765246 	 0.0001846781 	 0.99 
138.0000000000  	 0.0212020161 	 0.0212335291 	 0.0001773072 	 0.0001862416 	 0.99 
138.5000000000  	 0.0211908087 	 0.0212083770 	 0.0001719703 	 0.0001813097 	 0.99 
139.0000000000  	 0.0211932650 	 0.0212017630 	 0.0001602139 	 0.0001705654 	 0.99 
139.5000000000  	 0.0212174296 	 0.0212192171 	 0.0001525162 	 0.0001638417 	 0.99 
140.0000000000  	 0.0212601492 	 0.0212629879 	 0.0001427677 	 0.0001541705 	 0.99 
140.5000000000  	 0.0213184686 	 0.0213294445 	 0.0001324415 	 0.0001432403 	 0.99 
141.0000000000  	 0.0213893921 	 0.0214138898 	 0.0001213128 	 0.0001311337 	 0.99 
141.5000000000  	 0.0214690327 	 0.0215107622 	 0.0001098550 	 0.0001184429 	 0.99 
142.0000000000  	 0.0215529068 	 0.0216144624 	 0.0000984861 	 0.0001055612 	 0.99 
142.5000000000  	 0.0216360552 	 0.0217188018 	 0.0000870576 	 0.0000928671 	 0.99 
143.0000000000  	 0.0217140880 	 0.0218177728 	 0.0000759965 	 0.0000805787 	 0.99 
143.5000000000  	 0.0217835802 	 0.0219063792 	 0.0000662930 	 0.0000689055 	 0.99 
144.0000000000  	 0.0218420271 	 0.0219815783 	 0.0000581632 	 0.0000583909 	 0.99 
144.5000000000  	 0.0218875498 	 0.0220371500 	 0.0000518220 	 0.0000490628 	 0.99 
145.0000000000  	 0.0219217450 	 0.0220463631 	 0.0000474901 	 0.0000420124 	 0.99 
145.5000000000  	 0.0219530412 	 0.0220087126 	 0.0000446662 	 0.0000377295 	 0.99 
146.0000000000  	 0.0220144809 	 0.0218793497 	 0.0000450999 	 0.0000363407 	 0.99 
146.5000000000  	 0.0221605953 	 0.0218481575 	 0.0000505770 	 0.0000417530 	 0.99 
147.0000000000  	 0.0220544678 	 0.0217995983 	 0.0000418988 	 0.0000451039 	 0.99 
147.5000000000  	 0.0219364290 	 0.0217218095 	 0.0000473483 	 0.0000508624 	 0.99 
148.0000000000  	 0.0218076702 	 0.0216317218 	 0.0000543017 	 0.0000583939 	 0.99 
148.5000000000  	 0.0216714497 	 0.0215327642 	 0.0000623811 	 0.0000672245 	 0.99 
149.0000000000  	 0.0215301536 	 0.0214260310 	 0.0000718108 	 0.0000762954 	 0.99 
149.5000000000  	 0.0213875167 	 0.0213212760 	 0.0000809964 	 0.0000855998 	 0.99 
150.0000000000  	 0.0212485346 	 0.0212115849 	 0.0000894703 	 0.0000938557 	 0.99 
150.5000000000  	 0.0211159028 	 0.0211070118 	 0.0000976122 	 0.0001014265 	 0.99 
151.0000000000  	 0.0209907808 	 0.0210102200 	 0.0001050323 	 0.0001080282 	 0.99 
151.5000000000  	 0.0208752008 	 0.0209175470 	 0.0001109852 	 0.0001129807 	 0.99 
152.0000000000  	 0.0207725004 	 0.0208310634 	 0.0001160805 	 0.0001171733 	 0.99 
152.5000000000  	 0.0206857553 	 0.0207577685 	 0.0001193044 	 0.0001197144 	 0.99 
153.0000000000  	 0.0206178301 	 0.0206969368 	 0.0001214730 	 0.0001211732 	 0.99 
153.5000000000  	 0.0205691817 	 0.0206602108 	 0.0001221603 	 0.0001206993 	 0.99 
154.0000000000  	 0.0205412284 	 0.0206373388 	 0.0001206140 	 0.0001189889 	 0.99 
154.5000000000  	 0.0205331403 	 0.0206321092 	 0.0001182613 	 0.0001169255 	 0.99 
155.0000000000  	 0.0205444947 	 0.0206417944 	 0.0001143833 	 0.0001129130 	 0.99 
155.5000000000  	 0.0205734248 	 0.0206660444 	 0.0001084189 	 0.0001072685 	 0.99 
156.0000000000  	 0.0206178423 	 0.0207040004 	 0.0001019035 	 0.0001009590 	 0.99 
156.5000000000  	 0.0206751171 	 0.0207545809 	 0.0000937590 	 0.0000933045 	 0.99 
157.0000000000  	 0.0207425305 	 0.0208158282 	 0.0000849695 	 0.0000850741 	 0.99 
157.5000000000  	 0.0208155385 	 0.0208852087 	 0.0000753206 	 0.0000759450 	 0.99 
158.0000000000  	 0.0208882188 	 0.0209606644 	 0.0000644801 	 0.0000657265 	 0.99 
158.5000000000  	 0.0209510478 	 0.0210305936 	 0.0000546234 	 0.0000565327 	 0.99 
159.0000000000  	 0.0210051571 	 0.0211114664 	 0.0000473807 	 0.0000502171 	 0.99 
159.5000000000  	 0.0210574743 	 0.0212058686 	 0.0000416442 	 0.0000448292 	 0.99 
160.0000000000  	 0.0211018243 	 0.0212814216 	 0.0000370657 	 0.0000392891 	 0.99 
160.5000000000  	 0.0211346652 	 0.0213364403 	 0.0000337662 	 0.0000350865 	 0.99 
161.0000000000  	 0.0211528934 	 0.0213615332 	 0.0000318118 	 0.0000325500 	 0.99 
161.5000000000  	 0.0211567107 	 0.0213664288 	 0.0000311317 	 0.0000311831 	 0.99 
162.0000000000  	 0.0211447843 	 0.0213378575 	 0.0000316978 	 0.0000312873 	 0.99 
162.5000000000  	 0.0211191877 	 0.0212916350 	 0.0000333568 	 0.0000327397 	 0.99 
163.0000000000  	 0.0210801259 	 0.0212192586 	 0.0000359433 	 0.0000353309 	 0.99 
163.5000000000  	 0.0210293674 	 0.0211354336 	 0.0000393059 	 0.0000388695 	 0.99 
164.0000000000  	 0.0209686881 	 0.0210354430 	 0.0000432410 	 0.0000431744 	 0.99 
164.5000000000  	 0.0208975963 	 0.0209336196 	 0.0000480005 	 0.0000485126 	 0.99 
165.0000000000  	 0.0208155225 	 0.0208352945 	 0.0000539571 	 0.0000551290 	 0.99 
165.5000000000  	 0.0207257076 	 0.0207377780 	 0.0000602725 	 0.0000613238 	 0.99 
166.0000000000  	 0.0206333058 	 0.0206462428 	 0.0000662044 	 0.0000669951 	 0.99 
166.5000000000  	 0.0205412681 	 0.0205609245 	 0.0000718256 	 0.0000725444 	 0.99 
167.0000000000  	 0.0204548604 	 0.0204712762 	 0.0000762743 	 0.0000767747 	 0.99 
167.5000000000  	 0.0203724999 	 0.0203939940 	 0.0000806317 	 0.0000817195 	 0.99 
168.0000000000  	 0.0202989460 	 0.0203199052 	 0.0000834811 	 0.0000845245 	 0.99 
168.5000000000  	 0.0202349876 	 0.0202551210 	 0.0000851959 	 0.0000864629 	 0.99 
169.0000000000  	 0.0201817728 	 0.0202075918 	 0.0000857785 	 0.0000861833 	 0.99 
169.5000000000  	 0.0201390637 	 0.0201735554 	 0.0000869693 	 0.0000891265 	 0.99 
170.0000000000  	 0.0201106149 	 0.0201568017 	 0.0000856706 	 0.0000866587 	 0.99 
170.5000000000  	 0.0200969596 	 0.0201515774 	 0.0000837300 	 0.0000846700 	 0.99 
171.0000000000  	 0.0200968574 	 0.0201613908 	 0.0000808768 	 0.0000819644 	 0.99 
171.5000000000  	 0.0201103038 	 0.0201844089 	 0.0000776616 	 0.0000786664 	 0.99 
172.0000000000  	 0.0201388876 	 0.0202184699 	 0.0000729848 	 0.0000738671 	 0.99 
172.5000000000  	 0.0201820865 	 0.0202616884 	 0.0000671546 	 0.0000677739 	 0.99 
173.0000000000  	 0.0202369676 	 0.0203115583 	 0.0000609239 	 0.0000606139 	 0.99 
173.5000000000  	 0.0202986445 	 0.0203649416 	 0.0000547574 	 0.0000551823 	 0.99 
174.0000000000  	 0.0203630061 	 0.0204193833 	 0.0000494227 	 0.0000499413 	 0.99 
174.5000000000  	 0.0204257616 	 0.0204723288 	 0.0000444057 	 0.0000450428 	 0.99 
175.0000000000  	 0.0204830570 	 0.0205215479 	 0.0000398988 	 0.0000406041 	 0.99 
175.5000000000  	 0.0205335591 	 0.0205784334 	 0.0000360153 	 0.0000372916 	 0.99 
176.0000000000  	 0.0205732827 	 0.0206268634 	 0.0000328847 	 0.0000338311 	 0.99 
176.5000000000  	 0.0206004913 	 0.0206653196 	 0.0000305724 	 0.0000310771 	 0.99 
177.0000000000  	 0.0206148284 	 0.0207001787 	 0.0000291074 	 0.0000296326 	 0.99 
177.5000000000  	 0.0206143285 	 0.0207057074 	 0.0000285320 	 0.0000284070 	 0.99 
178.0000000000  	 0.0206019154 	 0.0206983131 	 0.0000287312 	 0.0000282465 	 0.99 
178.5000000000  	 0.0205787597 	 0.0206766421 	 0.0000296065 	 0.0000289249 	 0.99 
179.0000000000  	 0.0205460905 	 0.0206413410 	 0.0000310760 	 0.0000303744 	 0.99 
179.5000000000  	 0.0205040900 	 0.0205940443 	 0.0000330762 	 0.0000325409 	 0.99 
180.0000000000  	 0.0204534295 	 0.0205269112 	 0.0000355594 	 0.0000355856 	 0.99 
180.5000000000  	 0.0203954710 	 0.0204539088 	 0.0000384202 	 0.0000386574 	 0.99 
181.0000000000  	 0.0203311426 	 0.0203772753 	 0.0000415562 	 0.0000418937 	 0.99 
181.5000000000  	 0.0202626595 	 0.0202982604 	 0.0000450215 	 0.0000455239 	 0.99 
182.0000000000  	 0.0201908705 	 0.0202203875 	 0.0000490231 	 0.0000498730 	 0.99 
182.5000000000  	 0.0201168161 	 0.0201520482 	 0.0000534823 	 0.0000542841 	 0.99 
183.0000000000  	 0.0200449196 	 0.0200833968 	 0.0000572720 	 0.0000578777 	 0.99 
183.5000000000  	 0.0199781716 	 0.0200138231 	 0.0000598989 	 0.0000600784 	 0.99 
184.0000000000  	 0.0199164418 	 0.0199521409 	 0.0000625433 	 0.0000629934 	 0.99 
184.5000000000  	 0.0198623795 	 0.0198976638 	 0.0000639184 	 0.0000642008 	 0.99 
185.0000000000  	 0.0198157808 	 0.0198561828 	 0.0000647072 	 0.0000652794 	 0.99 
185.5000000000  	 0.0197798437 	 0.0198257887 	 0.0000648103 	 0.0000640974 	 0.99 
186.0000000000  	 0.0197533883 	 0.0198096843 	 0.0000643517 	 0.0000637693 	 0.99 
186.5000000000  	 0.0197368318 	 0.0198075103 	 0.0000630157 	 0.0000625409 	 0.99 
187.0000000000  	 0.0197302016 	 0.0198181915 	 0.0000608888 	 0.0000605093 	 0.99 
187.5000000000  	 0.0197331250 	 0.0198399807 	 0.0000581104 	 0.0000578274 	 0.99 
188.0000000000  	 0.0197461508 	 0.0198707623 	 0.0000548893 	 0.0000546764 	 0.99 
188.5000000000  	 0.0197692470 	 0.0199083380 	 0.0000513897 	 0.0000512814 	 0.99 
189.0000000000  	 0.0198007651 	 0.0199504238 	 0.0000477216 	 0.0000477808 	 0.99 
189.5000000000  	 0.0198395838 	 0.0199947968 	 0.0000440711 	 0.0000443185 	 0.99 
190.0000000000  	 0.0198827437 	 0.0200393888 	 0.0000405498 	 0.0000410120 	 0.99 
190.5000000000  	 0.0199265811 	 0.0200823663 	 0.0000372354 	 0.0000379429 	 0.99 
191.0000000000  	 0.0199691459 	 0.0201220907 	 0.0000342384 	 0.0000351647 	 0.99 
191.5000000000  	 0.0200084661 	 0.0201571203 	 0.0000316333 	 0.0000327094 	 0.99 
192.0000000000  	 0.0200443341 	 0.0201998771 	 0.0000294570 	 0.0000311044 	 0.99 
192.5000000000  	 0.0200727795 	 0.0202342881 	 0.0000277917 	 0.0000291834 	 0.99 
193.0000000000  	 0.0200906244 	 0.0202516495 	 0.0000266636 	 0.0000280602 	 0.99 
193.5000000000  	 0.0200990141 	 0.0202596431 	 0.0000260469 	 0.0000270421 	 0.99 
194.0000000000  	 0.0200978086 	 0.0202577578 	 0.0000259244 	 0.0000265340 	 0.99 
194.5000000000  	 0.0200871867 	 0.0202455892 	 0.0000262911 	 0.0000265659 	 0.99 
195.0000000000  	 0.0200684067 	 0.0202219369 	 0.0000271167 	 0.0000271690 	 0.99 
195.5000000000  	 0.0200422842 	 0.0201872494 	 0.0000283173 	 0.0000283184 	 0.99 
196.0000000000  	 0.0200087127 	 0.0201432086 	 0.0000298279 	 0.0000298623 	 0.99 
196.5000000000  	 0.0199682518 	 0.0200912766 	 0.0000316358 	 0.0000317512 	 0.99 
197.0000000000  	 0.0199220461 	 0.0200331323 	 0.0000336944 	 0.0000339124 	 0.99 
197.5000000000  	 0.0198715358 	 0.0199706387 	 0.0000359379 	 0.0000362522 	 0.99 
198.0000000000  	 0.0198184651 	 0.0199057073 	 0.0000382444 	 0.0000387172 	 0.99 
198.5000000000  	 0.0197645454 	 0.0198402614 	 0.0000405563 	 0.0000412552 	 0.99 
199.0000000000  	 0.0197115948 	 0.0197732069 	 0.0000428850 	 0.0000441765 	 0.99 
199.5000000000  	 0.0196609431 	 0.0197130400 	 0.0000450838 	 0.0000461264 	 0.99 
200.0000000000  	 0.0196141748 	 0.0196582286 	 0.0000470081 	 0.0000482240 	 0.99 
200.5000000000  	 0.0195725117 	 0.0196106808 	 0.0000485136 	 0.0000498840 	 0.99 
201.0000000000  	 0.0195381638 	 0.0195703975 	 0.0000494746 	 0.0000497505 	 0.99 
201.5000000000  	 0.0195105375 	 0.0195408373 	 0.0000498497 	 0.0000502214 	 0.99 
202.0000000000  	 0.0194902118 	 0.0195227651 	 0.0000496272 	 0.0000500910 	 0.99 
202.5000000000  	 0.0194773283 	 0.0195159673 	 0.0000488406 	 0.0000493400 	 0.99 
203.0000000000  	 0.0194718771 	 0.0195196536 	 0.0000475516 	 0.0000480534 	 0.99 
203.5000000000  	 0.0194735962 	 0.0195325373 	 0.0000458478 	 0.0000463305 	 0.99 
204.0000000000  	 0.0194818687 	 0.0195532318 	 0.0000438388 	 0.0000443200 	 0.99 
204.5000000000  	 0.0194977122 	 0.0195743440 	 0.0000416627 	 0.0000417737 	 0.99 
205.0000000000  	 0.0195207355 	 0.0195997219 	 0.0000393982 	 0.0000394364 	 0.99 
205.5000000000  	 0.0195484461 	 0.0196350101 	 0.0000370929 	 0.0000375657 	 0.99 
206.0000000000  	 0.0195790433 	 0.0196710668 	 0.0000348365 	 0.0000353356 	 0.99 
206.5000000000  	 0.0196111752 	 0.0197063281 	 0.0000326796 	 0.0000332286 	 0.99 
207.0000000000  	 0.0196432374 	 0.0197396944 	 0.0000306668 	 0.0000312925 	 0.99 
207.5000000000  	 0.0196736881 	 0.0197699327 	 0.0000288931 	 0.0000295494 	 0.99 
208.0000000000  	 0.0197024768 	 0.0198089990 	 0.0000273745 	 0.0000285534 	 0.99 
208.5000000000  	 0.0197267450 	 0.0198410353 	 0.0000261322 	 0.0000270828 	 0.99 
209.0000000000  	 0.0197451752 	 0.0198651321 	 0.0000252112 	 0.0000258613 	 0.99 
209.5000000000  	 0.0197555863 	 0.0198731540 	 0.0000246285 	 0.0000253818 	 0.99 
210.0000000000  	 0.0197587058 	 0.0198730550 	 0.0000243755 	 0.0000248193 	 0.99 
210.5000000000  	 0.0197541922 	 0.0198647290 	 0.0000244435 	 0.0000246040 	 0.99 
211.0000000000  	 0.0197422350 	 0.0198474233 	 0.0000248162 	 0.0000247337 	 0.99 
211.5000000000  	 0.0197227686 	 0.0198217010 	 0.0000254740 	 0.0000252112 	 0.99 
212.0000000000  	 0.0196962415 	 0.0197883654 	 0.0000263914 	 0.0000260199 	 0.99 
212.5000000000  	 0.0196636126 	 0.0197487872 	 0.0000275208 	 0.0000271065 	 0.99 
213.0000000000  	 0.0196258360 	 0.0197040912 	 0.0000288661 	 0.0000284549 	 0.99 
213.5000000000  	 0.0195840808 	 0.0196556282 	 0.0000302991 	 0.0000300107 	 0.99 
214.0000000000  	 0.0195397707 	 0.0195994804 	 0.0000317939 	 0.0000322590 	 0.99 
214.5000000000  	 0.0194942268 	 0.0195444511 	 0.0000333690 	 0.0000339317 	 0.99 
215.0000000000  	 0.0194488607 	 0.0194918260 	 0.0000349575 	 0.0000355999 	 0.99 
215.5000000000  	 0.0194050144 	 0.0194428803 	 0.0000364743 	 0.0000371801 	 0.99 
216.0000000000  	 0.0193639092 	 0.0193988415 	 0.0000378246 	 0.0000385798 	 0.99 
216.5000000000  	 0.0193264302 	 0.0193623628 	 0.0000389159 	 0.0000395673 	 0.99 
217.0000000000  	 0.0192945126 	 0.0193308409 	 0.0000396417 	 0.0000392650 	 0.99 
217.5000000000  	 0.0192670322 	 0.0193076763 	 0.0000399732 	 0.0000397830 	 0.99 
218.0000000000  	 0.0192450345 	 0.0192933648 	 0.0000399456 	 0.0000398827 	 0.99 
218.5000000000  	 0.0192293411 	 0.0192877982 	 0.0000395703 	 0.0000395800 	 0.99 
219.0000000000  	 0.0192199590 	 0.0192904721 	 0.0000388512 	 0.0000389430 	 0.99 
219.5000000000  	 0.0192166784 	 0.0193003603 	 0.0000378389 	 0.0000379813 	 0.99 
220.0000000000  	 0.0192194994 	 0.0193120281 	 0.0000366080 	 0.0000366077 	 0.99 
220.5000000000  	 0.0192286481 	 0.0193284890 	 0.0000352450 	 0.0000352388 	 0.99 
221.0000000000  	 0.0192444427 	 0.0193484921 	 0.0000338005 	 0.0000337974 	 0.99 
221.5000000000  	 0.0192655941 	 0.0193708046 	 0.0000322846 	 0.0000323394 	 0.99 
222.0000000000  	 0.0192899638 	 0.0193942323 	 0.0000307747 	 0.0000309098 	 0.99 
222.5000000000  	 0.0193155386 	 0.0194265550 	 0.0000292899 	 0.0000300481 	 0.99 
223.0000000000  	 0.0193413852 	 0.0194577347 	 0.0000278995 	 0.0000287458 	 0.99 
223.5000000000  	 0.0193663129 	 0.0194866840 	 0.0000266264 	 0.0000275278 	 0.99 
224.0000000000  	 0.0193891098 	 0.0195123549 	 0.0000255053 	 0.0000264117 	 0.99 
224.5000000000  	 0.0194100167 	 0.0195475171 	 0.0000245411 	 0.0000258595 	 0.99 
225.0000000000  	 0.0194268290 	 0.0195754498 	 0.0000237994 	 0.0000248124 	 0.99 
225.5000000000  	 0.0194374384 	 0.0195880113 	 0.0000232640 	 0.0000244297 	 0.99 
226.0000000000  	 0.0194426117 	 0.0195931050 	 0.0000229568 	 0.0000238085 	 0.99 
226.5000000000  	 0.0194414502 	 0.0195905591 	 0.0000229053 	 0.0000234315 	 0.99 
227.0000000000  	 0.0194335247 	 0.0195804122 	 0.0000230981 	 0.0000233084 	 0.99 
227.5000000000  	 0.0194194661 	 0.0195620630 	 0.0000234851 	 0.0000234537 	 0.99 
228.0000000000  	 0.0193997931 	 0.0195361813 	 0.0000240332 	 0.0000238667 	 0.99 
228.5000000000  	 0.0193750931 	 0.0195039996 	 0.0000247434 	 0.0000245031 	 0.99 
229.0000000000  	 0.0193462993 	 0.0194664958 	 0.0000255998 	 0.0000253607 	 0.99 
229.5000000000  	 0.0193144395 	 0.0194179296 	 0.0000265058 	 0.0000269885 	 0.99 
230.0000000000  	 0.0192804627 	 0.0193685804 	 0.0000274435 	 0.0000280685 	 0.99 
230.5000000000  	 0.0192454087 	 0.0193195232 	 0.0000284570 	 0.0000292135 	 0.99 
231.0000000000  	 0.0192103269 	 0.0192719464 	 0.0000294997 	 0.0000303763 	 0.99 
231.5000000000  	 0.0191762224 	 0.0192270650 	 0.0000305191 	 0.0000315005 	 0.99 
232.0000000000  	 0.0191440078 	 0.0191860403 	 0.0000314544 	 0.0000324985 	 0.99 
232.5000000000  	 0.0191143257 	 0.0191500294 	 0.0000322329 	 0.0000333434 	 0.99 
233.0000000000  	 0.0190874872 	 0.0191199233 	 0.0000328023 	 0.0000339753 	 0.99 
233.5000000000  	 0.0190649785 	 0.0190964962 	 0.0000331236 	 0.0000331330 	 0.99 
234.0000000000  	 0.0190460146 	 0.0190808052 	 0.0000332009 	 0.0000333783 	 0.99 
234.5000000000  	 0.0190308307 	 0.0190729585 	 0.0000330376 	 0.0000333393 	 0.99 
235.0000000000  	 0.0190202982 	 0.0190725360 	 0.0000326828 	 0.0000330371 	 0.99 
235.5000000000  	 0.0190155445 	 0.0190750153 	 0.0000321634 	 0.0000323829 	 0.99 
236.0000000000  	 0.0190159418 	 0.0190828735 	 0.0000314737 	 0.0000316469 	 0.99 
236.5000000000  	 0.0190209571 	 0.0190950470 	 0.0000306555 	 0.0000307956 	 0.99 
237.0000000000  	 0.0190313551 	 0.0191104471 	 0.0000297700 	 0.0000298728 	 0.99 
237.5000000000  	 0.0190475309 	 0.0191279961 	 0.0000288389 	 0.0000289197 	 0.99 
238.0000000000  	 0.0190673215 	 0.0191468771 	 0.0000278706 	 0.0000279690 	 0.99 
238.5000000000  	 0.0190889226 	 0.0191748002 	 0.0000269058 	 0.0000275346 	 0.99 
239.0000000000  	 0.0191115009 	 0.0192019515 	 0.0000259561 	 0.0000266246 	 0.99 
239.5000000000  	 0.0191339886 	 0.0192273514 	 0.0000250545 	 0.0000257489 	 0.99 
240.0000000000  	 0.0191552639 	 0.0192500782 	 0.0000242312 	 0.0000249204 	 0.99 
240.5000000000  	 0.0191754515 	 0.0192830133 	 0.0000234885 	 0.0000246127 	 0.99 
241.0000000000  	 0.0191924970 	 0.0193097028 	 0.0000228937 	 0.0000237315 	 0.99 
241.5000000000  	 0.0192042145 	 0.0193222367 	 0.0000224316 	 0.0000234770 	 0.99 
242.0000000000  	 0.0192107071 	 0.0193284223 	 0.0000221551 	 0.0000228628 	 0.99 
242.5000000000  	 0.0192110888 	 0.0193281205 	 0.0000220653 	 0.0000224219 	 0.99 
243.0000000000  	 0.0192055080 	 0.0193213533 	 0.0000221264 	 0.0000221674 	 0.99 
243.5000000000  	 0.0191944527 	 0.0193074550 	 0.0000223285 	 0.0000221190 	 0.99 
244.0000000000  	 0.0191782819 	 0.0192869759 	 0.0000226426 	 0.0000222834 	 0.99 
244.5000000000  	 0.0191574332 	 0.0192609872 	 0.0000230768 	 0.0000226241 	 0.99 
245.0000000000  	 0.0191324861 	 0.0192219213 	 0.0000236418 	 0.0000237270 	 0.99 
245.5000000000  	 0.0191043859 	 0.0191812757 	 0.0000242911 	 0.0000243589 	 0.99 
246.0000000000  	 0.0190740865 	 0.0191398481 	 0.0000249326 	 0.0000250877 	 0.99 
246.5000000000  	 0.0190425969 	 0.0190985008 	 0.0000255596 	 0.0000258797 	 0.99 
247.0000000000  	 0.0190108331 	 0.0190581457 	 0.0000262303 	 0.0000266979 	 0.99 
247.5000000000  	 0.0189796825 	 0.0190197898 	 0.0000269061 	 0.0000274796 	 0.99 
248.0000000000  	 0.0189498726 	 0.0189845688 	 0.0000275400 	 0.0000282206 	 0.99 
248.5000000000  	 0.0189218188 	 0.0189533798 	 0.0000280851 	 0.0000288718 	 0.99 
249.0000000000  	 0.0188960804 	 0.0189270029 	 0.0000285130 	 0.0000293927 	 0.99 
249.5000000000  	 0.0188730804 	 0.0189061133 	 0.0000287982 	 0.0000297538 	 0.99 
250.0000000000  	 0.0188541163 	 0.0188916051 	 0.0000289104 	 0.0000286976 	 0.99 
250.5000000000  	 0.0188382439 	 0.0188838758 	 0.0000288660 	 0.0000288323 	 0.99 
251.0000000000  	 0.0188263324 	 0.0188827185 	 0.0000287030 	 0.0000287794 	 0.99 
251.5000000000  	 0.0188194827 	 0.0188840820 	 0.0000284348 	 0.0000284762 	 0.99 
252.0000000000  	 0.0188171875 	 0.0188903271 	 0.0000280409 	 0.0000280519 	 0.99 
252.5000000000  	 0.0188191458 	 0.0189006099 	 0.0000275440 	 0.0000275714 	 0.99 
253.0000000000  	 0.0188260980 	 0.0189139984 	 0.0000269974 	 0.0000270259 	 0.99 
253.5000000000  	 0.0188385764 	 0.0189295534 	 0.0000264048 	 0.0000264436 	 0.99 
254.0000000000  	 0.0188545999 	 0.0189465613 	 0.0000257668 	 0.0000258456 	 0.99 
254.5000000000  	 0.0188725193 	 0.0189641823 	 0.0000251259 	 0.0000252465 	 0.99 
255.0000000000  	 0.0188916422 	 0.0189907106 	 0.0000244509 	 0.0000251481 	 0.99 
255.5000000000  	 0.0189111343 	 0.0190157040 	 0.0000237860 	 0.0000245382 	 0.99 
256.0000000000  	 0.0189300288 	 0.0190383414 	 0.0000231571 	 0.0000239327 	 0.99 
256.5000000000  	 0.0189473322 	 0.0190578838 	 0.0000225890 	 0.0000233407 	 0.99 
257.0000000000  	 0.0189620884 	 0.0190805499 	 0.0000220856 	 0.0000236291 	 0.99 
257.5000000000  	 0.0189731489 	 0.0190972578 	 0.0000217220 	 0.0000229117 	 0.99 
258.0000000000  	 0.0189793236 	 0.0191076833 	 0.0000214740 	 0.0000223123 	 0.99 
258.5000000000  	 0.0189805460 	 0.0191116658 	 0.0000213381 	 0.0000218452 	 0.99 
259.0000000000  	 0.0189768564 	 0.0191092154 	 0.0000213138 	 0.0000215198 	 0.99 
259.5000000000  	 0.0189684168 	 0.0191005015 	 0.0000213974 	 0.0000213478 	 0.99 
260.0000000000  	 0.0189556738 	 0.0190854096 	 0.0000215758 	 0.0000213230 	 0.99 
260.5000000000  	 0.0189387497 	 0.0190548525 	 0.0000218532 	 0.0000219909 	 0.99 
261.0000000000  	 0.0189185123 	 0.0190215217 	 0.0000222081 	 0.0000222954 	 0.99 
261.5000000000  	 0.0188955139 	 0.0189860738 	 0.0000226306 	 0.0000227128 	 0.99 
262.0000000000  	 0.0188703947 	 0.0189492632 	 0.0000231080 	 0.0000232206 	 0.99 
262.5000000000  	 0.0188440260 	 0.0189119434 	 0.0000235507 	 0.0000237904 	 0.99 
263.0000000000  	 0.0188173040 	 0.0188750753 	 0.0000239562 	 0.0000243679 	 0.99 
263.5000000000  	 0.0187911628 	 0.0188397112 	 0.0000243956 	 0.0000249588 	 0.99 
264.0000000000  	 0.0187660427 	 0.0188067350 	 0.0000248239 	 0.0000255311 	 0.99 
264.5000000000  	 0.0187422839 	 0.0187770217 	 0.0000252084 	 0.0000260529 	 0.99 
265.0000000000  	 0.0187203759 	 0.0187513453 	 0.0000255277 	 0.0000264928 	 0.99 
265.5000000000  	 0.0187006929 	 0.0187304013 	 0.0000257644 	 0.0000268275 	 0.99 
266.0000000000  	 0.0186835024 	 0.0187148106 	 0.0000259056 	 0.0000270423 	 0.99 
266.5000000000  	 0.0186689895 	 0.0187049303 	 0.0000259461 	 0.0000271284 	 0.99 
267.0000000000  	 0.0186582557 	 0.0187019763 	 0.0000258710 	 0.0000258451 	 0.99 
267.5000000000  	 0.0186513836 	 0.0187012126 	 0.0000257404 	 0.0000257561 	 0.99 
268.0000000000  	 0.0186487618 	 0.0187050240 	 0.0000255536 	 0.0000255451 	 0.99 
268.5000000000  	 0.0186501170 	 0.0187126418 	 0.0000252860 	 0.0000252572 	 0.99 
269.0000000000  	 0.0186550827 	 0.0187232668 	 0.0000249503 	 0.0000249134 	 0.99 
269.5000000000  	 0.0186637833 	 0.0187360838 	 0.0000246134 	 0.0000245688 	 0.99 
270.0000000000  	 0.0186758729 	 0.0187504174 	 0.0000242555 	 0.0000241980 	 0.99 
270.5000000000  	 0.0186905881 	 0.0187654325 	 0.0000238428 	 0.0000238146 	 0.99 
271.0000000000  	 0.0187070200 	 0.0187803174 	 0.0000233910 	 0.0000234247 	 0.99 
271.5000000000  	 0.0187245563 	 0.0188040822 	 0.0000229039 	 0.0000235020 	 0.99 
272.0000000000  	 0.0187421775 	 0.0188257544 	 0.0000224231 	 0.0000230488 	 0.99 
272.5000000000  	 0.0187589268 	 0.0188446928 	 0.0000219690 	 0.0000225839 	 0.99 
273.0000000000  	 0.0187730015 	 0.0188603223 	 0.0000215825 	 0.0000221205 	 0.99 
273.5000000000  	 0.0187829023 	 0.0188788651 	 0.0000212685 	 0.0000224637 	 0.99 
274.0000000000  	 0.0187888027 	 0.0188915456 	 0.0000210446 	 0.0000218745 	 0.99 
274.5000000000  	 0.0187905232 	 0.0188982070 	 0.0000208842 	 0.0000213896 	 0.99 
275.0000000000  	 0.0187879690 	 0.0188988337 	 0.0000208090 	 0.0000210220 	 0.99 
275.5000000000  	 0.0187811795 	 0.0188935657 	 0.0000208160 	 0.0000207782 	 0.99 
276.0000000000  	 0.0187703395 	 0.0188826992 	 0.0000209010 	 0.0000206675 	 0.99 
276.5000000000  	 0.0187556185 	 0.0188564188 	 0.0000210657 	 0.0000211755 	 0.99 
277.0000000000  	 0.0187377990 	 0.0188274899 	 0.0000212922 	 0.0000213352 	 0.99 
277.5000000000  	 0.0187173181 	 0.0187964964 	 0.0000215745 	 0.0000215960 	 0.99 
278.0000000000  	 0.0186947095 	 0.0187641138 	 0.0000219038 	 0.0000219407 	 0.99 
278.5000000000  	 0.0186705882 	 0.0187310879 	 0.0000222695 	 0.0000223487 	 0.99 
279.0000000000  	 0.0186456206 	 0.0186983008 	 0.0000226585 	 0.0000227706 	 0.99 
279.5000000000  	 0.0186209128 	 0.0186667102 	 0.0000229884 	 0.0000232153 	 0.99 
280.0000000000  	 0.0185970784 	 0.0186370427 	 0.0000232422 	 0.0000236563 	 0.99 
280.5000000000  	 0.0185743982 	 0.0186100869 	 0.0000234855 	 0.0000240728 	 0.99 
281.0000000000  	 0.0185533123 	 0.0185865960 	 0.0000236984 	 0.0000244425 	 0.99 
281.5000000000  	 0.0185341611 	 0.0185671937 	 0.0000238651 	 0.0000247439 	 0.99 
282.0000000000  	 0.0185171900 	 0.0185523705 	 0.0000239765 	 0.0000249644 	 0.99 
282.5000000000  	 0.0185025709 	 0.0185424564 	 0.0000240281 	 0.0000250988 	 0.99 
283.0000000000  	 0.0184904105 	 0.0185375590 	 0.0000240169 	 0.0000251436 	 0.99 
283.5000000000  	 0.0184820749 	 0.0185358907 	 0.0000239335 	 0.0000238182 	 0.99 
284.0000000000  	 0.0184769970 	 0.0185385354 	 0.0000238255 	 0.0000237527 	 0.99 
284.5000000000  	 0.0184758480 	 0.0185448588 	 0.0000236909 	 0.0000236223 	 0.99 
285.0000000000  	 0.0184782886 	 0.0185541713 	 0.0000234989 	 0.0000234414 	 0.99 
285.5000000000  	 0.0184839108 	 0.0185657116 	 0.0000232568 	 0.0000232229 	 0.99 
286.0000000000  	 0.0184926852 	 0.0185787564 	 0.0000230166 	 0.0000230161 	 0.99 
286.5000000000  	 0.0185044795 	 0.0185925065 	 0.0000227733 	 0.0000227879 	 0.99 
287.0000000000  	 0.0185184227 	 0.0186062463 	 0.0000224749 	 0.0000225415 	 0.99 
287.5000000000  	 0.0185338534 	 0.0186288970 	 0.0000221237 	 0.0000227378 	 0.99 
288.0000000000  	 0.0185498800 	 0.0186497521 	 0.0000217582 	 0.0000224030 	 0.99 
288.5000000000  	 0.0185656079 	 0.0186681988 	 0.0000213981 	 0.0000220373 	 0.99 
289.0000000000  	 0.0185792632 	 0.0186836772 	 0.0000210813 	 0.0000216523 	 0.99 
289.5000000000  	 0.0185892376 	 0.0187024691 	 0.0000208103 	 0.0000221204 	 0.99 
290.0000000000  	 0.0185958123 	 0.0187157698 	 0.0000206064 	 0.0000215519 	 0.99 
290.5000000000  	 0.0185987634 	 0.0187233867 	 0.0000204432 	 0.0000210639 	 0.99 
291.0000000000  	 0.0185979473 	 0.0187252476 	 0.0000203447 	 0.0000206744 	 0.99 
291.5000000000  	 0.0185933399 	 0.0187214081 	 0.0000203100 	 0.0000203987 	 0.99 
292.0000000000  	 0.0185846138 	 0.0187011896 	 0.0000203503 	 0.0000206271 	 0.99 
292.5000000000  	 0.0185727555 	 0.0186777004 	 0.0000204414 	 0.0000206202 	 0.99 
293.0000000000  	 0.0185580017 	 0.0186514230 	 0.0000205817 	 0.0000207069 	 0.99 
293.5000000000  	 0.0185406967 	 0.0186229190 	 0.0000207682 	 0.0000208802 	 0.99 
294.0000000000  	 0.0185212801 	 0.0185928367 	 0.0000209955 	 0.0000211288 	 0.99 
294.5000000000  	 0.0185002630 	 0.0185620331 	 0.0000212563 	 0.0000214095 	 0.99 
295.0000000000  	 0.0184783677 	 0.0185314159 	 0.0000215530 	 0.0000217397 	 0.99 
295.5000000000  	 0.0184562271 	 0.0185016254 	 0.0000218607 	 0.0000220927 	 0.99 
296.0000000000  	 0.0184344690 	 0.0184733439 	 0.0000220894 	 0.0000224490 	 0.99 
296.5000000000  	 0.0184136245 	 0.0184472599 	 0.0000222374 	 0.0000227916 	 0.99 
297.0000000000  	 0.0183941040 	 0.0184241013 	 0.0000223795 	 0.0000231063 	 0.99 
297.5000000000  	 0.0183762330 	 0.0184045319 	 0.0000225020 	 0.0000233772 	 0.99 
298.0000000000  	 0.0183602541 	 0.0183890644 	 0.0000225945 	 0.0000235892 	 0.99 
298.5000000000  	 0.0183463344 	 0.0183780492 	 0.0000226520 	 0.0000237352 	 0.99 
299.0000000000  	 0.0183345753 	 0.0183716749 	 0.0000226725 	 0.0000238151 	 0.99 
299.5000000000  	 0.0183263481 	 0.0183682090 	 0.0000226432 	 0.0000225547 	 0.99 
# end of calculation 2019_08_27_13_53_00 
# time difference 00_00_00_00_01_-18 -- in Minutes 1 in Seconds 42 
