## Date: 27.8.2019 -- Time: 14:12:7  
## Gamma_l=0.5000000000 - Gamma_m=0.0000000000 - Gamma_r=0.5000000000 
## phi_l=2.3561944902 - phi_m=0.0000000000 - phi_r=0.0000000000 
## init_000=0.00 - init_001=0.00 - init_010=0.00 - init_011=1.00 
## dt=0.500000 - t_end=600 - fb=25 - cutoff=0.000001000000 -- Nbin=2 
0.0000000000 	0.0000000000 	0.0000000000 	0.0000000000 	1.0000000000 	1.0000000000 	
0.5000000000 	0.0528304930 	0.1770183650 	0.1770183650 	0.5931327968 	1.0000000198 	
1.0000000000 	0.1655409253 	0.2413262959 	0.2413262959 	0.3518065146 	1.0000000316 	
1.5000000000 	0.2950641786 	0.2481339390 	0.2481339390 	0.2086679819 	1.0000000386 	
2.0000000000 	0.4201548106 	0.2280387042 	0.2280387042 	0.1237678237 	1.0000000427 	
2.5000000000 	0.5315223922 	0.1975334488 	0.1975334488 	0.0734107554 	1.0000000452 	
3.0000000000 	0.6262063895 	0.1651256652 	0.1651256652 	0.0435423267 	1.0000000466 	
3.5000000000 	0.7044146397 	0.1348795129 	0.1348795129 	0.0258263820 	1.0000000475 	
4.0000000000 	0.7677828612 	0.1084493563 	0.1084493563 	0.0153184742 	1.0000000480 	
4.5000000000 	0.8184460628 	0.0862340480 	0.0862340480 	0.0090858894 	1.0000000483 	
5.0000000000 	0.8585676679 	0.0680216208 	0.0680216208 	0.0053891390 	1.0000000485 	
5.5000000000 	0.8901217610 	0.0533409063 	0.0533409063 	0.0031964751 	1.0000000486 	
6.0000000000 	0.9148113239 	0.0416463953 	0.0416463953 	0.0018959342 	1.0000000487 	
6.5000000000 	0.9340562389 	0.0324096345 	0.0324096345 	0.0011245408 	1.0000000487 	
7.0000000000 	0.9490142832 	0.0251593817 	0.0251593817 	0.0006670020 	1.0000000487 	
7.5000000000 	0.9606152311 	0.0194945985 	0.0194945985 	0.0003956208 	1.0000000487 	
8.0000000000 	0.9695977539 	0.0150838196 	0.0150838196 	0.0002346557 	1.0000000488 	
8.5000000000 	0.9765441479 	0.0116583594 	0.0116583594 	0.0001391820 	1.0000000488 	
9.0000000000 	0.9819108219 	0.0090033367 	0.0090033367 	0.0000825534 	1.0000000488 	
9.5000000000 	0.9860539964 	0.0069485436 	0.0069485436 	0.0000489651 	1.0000000488 	
10.0000000000 	0.9892508127 	0.0053600966 	0.0053600966 	0.0000290428 	1.0000000488 	
10.5000000000 	0.9917163711 	0.0041332257 	0.0041332257 	0.0000172262 	1.0000000488 	
11.0000000000 	0.9936173155 	0.0031862579 	0.0031862579 	0.0000102175 	1.0000000488 	
11.5000000000 	0.9950825707 	0.0024557089 	0.0024557089 	0.0000060603 	1.0000000488 	
12.0000000000 	0.9962117746 	0.0018923398 	0.0018923398 	0.0000035946 	1.0000000488 	
12.5000000000 	0.9970818687 	0.0014580240 	0.0014580240 	0.0000021321 	1.0000000488 	
13.0000000000 	0.9714904207 	0.0141774636 	0.0141774633 	0.0001547013 	1.0000000488 	
13.5000000000 	0.9185845694 	0.0398939392 	0.0398930207 	0.0016070078 	0.9999785372 	
14.0000000000 	0.8627556059 	0.0661517401 	0.0661487955 	0.0049068900 	0.9999630315 	
14.5000000000 	0.8154301722 	0.0876306863 	0.0876281408 	0.0092503324 	0.9999393317 	
15.0000000000 	0.7806400853 	0.1029281223 	0.1029279473 	0.0134297550 	0.9999259099 	
15.5000000000 	0.7586333719 	0.1123681069 	0.1123733724 	0.0165404384 	0.9999152897 	
16.0000000000 	0.7479907210 	0.1168579330 	0.1168675774 	0.0181905439 	0.9999067754 	
16.5000000000 	0.7467089023 	0.1173813169 	0.1173935869 	0.0184160542 	0.9998998603 	
17.0000000000 	0.7527149320 	0.1148315038 	0.1148446528 	0.0175031732 	0.9998942618 	
17.5000000000 	0.7640966165 	0.1099794077 	0.1099877010 	0.0158259404 	0.9998896654 	
18.0000000000 	0.7791797387 	0.1034793960 	0.1034823280 	0.0137444030 	0.9998858657 	
18.5000000000 	0.7965624040 	0.0958871726 	0.0958871320 	0.0115459944 	0.9998827030 	
19.0000000000 	0.8151257903 	0.0876656090 	0.0876552136 	0.0094318043 	0.9998784172 	
19.5000000000 	0.8339735743 	0.0791977289 	0.0791803597 	0.0075239858 	0.9998756487 	
20.0000000000 	0.8524394016 	0.0707874310 	0.0707656966 	0.0058802634 	0.9998727927 	
20.5000000000 	0.8700532478 	0.0626634935 	0.0626399688 	0.0045145039 	0.9998712140 	
21.0000000000 	0.8864980816 	0.0549918072 	0.0549680098 	0.0034121578 	0.9998700564 	
21.5000000000 	0.9015853734 	0.0478816725 	0.0478586642 	0.0025434801 	0.9998691902 	
22.0000000000 	0.9152265953 	0.0413954131 	0.0413738594 	0.0018726622 	0.9998685299 	
22.5000000000 	0.9274083444 	0.0355579204 	0.0355381947 	0.0013635582 	0.9998680176 	
23.0000000000 	0.9381712771 	0.0303655484 	0.0303478154 	0.0009829730 	0.9998676139 	
23.5000000000 	0.9475927774 	0.0257940103 	0.0257782920 	0.0007022114 	0.9998672911 	
24.0000000000 	0.9557731498 	0.0218050716 	0.0217912969 	0.0004975118 	0.9998670301 	
24.5000000000 	0.9628249758 	0.0183519863 	0.0183400272 	0.0003498275 	0.9998668169 	
25.0000000000 	0.9688651906 	0.0153837364 	0.0153734343 	0.0002442800 	0.9998666413 	
25.5000000000 	0.9739645208 	0.0128495463 	0.0128852904 	0.0001670020 	0.9998663594 	
26.0000000000 	0.9772627533 	0.0111903580 	0.0113067786 	0.0001033886 	0.9998632785 	
26.5000000000 	0.9772390411 	0.0111917674 	0.0113565664 	0.0000493688 	0.9998367438 	
27.0000000000 	0.9729921600 	0.0133057215 	0.0134992700 	0.0000264059 	0.9998235574 	
27.5000000000 	0.9644740797 	0.0175268544 	0.0177094496 	0.0000824950 	0.9997928788 	
28.0000000000 	0.9524556714 	0.0234360050 	0.0235973668 	0.0002755282 	0.9997645713 	
28.5000000000 	0.9380869185 	0.0304254216 	0.0305641394 	0.0006474420 	0.9997239215 	
29.0000000000 	0.9226902369 	0.0378453954 	0.0379585440 	0.0012044706 	0.9996986468 	
29.5000000000 	0.9074760020 	0.0451004163 	0.0451899207 	0.0019115897 	0.9996779287 	
30.0000000000 	0.8934503298 	0.0517213566 	0.0517885399 	0.0027012835 	0.9996615099 	
30.5000000000 	0.8813303082 	0.0573761493 	0.0574240316 	0.0034901793 	0.9996206685 	
31.0000000000 	0.8715943514 	0.0618679787 	0.0619014555 	0.0041973570 	0.9995611426 	
31.5000000000 	0.8645108124 	0.0651175378 	0.0651373050 	0.0047585653 	0.9995242205 	
32.0000000000 	0.8601193883 	0.0671258763 	0.0671306379 	0.0051336307 	0.9995095332 	
32.5000000000 	0.8582796518 	0.0679559022 	0.0679520288 	0.0053089099 	0.9994964927 	
33.0000000000 	0.8587741759 	0.0677127736 	0.0677050039 	0.0052931491 	0.9994851025 	
33.5000000000 	0.8613188422 	0.0665272032 	0.0665179005 	0.0051113674 	0.9994753133 	
34.0000000000 	0.8655961465 	0.0645436495 	0.0645291240 	0.0047979956 	0.9994669156 	
34.5000000000 	0.8712672679 	0.0619086381 	0.0618918891 	0.0043922614 	0.9994600565 	
35.0000000000 	0.8780064492 	0.0587664776 	0.0587497902 	0.0039315596 	0.9994542765 	
35.5000000000 	0.8855085995 	0.0552535353 	0.0552385326 	0.0034487142 	0.9994493816 	
36.0000000000 	0.8934977606 	0.0514947486 	0.0514824563 	0.0029702511 	0.9994452167 	
36.5000000000 	0.9017320346 	0.0476015631 	0.0475922004 	0.0025158799 	0.9994416779 	
37.0000000000 	0.9100136273 	0.0436710326 	0.0436561354 	0.0020979681 	0.9994387633 	
37.5000000000 	0.9181867593 	0.0397836383 	0.0397396027 	0.0017243229 	0.9994343232 	
38.0000000000 	0.9261019295 	0.0359974711 	0.0359339258 	0.0013985388 	0.9994318651 	
38.5000000000 	0.9336619424 	0.0323700385 	0.0322793103 	0.0011185036 	0.9994297948 	
39.0000000000 	0.9407389466 	0.0289727715 	0.0288397144 	0.0008758305 	0.9994272631 	
39.5000000000 	0.9471580829 	0.0258886030 	0.0257076674 	0.0006683645 	0.9994227179 	
40.0000000000 	0.9526524065 	0.0232453014 	0.0230197307 	0.0004925222 	0.9994099608 	
40.5000000000 	0.9569449842 	0.0211760623 	0.0209174087 	0.0003442353 	0.9993826904 	
41.0000000000 	0.9597714338 	0.0198076168 	0.0195329211 	0.0002223769 	0.9993343487 	
41.5000000000 	0.9609822952 	0.0192316426 	0.0189629722 	0.0001297998 	0.9993067097 	
42.0000000000 	0.9604781229 	0.0194839903 	0.0192378560 	0.0000728723 	0.9992728415 	
42.5000000000 	0.9583830951 	0.0204885168 	0.0203285856 	0.0000597784 	0.9992599759 	
43.0000000000 	0.9547574687 	0.0222391567 	0.0221389160 	0.0000980577 	0.9992335991 	
43.5000000000 	0.9498354630 	0.0246195521 	0.0245442446 	0.0001943809 	0.9991936405 	
44.0000000000 	0.9439881245 	0.0274300144 	0.0273824440 	0.0003502053 	0.9991507881 	
44.5000000000 	0.9375807464 	0.0304946387 	0.0304745916 	0.0005611377 	0.9991111144 	
45.0000000000 	0.9309805982 	0.0336411243 	0.0336477830 	0.0008167872 	0.9990862927 	
45.5000000000 	0.9245090546 	0.0367090994 	0.0367394290 	0.0011015301 	0.9990591131 	
46.0000000000 	0.9184679207 	0.0395597524 	0.0396060558 	0.0013963786 	0.9990301075 	
46.5000000000 	0.9130888054 	0.0420789191 	0.0421361121 	0.0016814941 	0.9989853307 	
47.0000000000 	0.9085762560 	0.0441834706 	0.0442456493 	0.0019384569 	0.9989438328 	
47.5000000000 	0.9050472557 	0.0458122373 	0.0458785925 	0.0021518499 	0.9988899354 	
48.0000000000 	0.9025940717 	0.0469411405 	0.0470068696 	0.0023110397 	0.9988531215 	
48.5000000000 	0.9012216973 	0.0475604650 	0.0476239175 	0.0024101803 	0.9988162601 	
49.0000000000 	0.9009160932 	0.0476818547 	0.0477419596 	0.0024483972 	0.9987883047 	
49.5000000000 	0.9016218555 	0.0473333177 	0.0473893389 	0.0024287143 	0.9987732265 	
50.0000000000 	0.9032486269 	0.0465519327 	0.0466043813 	0.0023572638 	0.9987622047 	
50.5000000000 	0.9056936401 	0.0453830044 	0.0454340865 	0.0022427462 	0.9987534771 	
51.0000000000 	0.9088458527 	0.0438769422 	0.0439290975 	0.0020944749 	0.9987463673 	
51.5000000000 	0.9125882820 	0.0420852121 	0.0421449951 	0.0019218027 	0.9987402921 	
52.0000000000 	0.9168071287 	0.0400599469 	0.0401351340 	0.0017327865 	0.9987349961 	
52.5000000000 	0.9213779054 	0.0378657343 	0.0379513601 	0.0015349828 	0.9987299826 	
53.0000000000 	0.9261844662 	0.0355394028 	0.0356671897 	0.0013316866 	0.9987227453 	
53.5000000000 	0.9310850850 	0.0331923225 	0.0333020446 	0.0011326959 	0.9987121479 	
54.0000000000 	0.9358834301 	0.0308886915 	0.0309840908 	0.0009434043 	0.9986996167 	
54.5000000000 	0.9404441279 	0.0286887704 	0.0287831111 	0.0007660496 	0.9986820590 	
55.0000000000 	0.9446056580 	0.0266771899 	0.0267675072 	0.0006030707 	0.9986534259 	
55.5000000000 	0.9482141227 	0.0249325569 	0.0250028300 	0.0004567883 	0.9986062980 	
56.0000000000 	0.9511736900 	0.0235212357 	0.0235624036 	0.0003305034 	0.9985878328 	
56.5000000000 	0.9532977950 	0.0224890305 	0.0224967102 	0.0002266648 	0.9985102004 	
57.0000000000 	0.9545896252 	0.0218656270 	0.0218425626 	0.0001471858 	0.9984450006 	
57.5000000000 	0.9550095734 	0.0216726105 	0.0216170616 	0.0000940841 	0.9983933297 	
58.0000000000 	0.9545402940 	0.0218704121 	0.0218036119 	0.0000681144 	0.9982824324 	
58.5000000000 	0.9533434827 	0.0224397363 	0.0223802023 	0.0000707263 	0.9982341475 	
59.0000000000 	0.9514582470 	0.0233707043 	0.0232696764 	0.0001020892 	0.9982007169 	
59.5000000000 	0.9489855683 	0.0245842809 	0.0244378952 	0.0001627088 	0.9981704532 	
60.0000000000 	0.9460664241 	0.0260040611 	0.0258156147 	0.0002497712 	0.9981358710 	
60.5000000000 	0.9428903765 	0.0275231697 	0.0273252975 	0.0003586987 	0.9980975423 	
61.0000000000 	0.9395826432 	0.0290944695 	0.0288927259 	0.0004839292 	0.9980537678 	
61.5000000000 	0.9363053448 	0.0306476987 	0.0304463886 	0.0006188499 	0.9980182819 	
62.0000000000 	0.9331821358 	0.0321180051 	0.0319211445 	0.0007562898 	0.9979775752 	
62.5000000000 	0.9303465851 	0.0334492766 	0.0332602482 	0.0008891356 	0.9979452455 	
63.0000000000 	0.9278900712 	0.0345942231 	0.0344167772 	0.0010109053 	0.9979119767 	
63.5000000000 	0.9258755423 	0.0355177646 	0.0353554642 	0.0011160658 	0.9978648369 	
64.0000000000 	0.9243902273 	0.0361912495 	0.0360486360 	0.0012004182 	0.9978305310 	
64.5000000000 	0.9234549379 	0.0365994891 	0.0364777386 	0.0012610669 	0.9977932326 	
65.0000000000 	0.9230975842 	0.0367337055 	0.0366336500 	0.0012948207 	0.9977597604 	
65.5000000000 	0.9233296050 	0.0365925168 	0.0365161392 	0.0013018304 	0.9977400914 	
66.0000000000 	0.9241273673 	0.0361855488 	0.0361326145 	0.0012833553 	0.9977288859 	
66.5000000000 	0.9254409461 	0.0355343416 	0.0354966889 	0.0012403372 	0.9977123138 	
67.0000000000 	0.9271981959 	0.0346862084 	0.0346468635 	0.0011721017 	0.9977033694 	
67.5000000000 	0.9293737725 	0.0336254159 	0.0336065483 	0.0010899284 	0.9976956651 	
68.0000000000 	0.9318676080 	0.0324254779 	0.0324034069 	0.0009925313 	0.9976890241 	
68.5000000000 	0.9346171462 	0.0311272861 	0.0310461180 	0.0008873149 	0.9976778651 	
69.0000000000 	0.9375048881 	0.0297487255 	0.0296344655 	0.0007775602 	0.9976656394 	
69.5000000000 	0.9404201486 	0.0283474866 	0.0282150018 	0.0006665853 	0.9976492223 	
70.0000000000 	0.9432552595 	0.0269784354 	0.0268339110 	0.0005575358 	0.9976251418 	
70.5000000000 	0.9459096345 	0.0256923174 	0.0255344709 	0.0004532770 	0.9975896998 	
71.0000000000 	0.9482963781 	0.0245331455 	0.0243526474 	0.0003568712 	0.9975390423 	
71.5000000000 	0.9503516292 	0.0235342136 	0.0233264761 	0.0002710766 	0.9974833955 	
72.0000000000 	0.9519685707 	0.0227250575 	0.0224869386 	0.0001976013 	0.9973781681 	
72.5000000000 	0.9531920684 	0.0221115977 	0.0218653311 	0.0001376216 	0.9973066188 	
73.0000000000 	0.9539370939 	0.0217141356 	0.0214782694 	0.0000937018 	0.9972232008 	
73.5000000000 	0.9542338754 	0.0215405886 	0.0213282234 	0.0000666038 	0.9971692911 	
74.0000000000 	0.9540565209 	0.0215876676 	0.0214082778 	0.0000564233 	0.9971088896 	
74.5000000000 	0.9534740739 	0.0218252086 	0.0217022162 	0.0000618936 	0.9970633923 	
75.0000000000 	0.9525150757 	0.0222603204 	0.0221684513 	0.0000822178 	0.9970260652 	
75.5000000000 	0.9512134215 	0.0228591945 	0.0227919204 	0.0001170531 	0.9969815896 	
76.0000000000 	0.9496621699 	0.0235839349 	0.0235370191 	0.0001642740 	0.9969473978 	
76.5000000000 	0.9479307437 	0.0243934829 	0.0243653129 	0.0002214247 	0.9969109643 	
77.0000000000 	0.9461045346 	0.0252466025 	0.0252372374 	0.0002855766 	0.9968739511 	
77.5000000000 	0.9442669907 	0.0261030213 	0.0261134986 	0.0003536253 	0.9968371359 	
78.0000000000 	0.9424980834 	0.0269246650 	0.0269562540 	0.0004222810 	0.9968012834 	
78.5000000000 	0.9408715735 	0.0276766085 	0.0277306340 	0.0004883381 	0.9967671541 	
79.0000000000 	0.9394534538 	0.0283271306 	0.0284059092 	0.0005488189 	0.9967353125 	
79.5000000000 	0.9382833818 	0.0288633919 	0.0289582352 	0.0006008882 	0.9967058971 	
80.0000000000 	0.9374307809 	0.0292548370 	0.0293503650 	0.0006411792 	0.9966771621 	
80.5000000000 	0.9369026397 	0.0294913665 	0.0295876610 	0.0006702222 	0.9966518894 	
81.0000000000 	0.9367210584 	0.0295587523 	0.0296646436 	0.0006868694 	0.9966313238 	
81.5000000000 	0.9368835965 	0.0294680227 	0.0295727268 	0.0006892047 	0.9966135507 	
82.0000000000 	0.9373827444 	0.0292121417 	0.0293233632 	0.0006792450 	0.9965974942 	
82.5000000000 	0.9381972240 	0.0288171604 	0.0289114079 	0.0006577397 	0.9965835319 	
83.0000000000 	0.9392861643 	0.0282878472 	0.0283711323 	0.0006252540 	0.9965703978 	
83.5000000000 	0.9406296462 	0.0276441577 	0.0276960442 	0.0005843952 	0.9965542434 	
84.0000000000 	0.9421537557 	0.0269119940 	0.0269387395 	0.0005360763 	0.9965405655 	
84.5000000000 	0.9438033708 	0.0261163844 	0.0261234937 	0.0004821615 	0.9965254105 	
85.0000000000 	0.9455239470 	0.0252834200 	0.0252745831 	0.0004246178 	0.9965065679 	
85.5000000000 	0.9472689341 	0.0244313650 	0.0244168507 	0.0003644501 	0.9964816000 	
86.0000000000 	0.9489512452 	0.0236055966 	0.0235843638 	0.0003016061 	0.9964428117 	
86.5000000000 	0.9505322624 	0.0228270814 	0.0228017412 	0.0002427188 	0.9964038038 	
87.0000000000 	0.9519592486 	0.0221235293 	0.0220926460 	0.0001893211 	0.9963647450 	
87.5000000000 	0.9531893224 	0.0215084374 	0.0214748729 	0.0001426594 	0.9963152922 	
88.0000000000 	0.9542141731 	0.0209757960 	0.0209644226 	0.0001039146 	0.9962583063 	
88.5000000000 	0.9550260072 	0.0205684971 	0.0205797604 	0.0000739681 	0.9962482328 	
89.0000000000 	0.9555357276 	0.0202985011 	0.0203295349 	0.0000534011 	0.9962171648 	
89.5000000000 	0.9557622718 	0.0201625109 	0.0202185034 	0.0000425957 	0.9961858819 	
90.0000000000 	0.9557177898 	0.0201749623 	0.0202386430 	0.0000410855 	0.9961724806 	
90.5000000000 	0.9553971360 	0.0203260211 	0.0203786387 	0.0000486591 	0.9961504550 	
91.0000000000 	0.9548386212 	0.0205932424 	0.0206264637 	0.0000644825 	0.9961228097 	
91.5000000000 	0.9540684491 	0.0209515623 	0.0209628111 	0.0000874272 	0.9960702496 	
92.0000000000 	0.9531632308 	0.0213784064 	0.0213708522 	0.0001161142 	0.9960286035 	
92.5000000000 	0.9521669257 	0.0218515978 	0.0218290757 	0.0001490015 	0.9959966007 	
93.0000000000 	0.9511151606 	0.0223482287 	0.0223145865 	0.0001844652 	0.9959624410 	
93.5000000000 	0.9500598049 	0.0228461487 	0.0228042441 	0.0002209077 	0.9959311054 	
94.0000000000 	0.9490256290 	0.0233422785 	0.0232755193 	0.0002569355 	0.9959003623 	
94.5000000000 	0.9480871080 	0.0237870964 	0.0237034184 	0.0002914749 	0.9958690977 	
95.0000000000 	0.9472870923 	0.0241584024 	0.0240737716 	0.0003229907 	0.9958422570 	
95.5000000000 	0.9466516989 	0.0244456368 	0.0243705346 	0.0003503445 	0.9958182148 	
96.0000000000 	0.9462029857 	0.0246441148 	0.0245770098 	0.0003725629 	0.9957966731 	
96.5000000000 	0.9459384675 	0.0247435760 	0.0247064840 	0.0003891269 	0.9957776544 	
97.0000000000 	0.9458861900 	0.0247426727 	0.0247332095 	0.0003991347 	0.9957612069 	
97.5000000000 	0.9460478182 	0.0246400698 	0.0246565829 	0.0004021296 	0.9957466005 	
98.0000000000 	0.9464174632 	0.0244422431 	0.0244762498 	0.0003979667 	0.9957339227 	
98.5000000000 	0.9469821314 	0.0241613974 	0.0241933577 	0.0003854581 	0.9957223446 	
99.0000000000 	0.9477280382 	0.0238050438 	0.0238111374 	0.0003637207 	0.9957079401 	
99.5000000000 	0.9485988739 	0.0233909255 	0.0233676813 	0.0003369008 	0.9956943815 	
100.0000000000 	0.9495705164 	0.0229233912 	0.0228805586 	0.0003038494 	0.9956783155 	
100.5000000000 	0.9506123103 	0.0224210598 	0.0223571496 	0.0002680179 	0.9956585375 	
101.0000000000 	0.9516937427 	0.0218988410 	0.0218159138 	0.0002314602 	0.9956399577 	
101.5000000000 	0.9527748222 	0.0213734843 	0.0212730240 	0.0001952521 	0.9956165826 	
102.0000000000 	0.9538165648 	0.0208643372 	0.0207453110 	0.0001604788 	0.9955866919 	
102.5000000000 	0.9547900339 	0.0203830103 	0.0202488351 	0.0001281965 	0.9955500758 	
103.0000000000 	0.9556691685 	0.0199469755 	0.0198011797 	0.0000993806 	0.9955167043 	
103.5000000000 	0.9564219571 	0.0195640200 	0.0194141457 	0.0000748279 	0.9954749507 	
104.0000000000 	0.9570390439 	0.0192368824 	0.0190970578 	0.0000551937 	0.9954281778 	
104.5000000000 	0.9574933335 	0.0189833030 	0.0188592276 	0.0000408808 	0.9953767449 	
105.0000000000 	0.9577733459 	0.0188102667 	0.0187040079 	0.0000320867 	0.9953197073 	
105.5000000000 	0.9579031471 	0.0186928401 	0.0186334687 	0.0000287900 	0.9952582459 	
106.0000000000 	0.9578503273 	0.0186695625 	0.0186412345 	0.0000308085 	0.9951919329 	
106.5000000000 	0.9576327831 	0.0187309200 	0.0187219085 	0.0000377661 	0.9951233778 	
107.0000000000 	0.9572731693 	0.0188648090 	0.0188674297 	0.0000491329 	0.9950545409 	
107.5000000000 	0.9567979751 	0.0190573639 	0.0190657853 	0.0000642460 	0.9949853703 	
108.0000000000 	0.9562463084 	0.0192855147 	0.0193044112 	0.0000823322 	0.9949185665 	
108.5000000000 	0.9556395643 	0.0195447059 	0.0195688158 	0.0001025672 	0.9948556533 	
109.0000000000 	0.9550071537 	0.0198196190 	0.0198454572 	0.0001241027 	0.9947963327 	
109.5000000000 	0.9543783378 	0.0200954146 	0.0201203727 	0.0001460924 	0.9947402175 	
110.0000000000 	0.9537817129 	0.0203577552 	0.0203806902 	0.0001677116 	0.9946878698 	
110.5000000000 	0.9532427322 	0.0205942519 	0.0206144706 	0.0001881804 	0.9946396351 	
111.0000000000 	0.9527790280 	0.0207944248 	0.0208124630 	0.0002067733 	0.9945926891 	
111.5000000000 	0.9524127863 	0.0209506191 	0.0209667288 	0.0002227881 	0.9945529222 	
112.0000000000 	0.9521510068 	0.0210608558 	0.0210713723 	0.0002355948 	0.9945188297 	
112.5000000000 	0.9520135914 	0.0211080261 	0.0211237831 	0.0002445999 	0.9944900005 	
113.0000000000 	0.9520043165 	0.0210952285 	0.0211172383 	0.0002491468 	0.9944659301 	
113.5000000000 	0.9521792924 	0.0209895418 	0.0210191135 	0.0002473116 	0.9944352593 	
114.0000000000 	0.9524844960 	0.0208212493 	0.0208682707 	0.0002405301 	0.9944145461 	
114.5000000000 	0.9528968472 	0.0206027235 	0.0206693836 	0.0002288268 	0.9943977810 	
115.0000000000 	0.9534040521 	0.0203395652 	0.0204273903 	0.0002129189 	0.9943839264 	
115.5000000000 	0.9539908801 	0.0200398684 	0.0201470744 	0.0001938997 	0.9943717226 	
116.0000000000 	0.9546363495 	0.0197135927 	0.0198371731 	0.0001727550 	0.9943598703 	
116.5000000000 	0.9553218162 	0.0193679347 	0.0195066232 	0.0001505361 	0.9943469103 	
117.0000000000 	0.9560217457 	0.0190172987 	0.0191645997 	0.0001280966 	0.9943317407 	
117.5000000000 	0.9567139483 	0.0186711913 	0.0188215318 	0.0001062768 	0.9943129482 	
118.0000000000 	0.9573783660 	0.0183402144 	0.0184853200 	0.0000858443 	0.9942897447 	
118.5000000000 	0.9579968813 	0.0180312114 	0.0181656445 	0.0000673782 	0.9942611154 	
119.0000000000 	0.9585495637 	0.0177526638 	0.0178742535 	0.0000514316 	0.9942279124 	
119.5000000000 	0.9590209925 	0.0175073599 	0.0176198735 	0.0000383547 	0.9941865806 	
120.0000000000 	0.9594195641 	0.0172933228 	0.0174099649 	0.0000283938 	0.9941512456 	
120.5000000000 	0.9596905355 	0.0171328613 	0.0172473197 	0.0000216520 	0.9940923685 	
121.0000000000 	0.9599068344 	0.0170164890 	0.0171333086 	0.0000181367 	0.9940747687 	
121.5000000000 	0.9599673771 	0.0169619132 	0.0170699770 	0.0000177188 	0.9940169860 	
122.0000000000 	0.9599673250 	0.0169527578 	0.0170556383 	0.0000202178 	0.9939959389 	
122.5000000000 	0.9598338799 	0.0169900333 	0.0170853275 	0.0000253108 	0.9939345515 	
123.0000000000 	0.9596583373 	0.0170654835 	0.0171560595 	0.0000326486 	0.9939125289 	
123.5000000000 	0.9593724962 	0.0171798980 	0.0172573305 	0.0000418789 	0.9938516036 	
124.0000000000 	0.9590682708 	0.0173222074 	0.0173865888 	0.0000525685 	0.9938296355 	
124.5000000000 	0.9586904603 	0.0174869505 	0.0175311502 	0.0000642436 	0.9937728046 	
125.0000000000 	0.9583288199 	0.0176607481 	0.0176863797 	0.0000764117 	0.9937523594 	
125.5000000000 	0.9579375288 	0.0178355109 	0.0178402924 	0.0000885784 	0.9937019104 	
126.0000000000 	0.9575852566 	0.0180014978 	0.0179834844 	0.0001002939 	0.9936705326 	
126.5000000000 	0.9572751567 	0.0181493262 	0.0181052235 	0.0001110437 	0.9936407501 	
127.0000000000 	0.9570150720 	0.0182718175 	0.0181994429 	0.0001203841 	0.9936067165 	
127.5000000000 	0.9568249791 	0.0183631595 	0.0182617220 	0.0001279351 	0.9935777957 	
128.0000000000 	0.9567202599 	0.0184113812 	0.0182885509 	0.0001333940 	0.9935535861 	
128.5000000000 	0.9566976318 	0.0184213030 	0.0182781428 	0.0001365598 	0.9935336374 	
129.0000000000 	0.9567587886 	0.0183914630 	0.0182298509 	0.0001373268 	0.9935174293 	
129.5000000000 	0.9569023445 	0.0183218528 	0.0181445070 	0.0001356761 	0.9935043804 	
130.0000000000 	0.9571321620 	0.0182050628 	0.0180249830 	0.0001316666 	0.9934938744 	
130.5000000000 	0.9574319188 	0.0180534832 	0.0178744227 	0.0001254352 	0.9934852599 	
131.0000000000 	0.9577921516 	0.0178712719 	0.0176974042 	0.0001170504 	0.9934778781 	
131.5000000000 	0.9582019429 	0.0176629557 	0.0174991404 	0.0001069512 	0.9934709902 	
132.0000000000 	0.9586450229 	0.0174389717 	0.0172845224 	0.0000953665 	0.9934638835 	
132.5000000000 	0.9591121542 	0.0172018476 	0.0170583609 	0.0000833700 	0.9934557327 	
133.0000000000 	0.9595893781 	0.0169586414 	0.0168269259 	0.0000711271 	0.9934460726 	
133.5000000000 	0.9600624198 	0.0167159392 	0.0165969080 	0.0000591733 	0.9934344402 	
134.0000000000 	0.9605140750 	0.0164838281 	0.0163741453 	0.0000480390 	0.9934200874 	
134.5000000000 	0.9609347535 	0.0162637043 	0.0161665084 	0.0000380352 	0.9934030013 	
135.0000000000 	0.9613128564 	0.0160625404 	0.0159778816 	0.0000293549 	0.9933826333 	
135.5000000000 	0.9616392960 	0.0158837797 	0.0158139192 	0.0000222648 	0.9933592598 	
136.0000000000 	0.9619072760 	0.0157310335 	0.0156775890 	0.0000168910 	0.9933327895 	
136.5000000000 	0.9621138408 	0.0156049242 	0.0155714831 	0.0000132249 	0.9933034730 	
137.0000000000 	0.9622549447 	0.0155086441 	0.0154970296 	0.0000113097 	0.9932719281 	
137.5000000000 	0.9623233994 	0.0154503130 	0.0154548244 	0.0000110692 	0.9932396059 	
138.0000000000 	0.9623268715 	0.0154220848 	0.0154429682 	0.0000124318 	0.9932043563 	
138.5000000000 	0.9622711837 	0.0154237093 	0.0154584178 	0.0000152075 	0.9931685182 	
139.0000000000 	0.9621571834 	0.0154578602 	0.0154985129 	0.0000192334 	0.9931327899 	
139.5000000000 	0.9620006542 	0.0155138782 	0.0155589273 	0.0000242981 	0.9930977577 	
140.0000000000 	0.9618114427 	0.0155864954 	0.0156348149 	0.0000301525 	0.9930629055 	
140.5000000000 	0.9616047686 	0.0156700599 	0.0157203334 	0.0000365221 	0.9930316840 	
141.0000000000 	0.9613911787 	0.0157588672 	0.0158095407 	0.0000431195 	0.9930027061 	
141.5000000000 	0.9611824153 	0.0158470859 	0.0158970879 	0.0000496584 	0.9929762475 	
142.0000000000 	0.9609908515 	0.0159270971 	0.0159786808 	0.0000558623 	0.9929524916 	
142.5000000000 	0.9608268537 	0.0159949454 	0.0160482293 	0.0000614759 	0.9929315044 	
143.0000000000 	0.9606993143 	0.0160466365 	0.0161010322 	0.0000662741 	0.9929132571 	
143.5000000000 	0.9606149983 	0.0160788525 	0.0161337333 	0.0000700704 	0.9928976544 	
144.0000000000 	0.9605789389 	0.0160892038 	0.0161436677 	0.0000727221 	0.9928845325 	
144.5000000000 	0.9605930362 	0.0160778578 	0.0161286222 	0.0000741349 	0.9928736511 	
145.0000000000 	0.9606588110 	0.0160425794 	0.0160890875 	0.0000742730 	0.9928647509 	
145.5000000000 	0.9607758350 	0.0159831730 	0.0160253675 	0.0000731506 	0.9928575261 	
146.0000000000 	0.9609419041 	0.0159003437 	0.0159385563 	0.0000708258 	0.9928516298 	
146.5000000000 	0.9611601903 	0.0157880610 	0.0158310424 	0.0000674035 	0.9928466972 	
147.0000000000 	0.9614161480 	0.0156575175 	0.0157056322 	0.0000630330 	0.9928423308 	
147.5000000000 	0.9617028425 	0.0155119879 	0.0155654246 	0.0000578901 	0.9928381451 	
148.0000000000 	0.9620121014 	0.0153554965 	0.0154139858 	0.0000521741 	0.9928337578 	
148.5000000000 	0.9623351073 	0.0151923726 	0.0152552236 	0.0000461004 	0.9928288038 	
149.0000000000 	0.9626632099 	0.0150268973 	0.0150929526 	0.0000398872 	0.9928229470 	
149.5000000000 	0.9629873963 	0.0148640043 	0.0149307707 	0.0000336971 	0.9928158684 	
150.0000000000 	0.9632989109 	0.0147073661 	0.0147732592 	0.0000278085 	0.9928073446 	
150.5000000000 	0.9635893091 	0.0145608771 	0.0146246134 	0.0000224092 	0.9927972088 	
151.0000000000 	0.9638505272 	0.0144285792 	0.0144885781 	0.0000176588 	0.9927853432 	
151.5000000000 	0.9640785838 	0.0143115495 	0.0143679146 	0.0000136849 	0.9927717329 	
152.0000000000 	0.9642691739 	0.0142112559 	0.0142654594 	0.0000106010 	0.9927564902 	
152.5000000000 	0.9644187380 	0.0141303428 	0.0141821864 	0.0000084288 	0.9927396960 	
153.0000000000 	0.9645293317 	0.0140661896 	0.0141188570 	0.0000071955 	0.9927215737 	
153.5000000000 	0.9645983092 	0.0140224265 	0.0140747871 	0.0000068906 	0.9927024133 	
154.0000000000 	0.9646278739 	0.0139973972 	0.0140498038 	0.0000074684 	0.9926825432 	
154.5000000000 	0.9646164756 	0.0139953632 	0.0140416648 	0.0000088524 	0.9926623560 	
155.0000000000 	0.9645730285 	0.0140100520 	0.0140481936 	0.0000109384 	0.9926422125 	
155.5000000000 	0.9645033245 	0.0140389046 	0.0140666199 	0.0000136003 	0.9926224493 	
156.0000000000 	0.9644139705 	0.0140787953 	0.0140939213 	0.0000166966 	0.9926033836 	
156.5000000000 	0.9643113098 	0.0141264596 	0.0141274580 	0.0000200752 	0.9925853025 	
157.0000000000 	0.9642049532 	0.0141766127 	0.0141632746 	0.0000235812 	0.9925684217 	
157.5000000000 	0.9641019825 	0.0142255886 	0.0141982685 	0.0000270614 	0.9925529010 	
158.0000000000 	0.9640091535 	0.0142698727 	0.0142294585 	0.0000303688 	0.9925388534 	
158.5000000000 	0.9639327141 	0.0143062553 	0.0142539996 	0.0000333688 	0.9925263378 	
159.0000000000 	0.9638785968 	0.0143319844 	0.0142688391 	0.0000359421 	0.9925153624 	
159.5000000000 	0.9638516628 	0.0143448440 	0.0142713927 	0.0000379898 	0.9925058893 	
160.0000000000 	0.9638549878 	0.0143431695 	0.0142602434 	0.0000394377 	0.9924978384 	
160.5000000000 	0.9638904608 	0.0143258646 	0.0142345311 	0.0000402371 	0.9924910935 	
161.0000000000 	0.9639587279 	0.0142924303 	0.0141939842 	0.0000403653 	0.9924855077 	
161.5000000000 	0.9640576379 	0.0142451693 	0.0141382616 	0.0000398265 	0.9924808952 	
162.0000000000 	0.9641869461 	0.0141824873 	0.0140689957 	0.0000386485 	0.9924770775 	
162.5000000000 	0.9643509045 	0.0140984691 	0.0139876067 	0.0000368816 	0.9924738618 	
163.0000000000 	0.9645380952 	0.0140027216 	0.0138955990 	0.0000346007 	0.9924710166 	
163.5000000000 	0.9647438996 	0.0138972271 	0.0137953003 	0.0000318978 	0.9924683248 	
164.0000000000 	0.9649629823 	0.0137845992 	0.0136891127 	0.0000288776 	0.9924655718 	
164.5000000000 	0.9651898839 	0.0136676651 	0.0135793509 	0.0000256531 	0.9924625529 	
165.0000000000 	0.9654190711 	0.0135492085 	0.0134684612 	0.0000223401 	0.9924590810 	
165.5000000000 	0.9656452421 	0.0134319579 	0.0133587394 	0.0000190536 	0.9924549930 	
166.0000000000 	0.9658633725 	0.0133185194 	0.0132523604 	0.0000159032 	0.9924501555 	
166.5000000000 	0.9660685954 	0.0132112926 	0.0131515927 	0.0000129904 	0.9924444711 	
167.0000000000 	0.9662563079 	0.0131123934 	0.0130587775 	0.0000104037 	0.9924378826 	
167.5000000000 	0.9664223481 	0.0130235097 	0.0129762926 	0.0000082160 	0.9924303664 	
168.0000000000 	0.9665653457 	0.0129451791 	0.0129049560 	0.0000064812 	0.9924219620 	
168.5000000000 	0.9666833677 	0.0128784948 	0.0128456477 	0.0000052343 	0.9924127444 	
169.0000000000 	0.9667778240 	0.0128213546 	0.0127991413 	0.0000044904 	0.9924028103 	
169.5000000000 	0.9668465502 	0.0127765472 	0.0127649728 	0.0000042446 	0.9923923148 	
170.0000000000 	0.9668907791 	0.0127430435 	0.0127431241 	0.0000044738 	0.9923814205 	
170.5000000000 	0.9669088130 	0.0127245915 	0.0127318022 	0.0000051384 	0.9923703451 	
171.0000000000 	0.9669067198 	0.0127167221 	0.0127296371 	0.0000061846 	0.9923592636 	
171.5000000000 	0.9668878841 	0.0127180310 	0.0127348902 	0.0000075467 	0.9923483520 	
172.0000000000 	0.9668562680 	0.0127267048 	0.0127456564 	0.0000091503 	0.9923377795 	
172.5000000000 	0.9668161162 	0.0127407468 	0.0127599176 	0.0000109154 	0.9923276960 	
173.0000000000 	0.9667726323 	0.0127568523 	0.0127759989 	0.0000127589 	0.9923182425 	
173.5000000000 	0.9667309126 	0.0127726230 	0.0127913697 	0.0000145988 	0.9923095040 	
174.0000000000 	0.9666951819 	0.0127859142 	0.0128040935 	0.0000163567 	0.9923015463 	
174.5000000000 	0.9666692591 	0.0127947294 	0.0128124605 	0.0000179604 	0.9922944094 	
175.0000000000 	0.9666570283 	0.0127973679 	0.0128143643 	0.0000193455 	0.9922881059 	
175.5000000000 	0.9666616795 	0.0127924029 	0.0128080821 	0.0000204580 	0.9922826223 	
176.0000000000 	0.9666851322 	0.0127787511 	0.0127927804 	0.0000212571 	0.9922779209 	
176.5000000000 	0.9667285487 	0.0127557102 	0.0127679678 	0.0000217157 	0.9922739423 	
177.0000000000 	0.9667923295 	0.0127229419 	0.0127335172 	0.0000218203 	0.9922706088 	
177.5000000000 	0.9668748097 	0.0126823995 	0.0126890345 	0.0000215718 	0.9922678156 	
178.0000000000 	0.9669822335 	0.0126262389 	0.0126360297 	0.0000209830 	0.9922654851 	
178.5000000000 	0.9671062330 	0.0125621742 	0.0125750000 	0.0000200806 	0.9922634878 	
179.0000000000 	0.9672445582 	0.0124911854 	0.0125070593 	0.0000189025 	0.9922617054 	
179.5000000000 	0.9673943774 	0.0124145662 	0.0124335784 	0.0000174957 	0.9922600176 	
180.0000000000 	0.9675523894 	0.0123338778 	0.0123561245 	0.0000159143 	0.9922583061 	
180.5000000000 	0.9677152637 	0.0122507058 	0.0122762722 	0.0000142174 	0.9922564591 	
181.0000000000 	0.9678797060 	0.0121667132 	0.0121954896 	0.0000124657 	0.9922543745 	
181.5000000000 	0.9680425320 	0.0120835947 	0.0121151175 	0.0000107202 	0.9922519643 	
182.0000000000 	0.9682006929 	0.0120030088 	0.0120364160 	0.0000090391 	0.9922491569 	
182.5000000000 	0.9683511537 	0.0119264939 	0.0119607762 	0.0000074765 	0.9922459004 	
183.0000000000 	0.9684909904 	0.0118553936 	0.0118897006 	0.0000060800 	0.9922421646 	
183.5000000000 	0.9686172583 	0.0117909577 	0.0118248273 	0.0000048886 	0.9922379320 	
184.0000000000 	0.9687296805 	0.0117330769 	0.0117665388 	0.0000039321 	0.9922332284 	
184.5000000000 	0.9688269223 	0.0116825145 	0.0117154250 	0.0000032302 	0.9922280920 	
185.0000000000 	0.9689081956 	0.0116397633 	0.0116718291 	0.0000027923 	0.9922225803 	
185.5000000000 	0.9689757948 	0.0116024330 	0.0116359057 	0.0000026174 	0.9922167509 	
186.0000000000 	0.9690277778 	0.0115731077 	0.0116071240 	0.0000026948 	0.9922107043 	
186.5000000000 	0.9690623365 	0.0115536475 	0.0115855622 	0.0000030044 	0.9922045506 	
187.0000000000 	0.9690839409 	0.0115412079 	0.0115697151 	0.0000035196 	0.9921983834 	
187.5000000000 	0.9690944636 	0.0115350322 	0.0115585920 	0.0000042064 	0.9921922942 	
188.0000000000 	0.9690962328 	0.0115340509 	0.0115510633 	0.0000050263 	0.9921863733 	
188.5000000000 	0.9690915959 	0.0115368546 	0.0115463291 	0.0000059371 	0.9921807168 	
189.0000000000 	0.9690846251 	0.0115411160 	0.0115427447 	0.0000068956 	0.9921753813 	
189.5000000000 	0.9690781121 	0.0115453928 	0.0115390576 	0.0000078581 	0.9921704206 	
190.0000000000 	0.9690747193 	0.0115482767 	0.0115340959 	0.0000087833 	0.9921658752 	
190.5000000000 	0.9690773277 	0.0115484683 	0.0115263421 	0.0000096323 	0.9921617705 	
191.0000000000 	0.9690884187 	0.0115448247 	0.0115145032 	0.0000103704 	0.9921581170 	
191.5000000000 	0.9691096556 	0.0115363685 	0.0114979178 	0.0000109690 	0.9921549109 	
192.0000000000 	0.9691423003 	0.0115223229 	0.0114761055 	0.0000114059 	0.9921521346 	
192.5000000000 	0.9691871634 	0.0115021454 	0.0114487840 	0.0000116658 	0.9921497586 	
193.0000000000 	0.9692445896 	0.0114755418 	0.0114158706 	0.0000117408 	0.9921477428 	
193.5000000000 	0.9693144760 	0.0114424513 	0.0113774801 	0.0000116305 	0.9921460379 	
194.0000000000 	0.9694005232 	0.0113991599 	0.0113335707 	0.0000113407 	0.9921445944 	
194.5000000000 	0.9694968603 	0.0113506197 	0.0112849795 	0.0000108848 	0.9921433442 	
195.0000000000 	0.9696021930 	0.0112973822 	0.0112323674 	0.0000102819 	0.9921422244 	
195.5000000000 	0.9697147500 	0.0112403333 	0.0111765306 	0.0000095559 	0.9921411698 	
196.0000000000 	0.9698325543 	0.0111803296 	0.0111184977 	0.0000087351 	0.9921401166 	
196.5000000000 	0.9699535896 	0.0111183309 	0.0110592340 	0.0000078497 	0.9921390042 	
197.0000000000 	0.9700759100 	0.0110553580 	0.0109995782 	0.0000069315 	0.9921377777 	
197.5000000000 	0.9701975152 	0.0109924578 	0.0109404042 	0.0000060122 	0.9921363893 	
198.0000000000 	0.9703165904 	0.0109306717 	0.0108824161 	0.0000051225 	0.9921348006 	
198.5000000000 	0.9704314337 	0.0108709945 	0.0108262642 	0.0000042907 	0.9921329832 	
199.0000000000 	0.9705400492 	0.0108143241 	0.0107730045 	0.0000035423 	0.9921309201 	
199.5000000000 	0.9706400339 	0.0107617928 	0.0107238711 	0.0000028984 	0.9921285963 	
200.0000000000 	0.9707317790 	0.0107128770 	0.0106789976 	0.0000023753 	0.9921260289 	
200.5000000000 	0.9708143026 	0.0106681832 	0.0106387665 	0.0000019838 	0.9921232361 	
201.0000000000 	0.9708868656 	0.0106281588 	0.0106034918 	0.0000017296 	0.9921202458 	
201.5000000000 	0.9709510951 	0.0105910888 	0.0105732821 	0.0000016131 	0.9921170791 	
202.0000000000 	0.9710054231 	0.0105590526 	0.0105476892 	0.0000016293 	0.9921137942 	
202.5000000000 	0.9710479254 	0.0105337641 	0.0105269952 	0.0000017685 	0.9921104532 	
203.0000000000 	0.9710818582 	0.0105131635 	0.0105100610 	0.0000020174 	0.9921071001 	
203.5000000000 	0.9711082587 	0.0104968753 	0.0104962881 	0.0000023587 	0.9921037808 	
204.0000000000 	0.9711284744 	0.0104843108 	0.0104849845 	0.0000027727 	0.9921005424 	
204.5000000000 	0.9711440523 	0.0104747164 	0.0104754215 	0.0000032376 	0.9920974278 	
205.0000000000 	0.9711573631 	0.0104662363 	0.0104671605 	0.0000037307 	0.9920944905 	
205.5000000000 	0.9711703214 	0.0104581499 	0.0104590457 	0.0000042294 	0.9920917464 	
206.0000000000 	0.9711846304 	0.0104495733 	0.0104503024 	0.0000047116 	0.9920892177 	
206.5000000000 	0.9712022739 	0.0104396540 	0.0104398347 	0.0000051570 	0.9920869196 	
207.0000000000 	0.9712249787 	0.0104276700 	0.0104266634 	0.0000055471 	0.9920848591 	
207.5000000000 	0.9712537917 	0.0104129653 	0.0104104122 	0.0000058666 	0.9920830358 	
208.0000000000 	0.9712895588 	0.0103949961 	0.0103907836 	0.0000061034 	0.9920814419 	
208.5000000000 	0.9713328569 	0.0103733614 	0.0103675954 	0.0000062491 	0.9920800627 	
209.0000000000 	0.9713839829 	0.0103478203 	0.0103407758 	0.0000062991 	0.9920788781 	
209.5000000000 	0.9714429662 	0.0103182763 	0.0103103675 	0.0000062525 	0.9920778625 	
210.0000000000 	0.9715134627 	0.0102812347 	0.0102761849 	0.0000061120 	0.9920769943 	
210.5000000000 	0.9715904543 	0.0102410608 	0.0102388343 	0.0000058840 	0.9920762334 	
211.0000000000 	0.9716732424 	0.0101980385 	0.0101986879 	0.0000055781 	0.9920755468 	
211.5000000000 	0.9717607787 	0.0101527087 	0.0101562061 	0.0000052064 	0.9920748999 	
212.0000000000 	0.9718518431 	0.0101055772 	0.0101120550 	0.0000047833 	0.9920742586 	
212.5000000000 	0.9719452004 	0.0100572351 	0.0100668309 	0.0000043244 	0.9920735909 	
213.0000000000 	0.9720397044 	0.0100083171 	0.0100209998 	0.0000038462 	0.9920728675 	
213.5000000000 	0.9721341361 	0.0099594907 	0.0099750712 	0.0000033651 	0.9920720631 	
214.0000000000 	0.9722273750 	0.0099114350 	0.0099294499 	0.0000028971 	0.9920711569 	
214.5000000000 	0.9723183611 	0.0098647973 	0.0098845185 	0.0000024571 	0.9920701339 	
215.0000000000 	0.9724057417 	0.0098201646 	0.0098410198 	0.0000020586 	0.9920689846 	
215.5000000000 	0.9724883303 	0.0097780379 	0.0097996250 	0.0000017127 	0.9920677059 	
216.0000000000 	0.9725650706 	0.0097388568 	0.0097609355 	0.0000014284 	0.9920662912 	
216.5000000000 	0.9726362632 	0.0097023505 	0.0097249337 	0.0000012116 	0.9920647590 	
217.0000000000 	0.9727013384 	0.0096688766 	0.0096918421 	0.0000010658 	0.9920631230 	
217.5000000000 	0.9727599233 	0.0096386964 	0.0096617900 	0.0000000006 	0.9920604103 	
218.0000000000 	0.9728082047 	0.0096086980 	0.0096321449 	0.0000000005 	0.9920490482 	
218.5000000000 	0.9728529772 	0.0095842425 	0.0096081639 	0.0000000003 	0.9920453839 	
219.0000000000 	0.9728917718 	0.0095632463 	0.0095865006 	0.0000000002 	0.9920415189 	
219.5000000000 	0.9729241360 	0.0095463885 	0.0095669462 	0.0000000001 	0.9920374709 	
220.0000000000 	0.9729521720 	0.0095319673 	0.0095490817 	0.0000000001 	0.9920332210 	
220.5000000000 	0.9729766892 	0.0095196211 	0.0095324661 	0.0000000001 	0.9920287766 	
221.0000000000 	0.9729986338 	0.0095089391 	0.0095165764 	0.0000000000 	0.9920241493 	
221.5000000000 	0.9730189448 	0.0094995205 	0.0095008898 	0.0000000000 	0.9920193551 	
222.0000000000 	0.9730383109 	0.0094911182 	0.0094849833 	0.0000000000 	0.9920144124 	
222.5000000000 	0.9730616927 	0.0094791951 	0.0094685006 	0.0000000000 	0.9920093884 	
223.0000000000 	0.9730872537 	0.0094666687 	0.0094503545 	0.0000000000 	0.9920042768 	
223.5000000000 	0.9731151630 	0.0094535851 	0.0094303535 	0.0000000000 	0.9919991017 	
224.0000000000 	0.9731448840 	0.0094406578 	0.0094083368 	0.0000000000 	0.9919938787 	
224.5000000000 	0.9731863457 	0.0094189489 	0.0093833834 	0.0000000001 	0.9919886781 	
225.0000000000 	0.9732302832 	0.0093957862 	0.0093574577 	0.0000000001 	0.9919835272 	
225.5000000000 	0.9732860604 	0.0093636538 	0.0093287573 	0.0000000001 	0.9919784716 	
226.0000000000 	0.9733488661 	0.0093298767 	0.0092979867 	0.0000000000 	0.9919767296 	
226.5000000000 	0.9734162493 	0.0092948888 	0.0092655910 	0.0000000000 	0.9919767292 	
227.0000000000 	0.9734865448 	0.0092587142 	0.0092314699 	0.0000000000 	0.9919767288 	
227.5000000000 	0.9735592178 	0.0092215717 	0.0091959390 	0.0000000000 	0.9919767286 	
228.0000000000 	0.9736336063 	0.0091837604 	0.0091593615 	0.0000000000 	0.9919767283 	
228.5000000000 	0.9737089098 	0.0091456229 	0.0091221954 	0.0000000001 	0.9919767281 	
229.0000000000 	0.9737843692 	0.0091075161 	0.0090848426 	0.0000000001 	0.9919767279 	
229.5000000000 	0.9738593131 	0.0090698035 	0.0090476112 	0.0000000001 	0.9919767278 	
230.0000000000 	0.9739331326 	0.0090328490 	0.0090107460 	0.0000000001 	0.9919767277 	
230.5000000000 	0.9740051288 	0.0089970033 	0.0089745955 	0.0000000001 	0.9919767276 	
231.0000000000 	0.9740745918 	0.0089625640 	0.0089395717 	0.0000000001 	0.9919767275 	
231.5000000000 	0.9741409160 	0.0089297697 	0.0089060417 	0.0000000001 	0.9919767275 	
232.0000000000 	0.9742035993 	0.0088987982 	0.0088743299 	0.0000000000 	0.9919767275 	
232.5000000000 	0.9742622526 	0.0088697618 	0.0088447130 	0.0000000000 	0.9919767274 	
233.0000000000 	0.9743167059 	0.0088427054 	0.0088173160 	0.0000000000 	0.9919767274 	
233.5000000000 	0.9743669036 	0.0088176044 	0.0087922194 	0.0000000000 	0.9919767274 	
234.0000000000 	0.9744129006 	0.0087943643 	0.0087694624 	0.0000000000 	0.9919767273 	
234.5000000000 	0.9744548375 	0.0087728325 	0.0087490573 	0.0000000000 	0.9919767273 	
235.0000000000 	0.9744931865 	0.0087527848 	0.0087307559 	0.0000000000 	0.9919767273 	
235.5000000000 	0.9745286067 	0.0087339179 	0.0087142025 	0.0000000000 	0.9919767272 	
236.0000000000 	0.9745615987 	0.0087158937 	0.0086992347 	0.0000000000 	0.9919767272 	
236.5000000000 	0.9745925771 	0.0086983732 	0.0086857768 	0.0000000000 	0.9919767271 	
237.0000000000 	0.9746227343 	0.0086810262 	0.0086729666 	0.0000000000 	0.9919767271 	
237.5000000000 	0.9746530266 	0.0086635405 	0.0086601599 	0.0000000000 	0.9919767271 	
238.0000000000 	0.9746843704 	0.0086456289 	0.0086467277 	0.0000000000 	0.9919767270 	
238.5000000000 	0.9747179587 	0.0086270194 	0.0086317489 	0.0000000000 	0.9919767270 	
239.0000000000 	0.9747540925 	0.0086074929 	0.0086151416 	0.0000000000 	0.9919767270 	
239.5000000000 	0.9747929971 	0.0085868673 	0.0085968625 	0.0000000000 	0.9919767269 	
240.0000000000 	0.9748348202 	0.0085650107 	0.0085768960 	0.0000000000 	0.9919767269 	
240.5000000000 	0.9748796207 	0.0085418447 	0.0085552615 	0.0000000000 	0.9919767269 	
241.0000000000 	0.9749273570 	0.0085173525 	0.0085320174 	0.0000000000 	0.9919767268 	
241.5000000000 	0.9749778866 	0.0084915780 	0.0085072623 	0.0000000000 	0.9919767268 	
242.0000000000 	0.9750309869 	0.0084646076 	0.0084811323 	0.0000000000 	0.9919767268 	
242.5000000000 	0.9750863720 	0.0084365551 	0.0084537997 	0.0000000000 	0.9919767268 	
243.0000000000 	0.9751436934 	0.0084075631 	0.0084254702 	0.0000000000 	0.9919767267 	
243.5000000000 	0.9752025331 	0.0083778175 	0.0083963761 	0.0000000000 	0.9919767267 	
244.0000000000 	0.9752624133 	0.0083475465 	0.0083667668 	0.0000000000 	0.9919767267 	
244.5000000000 	0.9753228253 	0.0083170008 	0.0083369005 	0.0000000000 	0.9919767267 	
245.0000000000 	0.9753832499 	0.0082864422 	0.0083070345 	0.0000000000 	0.9919767267 	
245.5000000000 	0.9754431749 	0.0082561342 	0.0082774175 	0.0000000000 	0.9919767267 	
246.0000000000 	0.9755021144 	0.0082263315 	0.0082482807 	0.0000000000 	0.9919767266 	
246.5000000000 	0.9755596213 	0.0081972748 	0.0082198305 	0.0000000000 	0.9919767266 	
247.0000000000 	0.9756152976 	0.0081691869 	0.0081922420 	0.0000000000 	0.9919767266 	
247.5000000000 	0.9756688106 	0.0081422630 	0.0081656530 	0.0000000000 	0.9919767266 	
248.0000000000 	0.9757199154 	0.0081166542 	0.0081401570 	0.0000000000 	0.9919767266 	
248.5000000000 	0.9757684580 	0.0080924689 	0.0081157997 	0.0000000000 	0.9919767266 	
249.0000000000 	0.9758143610 	0.0080697859 	0.0080925796 	0.0000000000 	0.9919767266 	
249.5000000000 	0.9758576638 	0.0080486104 	0.0080704524 	0.0000000000 	0.9919767266 	
250.0000000000 	0.9758985354 	0.0080288558 	0.0080493353 	0.0000000000 	0.9919767266 	
250.5000000000 	0.9759372345 	0.0080103791 	0.0080291129 	0.0000000000 	0.9919767266 	
251.0000000000 	0.9759741290 	0.0079929550 	0.0080096425 	0.0000000000 	0.9919767266 	
251.5000000000 	0.9760096590 	0.0079763066 	0.0079907609 	0.0000000000 	0.9919767265 	
252.0000000000 	0.9760442695 	0.0079601663 	0.0079722907 	0.0000000000 	0.9919767265 	
252.5000000000 	0.9760784003 	0.0079442797 	0.0079540464 	0.0000000000 	0.9919767265 	
253.0000000000 	0.9761124745 	0.0079284101 	0.0079358419 	0.0000000000 	0.9919767265 	
253.5000000000 	0.9761468868 	0.0079123417 	0.0079174979 	0.0000000000 	0.9919767265 	
254.0000000000 	0.9761819922 	0.0078958843 	0.0078988500 	0.0000000000 	0.9919767265 	
254.5000000000 	0.9762180963 	0.0078788761 	0.0078797541 	0.0000000000 	0.9919767265 	
255.0000000000 	0.9762554498 	0.0078611868 	0.0078600899 	0.0000000000 	0.9919767265 	
255.5000000000 	0.9762942442 	0.0078427198 	0.0078397625 	0.0000000000 	0.9919767265 	
256.0000000000 	0.9763346075 	0.0078234137 	0.0078187052 	0.0000000000 	0.9919767264 	
256.5000000000 	0.9763765994 	0.0078032430 	0.0077968841 	0.0000000000 	0.9919767264 	
257.0000000000 	0.9764202111 	0.0077822166 	0.0077742988 	0.0000000000 	0.9919767264 	
257.5000000000 	0.9764653682 	0.0077603762 	0.0077509820 	0.0000000000 	0.9919767264 	
258.0000000000 	0.9765119362 	0.0077377936 	0.0077269966 	0.0000000000 	0.9919767264 	
258.5000000000 	0.9765597271 	0.0077145663 	0.0077024329 	0.0000000000 	0.9919767264 	
259.0000000000 	0.9766085078 	0.0076908130 	0.0076774055 	0.0000000000 	0.9919767264 	
259.5000000000 	0.9766580089 	0.0076666689 	0.0076520485 	0.0000000000 	0.9919767264 	
260.0000000000 	0.9767079348 	0.0076422794 	0.0076265121 	0.0000000000 	0.9919767263 	
260.5000000000 	0.9767579743 	0.0076177946 	0.0076009574 	0.0000000000 	0.9919767263 	
261.0000000000 	0.9768078130 	0.0075933628 	0.0075755505 	0.0000000000 	0.9919767263 	
261.5000000000 	0.9768571443 	0.0075691245 	0.0075504575 	0.0000000000 	0.9919767263 	
262.0000000000 	0.9769056820 	0.0075452075 	0.0075258368 	0.0000000000 	0.9919767263 	
262.5000000000 	0.9769531747 	0.0075217219 	0.0075018297 	0.0000000000 	0.9919767263 	
263.0000000000 	0.9769994155 	0.0074987574 	0.0074785533 	0.0000000000 	0.9919767263 	
263.5000000000 	0.9770442505 	0.0074763805 	0.0074560953 	0.0000000000 	0.9919767263 	
264.0000000000 	0.9770875865 	0.0074546330 	0.0074345068 	0.0000000000 	0.9919767263 	
264.5000000000 	0.9771293922 	0.0074335318 	0.0074138023 	0.0000000000 	0.9919767263 	
265.0000000000 	0.9771696949 	0.0074130691 	0.0073939623 	0.0000000000 	0.9919767263 	
265.5000000000 	0.9772085755 	0.0073932134 	0.0073749373 	0.0000000000 	0.9919767263 	
266.0000000000 	0.9772461619 	0.0073739117 	0.0073566527 	0.0000000000 	0.9919767263 	
266.5000000000 	0.9772826214 	0.0073550922 	0.0073390126 	0.0000000000 	0.9919767263 	
267.0000000000 	0.9773181526 	0.0073366684 	0.0073219053 	0.0000000000 	0.9919767263 	
267.5000000000 	0.9773529759 	0.0073185423 	0.0073052081 	0.0000000000 	0.9919767263 	
268.0000000000 	0.9773873251 	0.0073006091 	0.0072887921 	0.0000000000 	0.9919767263 	
268.5000000000 	0.9774214378 	0.0072827609 	0.0072725275 	0.0000000000 	0.9919767263 	
269.0000000000 	0.9774555470 	0.0072648912 	0.0072562881 	0.0000000000 	0.9919767263 	
269.5000000000 	0.9774898721 	0.0072468986 	0.0072399555 	0.0000000000 	0.9919767263 	
270.0000000000 	0.9775246115 	0.0072286914 	0.0072234233 	0.0000000000 	0.9919767263 	
270.5000000000 	0.9775599358 	0.0072101905 	0.0072066000 	0.0000000000 	0.9919767263 	
271.0000000000 	0.9775959825 	0.0071913321 	0.0071894117 	0.0000000000 	0.9919767262 	
271.5000000000 	0.9776328523 	0.0071720699 	0.0071718041 	0.0000000000 	0.9919767262 	
272.0000000000 	0.9776706064 	0.0071523766 	0.0071537433 	0.0000000000 	0.9919767262 	
272.5000000000 	0.9777092656 	0.0071322445 	0.0071352162 	0.0000000000 	0.9919767262 	
273.0000000000 	0.9777488102 	0.0071116861 	0.0071162300 	0.0000000000 	0.9919767262 	
273.5000000000 	0.9777891819 	0.0070907334 	0.0070968109 	0.0000000000 	0.9919767262 	
274.0000000000 	0.9778302867 	0.0070694371 	0.0070770024 	0.0000000000 	0.9919767262 	
274.5000000000 	0.9778719993 	0.0070478645 	0.0070568623 	0.0000000000 	0.9919767262 	
275.0000000000 	0.9779141689 	0.0070260972 	0.0070364600 	0.0000000000 	0.9919767262 	
275.5000000000 	0.9779566260 	0.0070042269 	0.0070158733 	0.0000000000 	0.9919767262 	
276.0000000000 	0.9779991898 	0.0069823519 	0.0069951845 	0.0000000000 	0.9919767262 	
276.5000000000 	0.9780416761 	0.0069605726 	0.0069744775 	0.0000000000 	0.9919767262 	
277.0000000000 	0.9780839050 	0.0069389868 	0.0069538343 	0.0000000000 	0.9919767262 	
277.5000000000 	0.9781257088 	0.0069176858 	0.0069333316 	0.0000000000 	0.9919767262 	
278.0000000000 	0.9781669377 	0.0068967502 	0.0069130382 	0.0000000000 	0.9919767262 	
278.5000000000 	0.9782074658 	0.0068762475 	0.0068930129 	0.0000000000 	0.9919767262 	
279.0000000000 	0.9782471947 	0.0068562296 	0.0068733018 	0.0000000000 	0.9919767262 	
279.5000000000 	0.9782860565 	0.0068367317 	0.0068539380 	0.0000000000 	0.9919767262 	
280.0000000000 	0.9783240149 	0.0068177715 	0.0068349397 	0.0000000000 	0.9919767262 	
280.5000000000 	0.9783610657 	0.0067993494 	0.0068163111 	0.0000000000 	0.9919767262 	
281.0000000000 	0.9783972354 	0.0067814490 	0.0067980418 	0.0000000000 	0.9919767262 	
281.5000000000 	0.9784325792 	0.0067640386 	0.0067801084 	0.0000000000 	0.9919767262 	
282.0000000000 	0.9784671776 	0.0067470730 	0.0067624756 	0.0000000000 	0.9919767262 	
282.5000000000 	0.9785011327 	0.0067304955 	0.0067450979 	0.0000000000 	0.9919767262 	
283.0000000000 	0.9785345633 	0.0067142409 	0.0067279219 	0.0000000000 	0.9919767262 	
283.5000000000 	0.9785675996 	0.0066982378 	0.0067108887 	0.0000000000 	0.9919767262 	
284.0000000000 	0.9786003783 	0.0066824115 	0.0066939363 	0.0000000000 	0.9919767262 	
284.5000000000 	0.9786330367 	0.0066666872 	0.0066770022 	0.0000000000 	0.9919767262 	
285.0000000000 	0.9786657081 	0.0066509923 	0.0066600258 	0.0000000000 	0.9919767261 	
285.5000000000 	0.9786985161 	0.0066352592 	0.0066429508 	0.0000000000 	0.9919767261 	
286.0000000000 	0.9787315711 	0.0066194275 	0.0066257276 	0.0000000000 	0.9919767261 	
286.5000000000 	0.9787649655 	0.0066034455 	0.0066083152 	0.0000000000 	0.9919767261 	
287.0000000000 	0.9787987713 	0.0065872722 	0.0065906826 	0.0000000000 	0.9919767261 	
287.5000000000 	0.9788330376 	0.0065708781 	0.0065728104 	0.0000000000 	0.9919767261 	
288.0000000000 	0.9788677896 	0.0065542452 	0.0065546913 	0.0000000000 	0.9919767261 	
288.5000000000 	0.9789030278 	0.0065373679 	0.0065363304 	0.0000000000 	0.9919767261 	
289.0000000000 	0.9789387294 	0.0065202517 	0.0065177450 	0.0000000000 	0.9919767261 	
289.5000000000 	0.9789748494 	0.0065029131 	0.0064989637 	0.0000000000 	0.9919767261 	
290.0000000000 	0.9790113234 	0.0064853777 	0.0064800250 	0.0000000000 	0.9919767261 	
290.5000000000 	0.9790480710 	0.0064676792 	0.0064609759 	0.0000000000 	0.9919767261 	
291.0000000000 	0.9790849990 	0.0064498576 	0.0064418695 	0.0000000000 	0.9919767261 	
291.5000000000 	0.9791220065 	0.0064319568 	0.0064227629 	0.0000000000 	0.9919767261 	
292.0000000000 	0.9791589881 	0.0064140231 	0.0064037149 	0.0000000000 	0.9919767261 	
292.5000000000 	0.9791958394 	0.0063961033 	0.0063847835 	0.0000000000 	0.9919767261 	
293.0000000000 	0.9792324600 	0.0063782421 	0.0063660239 	0.0000000000 	0.9919767261 	
293.5000000000 	0.9792687584 	0.0063604812 	0.0063474866 	0.0000000000 	0.9919767261 	
294.0000000000 	0.9793046541 	0.0063428568 	0.0063292152 	0.0000000000 	0.9919767261 	
294.5000000000 	0.9793400814 	0.0063253993 	0.0063112453 	0.0000000000 	0.9919767261 	
295.0000000000 	0.9793749909 	0.0063081315 	0.0062936037 	0.0000000000 	0.9919767261 	
295.5000000000 	0.9794093508 	0.0062910682 	0.0062763070 	0.0000000000 	0.9919767261 	
296.0000000000 	0.9794431479 	0.0062742161 	0.0062593621 	0.0000000000 	0.9919767261 	
296.5000000000 	0.9794763871 	0.0062575732 	0.0062427658 	0.0000000000 	0.9919767261 	
297.0000000000 	0.9795090908 	0.0062411299 	0.0062265054 	0.0000000000 	0.9919767261 	
297.5000000000 	0.9795412974 	0.0062248690 	0.0062105596 	0.0000000000 	0.9919767261 	
298.0000000000 	0.9795730593 	0.0062087671 	0.0061948997 	0.0000000000 	0.9919767261 	
298.5000000000 	0.9796044404 	0.0061927952 	0.0061794904 	0.0000000000 	0.9919767261 	
299.0000000000 	0.9796355134 	0.0061769206 	0.0061642921 	0.0000000000 	0.9919767261 	
299.5000000000 	0.9796663565 	0.0061611079 	0.0061492617 	0.0000000000 	0.9919767261 	
# end of calculation 2019_08_27_14_12_44 
# time difference 00_00_00_00_00_37 -- in Minutes 0 in Seconds 37 
