## Date: 27.8.2019 -- Time: 16:13:37  
## Gamma_l=0.5000000000 - Gamma_m=0.0000000000 - Gamma_r=0.5000000000 
## phi_l=0.7853981634 - phi_m=0.0000000000 - phi_r=3.1415926536 
## init_000=0.00 - init_001=0.00 - init_010=0.00 - init_011=1.00 
## dt=0.500000 - t_end=600 - fb=10 - cutoff=0.000001000000 -- Nbin=2 
0.0000000000  	 1.0000000000 	 1.0000000000 	 0.0000000000 	 0.0000000000 	 1.00 
0.5000000000  	 0.7701511618 	 0.7701511618 	 0.1149244290 	 0.1149244290 	 1.00 
1.0000000000  	 0.5931328105 	 0.5931328105 	 0.0885091816 	 0.0885091816 	 1.00 
1.5000000000  	 0.4568019209 	 0.4568019209 	 0.0681654482 	 0.0681654482 	 1.00 
2.0000000000  	 0.3518065279 	 0.3518065279 	 0.0524976986 	 0.0524976986 	 1.00 
2.5000000000  	 0.2709442042 	 0.2709442042 	 0.0404311631 	 0.0404311631 	 1.00 
3.0000000000  	 0.2086679919 	 0.2086679919 	 0.0311381069 	 0.0311381069 	 1.00 
3.5000000000  	 0.1607058949 	 0.1607058949 	 0.0239810489 	 0.0239810489 	 1.00 
4.0000000000  	 0.1237678305 	 0.1237678305 	 0.0184690325 	 0.0184690325 	 1.00 
4.5000000000  	 0.0953199375 	 0.0953199375 	 0.0142239467 	 0.0142239467 	 1.00 
5.0000000000  	 0.0734107598 	 0.0734107598 	 0.0109545889 	 0.0109545889 	 1.00 
5.5000000000  	 0.0697450048 	 0.0697450054 	 0.1097229293 	 0.1097229305 	 1.00 
6.0000000000  	 0.0814257227 	 0.0814257229 	 0.0672581211 	 0.0672581215 	 1.00 
6.5000000000  	 0.0980567403 	 0.0980567404 	 0.0400023133 	 0.0400023134 	 1.00 
7.0000000000  	 0.1138205311 	 0.1138205148 	 0.0230177777 	 0.0230172489 	 1.00 
7.5000000000  	 0.1258653023 	 0.1258649362 	 0.0128137054 	 0.0128128282 	 1.00 
8.0000000000  	 0.1331692226 	 0.1331697991 	 0.0069746934 	 0.0069735783 	 1.00 
8.5000000000  	 0.1357721680 	 0.1357725723 	 0.0038593806 	 0.0038584314 	 1.00 
9.0000000000  	 0.1342661885 	 0.1342671401 	 0.0023784886 	 0.0023770571 	 1.00 
9.5000000000  	 0.1294763833 	 0.1294792849 	 0.0018252264 	 0.0018236404 	 1.00 
10.0000000000  	 0.1222698800 	 0.1222709011 	 0.0017543907 	 0.0017551472 	 1.00 
10.5000000000  	 0.1131709827 	 0.1131658614 	 0.0026253386 	 0.0026384555 	 1.00 
11.0000000000  	 0.1030571847 	 0.1030569989 	 0.0056179950 	 0.0056092857 	 1.00 
11.5000000000  	 0.0932255922 	 0.0932388579 	 0.0086167138 	 0.0085980322 	 1.00 
12.0000000000  	 0.0847677804 	 0.0847827047 	 0.0106252127 	 0.0106166927 	 1.00 
12.5000000000  	 0.0782950492 	 0.0783184490 	 0.0114638466 	 0.0114603404 	 1.00 
13.0000000000  	 0.0739739792 	 0.0740063971 	 0.0112993130 	 0.0112905656 	 1.00 
13.5000000000  	 0.0716003755 	 0.0716416772 	 0.0104222675 	 0.0104295633 	 1.00 
14.0000000000  	 0.0707942818 	 0.0708436189 	 0.0091248525 	 0.0091376691 	 1.00 
14.5000000000  	 0.0710798643 	 0.0711222785 	 0.0076523422 	 0.0076668387 	 1.00 
15.0000000000  	 0.0719293267 	 0.0719844267 	 0.0062312895 	 0.0062264206 	 1.00 
15.5000000000  	 0.0728819757 	 0.0729459549 	 0.0049368900 	 0.0049450539 	 1.00 
16.0000000000  	 0.0734541195 	 0.0735161820 	 0.0039609558 	 0.0039379718 	 1.00 
16.5000000000  	 0.0733376681 	 0.0733928646 	 0.0033176671 	 0.0033077615 	 1.00 
17.0000000000  	 0.0723721690 	 0.0724377515 	 0.0030340941 	 0.0030159693 	 1.00 
17.5000000000  	 0.0706231838 	 0.0706876605 	 0.0030185495 	 0.0030105527 	 1.00 
18.0000000000  	 0.0682517599 	 0.0683094356 	 0.0032081532 	 0.0032066389 	 1.00 
18.5000000000  	 0.0654826938 	 0.0655454682 	 0.0035116450 	 0.0034966263 	 1.00 
19.0000000000  	 0.0625976399 	 0.0626525960 	 0.0038079886 	 0.0038024892 	 1.00 
19.5000000000  	 0.0598032756 	 0.0598540232 	 0.0040578718 	 0.0040428550 	 1.00 
20.0000000000  	 0.0572922994 	 0.0573303957 	 0.0041971781 	 0.0041943870 	 1.00 
20.5000000000  	 0.0551817655 	 0.0552126086 	 0.0042123194 	 0.0042246138 	 1.00 
21.0000000000  	 0.0534879409 	 0.0535272182 	 0.0041265239 	 0.0041246396 	 1.00 
21.5000000000  	 0.0522056512 	 0.0522492121 	 0.0039468196 	 0.0039438100 	 1.00 
22.0000000000  	 0.0512456530 	 0.0512816931 	 0.0036978436 	 0.0037072834 	 1.00 
22.5000000000  	 0.0504992163 	 0.0505368151 	 0.0034218865 	 0.0034212647 	 1.00 
23.0000000000  	 0.0498595963 	 0.0498909427 	 0.0031320126 	 0.0031256492 	 1.00 
23.5000000000  	 0.0492304072 	 0.0492572945 	 0.0028707226 	 0.0028659294 	 1.00 
24.0000000000  	 0.0485393036 	 0.0485586717 	 0.0026525529 	 0.0026421393 	 1.00 
24.5000000000  	 0.0477418753 	 0.0477703688 	 0.0024903826 	 0.0024813888 	 1.00 
25.0000000000  	 0.0468336644 	 0.0468389596 	 0.0023749303 	 0.0023637338 	 1.00 
25.5000000000  	 0.0457971043 	 0.0458279248 	 0.0023130526 	 0.0022970114 	 1.00 
26.0000000000  	 0.0446874175 	 0.0447195495 	 0.0022849579 	 0.0022695554 	 1.00 
26.5000000000  	 0.0435384286 	 0.0435597126 	 0.0022813543 	 0.0022694807 	 1.00 
27.0000000000  	 0.0423816760 	 0.0423994150 	 0.0022769068 	 0.0022751409 	 1.00 
27.5000000000  	 0.0412659916 	 0.0412889643 	 0.0022799356 	 0.0022782062 	 1.00 
28.0000000000  	 0.0402178565 	 0.0402609168 	 0.0022673962 	 0.0022614479 	 1.00 
28.5000000000  	 0.0392550893 	 0.0393037589 	 0.0022330474 	 0.0022384646 	 1.00 
29.0000000000  	 0.0383655256 	 0.0384169096 	 0.0021928600 	 0.0021816269 	 1.00 
29.5000000000  	 0.0375544249 	 0.0376069342 	 0.0021278850 	 0.0021116549 	 1.00 
30.0000000000  	 0.0368210571 	 0.0368512364 	 0.0020406519 	 0.0020524457 	 1.00 
30.5000000000  	 0.0361346424 	 0.0361457415 	 0.0019576348 	 0.0019666794 	 1.00 
31.0000000000  	 0.0354789118 	 0.0354767637 	 0.0018691495 	 0.0018714232 	 1.00 
31.5000000000  	 0.0348472729 	 0.0348390465 	 0.0017887749 	 0.0017929236 	 1.00 
32.0000000000  	 0.0342220032 	 0.0342121443 	 0.0017164170 	 0.0017171356 	 1.00 
32.5000000000  	 0.0335908098 	 0.0335861379 	 0.0016460738 	 0.0016515593 	 1.00 
33.0000000000  	 0.0329551197 	 0.0329552728 	 0.0015946600 	 0.0015966238 	 1.00 
33.5000000000  	 0.0323129071 	 0.0323184234 	 0.0015556104 	 0.0015498695 	 1.00 
34.0000000000  	 0.0316692986 	 0.0316741579 	 0.0015239884 	 0.0015276905 	 1.00 
34.5000000000  	 0.0310263502 	 0.0310326704 	 0.0014910468 	 0.0014878738 	 1.00 
35.0000000000  	 0.0303934731 	 0.0303984480 	 0.0014642653 	 0.0014631333 	 1.00 
35.5000000000  	 0.0297743515 	 0.0297779254 	 0.0014392097 	 0.0014388464 	 1.00 
36.0000000000  	 0.0291737333 	 0.0291778226 	 0.0014111238 	 0.0014121662 	 1.00 
36.5000000000  	 0.0285964307 	 0.0285999115 	 0.0013820779 	 0.0013833738 	 1.00 
37.0000000000  	 0.0280430264 	 0.0280456931 	 0.0013494002 	 0.0013507669 	 1.00 
37.5000000000  	 0.0275123297 	 0.0275141666 	 0.0013150872 	 0.0013174832 	 1.00 
38.0000000000  	 0.0270045750 	 0.0270049862 	 0.0012786444 	 0.0012804322 	 1.00 
38.5000000000  	 0.0265159291 	 0.0265146120 	 0.0012420442 	 0.0012447966 	 1.00 
39.0000000000  	 0.0260422922 	 0.0260395179 	 0.0012066577 	 0.0012092708 	 1.00 
39.5000000000  	 0.0255802571 	 0.0255765038 	 0.0011712092 	 0.0011725143 	 1.00 
40.0000000000  	 0.0251268006 	 0.0251220252 	 0.0011396643 	 0.0011414832 	 1.00 
40.5000000000  	 0.0246796539 	 0.0246744911 	 0.0011099841 	 0.0011111898 	 1.00 
41.0000000000  	 0.0242379299 	 0.0242326527 	 0.0010838693 	 0.0010846849 	 1.00 
41.5000000000  	 0.0238013940 	 0.0237961582 	 0.0010601289 	 0.0010605983 	 1.00 
42.0000000000  	 0.0233705028 	 0.0233654535 	 0.0010382730 	 0.0010385160 	 1.00 
42.5000000000  	 0.0229461031 	 0.0229414259 	 0.0010178021 	 0.0010178666 	 1.00 
43.0000000000  	 0.0225295085 	 0.0225253040 	 0.0009974649 	 0.0009969150 	 1.00 
43.5000000000  	 0.0221217933 	 0.0221182297 	 0.0009780221 	 0.0009775920 	 1.00 
44.0000000000  	 0.0217239340 	 0.0217211783 	 0.0009580641 	 0.0009572408 	 1.00 
44.5000000000  	 0.0213361461 	 0.0213347180 	 0.0009380277 	 0.0009377951 	 1.00 
45.0000000000  	 0.0209592081 	 0.0209588244 	 0.0009179198 	 0.0009171622 	 1.00 
45.5000000000  	 0.0205925818 	 0.0205931599 	 0.0008980138 	 0.0008972881 	 1.00 
46.0000000000  	 0.0202357025 	 0.0202370904 	 0.0008780288 	 0.0008773737 	 1.00 
46.5000000000  	 0.0198877658 	 0.0198897946 	 0.0008582129 	 0.0008576586 	 1.00 
47.0000000000  	 0.0195478676 	 0.0195503695 	 0.0008388187 	 0.0008383818 	 1.00 
47.5000000000  	 0.0192151308 	 0.0192179477 	 0.0008200590 	 0.0008197416 	 1.00 
48.0000000000  	 0.0188888270 	 0.0188918227 	 0.0008020420 	 0.0008018096 	 1.00 
48.5000000000  	 0.0185684289 	 0.0185714652 	 0.0007848447 	 0.0007847020 	 1.00 
49.0000000000  	 0.0182536010 	 0.0182565605 	 0.0007684612 	 0.0007683763 	 1.00 
49.5000000000  	 0.0179442216 	 0.0179469650 	 0.0007528353 	 0.0007527941 	 1.00 
50.0000000000  	 0.0176403065 	 0.0176427248 	 0.0007378605 	 0.0007378367 	 1.00 
50.5000000000  	 0.0173419784 	 0.0173439787 	 0.0007234167 	 0.0007234248 	 1.00 
51.0000000000  	 0.0170493722 	 0.0170508871 	 0.0007094041 	 0.0007094394 	 1.00 
51.5000000000  	 0.0167626169 	 0.0167636080 	 0.0006957058 	 0.0006957628 	 1.00 
52.0000000000  	 0.0164817899 	 0.0164822466 	 0.0006822379 	 0.0006823098 	 1.00 
52.5000000000  	 0.0162068877 	 0.0162068246 	 0.0006689526 	 0.0006690326 	 1.00 
53.0000000000  	 0.0159378207 	 0.0159372724 	 0.0006558349 	 0.0006559171 	 1.00 
53.5000000000  	 0.0156744207 	 0.0156734365 	 0.0006428973 	 0.0006429773 	 1.00 
54.0000000000  	 0.0154164588 	 0.0154150994 	 0.0006301712 	 0.0006302463 	 1.00 
54.5000000000  	 0.0151636712 	 0.0151620055 	 0.0006176963 	 0.0006177661 	 1.00 
55.0000000000  	 0.0149157864 	 0.0149138888 	 0.0006055121 	 0.0006055781 	 1.00 
55.5000000000  	 0.0146725507 	 0.0146704983 	 0.0005936516 	 0.0005937152 	 1.00 
56.0000000000  	 0.0144337437 	 0.0144316149 	 0.0005821366 	 0.0005821980 	 1.00 
56.5000000000  	 0.0141991897 	 0.0141970610 	 0.0005709735 	 0.0005710319 	 1.00 
57.0000000000  	 0.0139687609 	 0.0139667051 	 0.0005601541 	 0.0005602080 	 1.00 
57.5000000000  	 0.0137423742 	 0.0137404569 	 0.0005496586 	 0.0005497060 	 1.00 
58.0000000000  	 0.0135199804 	 0.0135182583 	 0.0005394591 	 0.0005394983 	 1.00 
58.5000000000  	 0.0133015519 	 0.0133000708 	 0.0005295249 	 0.0005295543 	 1.00 
59.0000000000  	 0.0130870687 	 0.0130858631 	 0.0005198261 	 0.0005198447 	 1.00 
59.5000000000  	 0.0128765074 	 0.0128755996 	 0.0005103372 	 0.0005103445 	 1.00 
60.0000000000  	 0.0126698322 	 0.0126692327 	 0.0005010390 	 0.0005010346 	 1.00 
60.5000000000  	 0.0124669901 	 0.0124666984 	 0.0004919192 	 0.0004919032 	 1.00 
61.0000000000  	 0.0122679105 	 0.0122679157 	 0.0004829722 	 0.0004829448 	 1.00 
61.5000000000  	 0.0120725069 	 0.0120727889 	 0.0004741973 	 0.0004741592 	 1.00 
62.0000000000  	 0.0118806815 	 0.0118812124 	 0.0004655975 	 0.0004655497 	 1.00 
62.5000000000  	 0.0116913792 	 0.0116921244 	 0.0004571773 	 0.0004569506 	 1.00 
63.0000000000  	 0.0115046860 	 0.0115055886 	 0.0004487407 	 0.0004486679 	 1.00 
63.5000000000  	 0.0113230638 	 0.0113241090 	 0.0004407037 	 0.0004406310 	 1.00 
64.0000000000  	 0.0111446395 	 0.0111457782 	 0.0004328534 	 0.0004327819 	 1.00 
64.5000000000  	 0.0109693303 	 0.0109705158 	 0.0004251866 	 0.0004251174 	 1.00 
65.0000000000  	 0.0107970642 	 0.0107982531 	 0.0004176979 	 0.0004176320 	 1.00 
65.5000000000  	 0.0106277787 	 0.0106289307 	 0.0004103802 	 0.0004103187 	 1.00 
66.0000000000  	 0.0104614181 	 0.0104624969 	 0.0004032254 	 0.0004031697 	 1.00 
66.5000000000  	 0.0102979318 	 0.0102989047 	 0.0003962253 	 0.0003961770 	 1.00 
67.0000000000  	 0.0101372718 	 0.0101381094 	 0.0003893719 	 0.0003893333 	 1.00 
67.5000000000  	 0.0099793711 	 0.0099800692 	 0.0003826545 	 0.0003826165 	 1.00 
68.0000000000  	 0.0098241811 	 0.0098247210 	 0.0003760606 	 0.0003760326 	 1.00 
68.5000000000  	 0.0096716460 	 0.0096720160 	 0.0003695998 	 0.0003695830 	 1.00 
69.0000000000  	 0.0095217111 	 0.0095219072 	 0.0003632675 	 0.0003632618 	 1.00 
69.5000000000  	 0.0093743199 	 0.0093743450 	 0.0003570614 	 0.0003570662 	 1.00 
70.0000000000  	 0.0092294154 	 0.0092292784 	 0.0003509797 	 0.0003509941 	 1.00 
70.5000000000  	 0.0090869413 	 0.0090866561 	 0.0003450209 	 0.0003450438 	 1.00 
71.0000000000  	 0.0089468428 	 0.0089464276 	 0.0003391833 	 0.0003392134 	 1.00 
71.5000000000  	 0.0088090677 	 0.0088085440 	 0.0003334650 	 0.0003335009 	 1.00 
72.0000000000  	 0.0086735669 	 0.0086729589 	 0.0003278636 	 0.0003279037 	 1.00 
72.5000000000  	 0.0085402948 	 0.0085396272 	 0.0003223760 	 0.0003224186 	 1.00 
73.0000000000  	 0.0084092090 	 0.0084085063 	 0.0003169980 	 0.0003170419 	 1.00 
73.5000000000  	 0.0082802686 	 0.0082795554 	 0.0003117264 	 0.0003117700 	 1.00 
74.0000000000  	 0.0081534344 	 0.0081527347 	 0.0003065581 	 0.0003066000 	 1.00 
74.5000000000  	 0.0080286690 	 0.0080280052 	 0.0003014903 	 0.0003015291 	 1.00 
75.0000000000  	 0.0079059362 	 0.0079053282 	 0.0002965199 	 0.0002965545 	 1.00 
75.5000000000  	 0.0077852004 	 0.0077846654 	 0.0002916443 	 0.0002916736 	 1.00 
76.0000000000  	 0.0076664265 	 0.0076659782 	 0.0002868610 	 0.0002868843 	 1.00 
76.5000000000  	 0.0075495799 	 0.0075492284 	 0.0002821676 	 0.0002821844 	 1.00 
77.0000000000  	 0.0074346262 	 0.0074343777 	 0.0002775622 	 0.0002775723 	 1.00 
77.5000000000  	 0.0073215313 	 0.0073213883 	 0.0002730429 	 0.0002730463 	 1.00 
78.0000000000  	 0.0072102618 	 0.0072102233 	 0.0002686078 	 0.0002686047 	 1.00 
78.5000000000  	 0.0071007850 	 0.0071008465 	 0.0002642550 	 0.0002642460 	 1.00 
79.0000000000  	 0.0069930689 	 0.0069932230 	 0.0002599828 	 0.0002599683 	 1.00 
79.5000000000  	 0.0068870825 	 0.0068873191 	 0.0002557892 	 0.0002557702 	 1.00 
80.0000000000  	 0.0067827952 	 0.0067831022 	 0.0002516726 	 0.0002516498 	 1.00 
80.5000000000  	 0.0066801776 	 0.0066805409 	 0.0002476310 	 0.0002476055 	 1.00 
81.0000000000  	 0.0065792006 	 0.0065796052 	 0.0002436627 	 0.0002436354 	 1.00 
81.5000000000  	 0.0064798356 	 0.0064802660 	 0.0002397659 	 0.0002397378 	 1.00 
82.0000000000  	 0.0063820546 	 0.0063824952 	 0.0002359388 	 0.0002359110 	 1.00 
82.5000000000  	 0.0062858298 	 0.0062862654 	 0.0002321799 	 0.0002321532 	 1.00 
83.0000000000  	 0.0061911337 	 0.0061915501 	 0.0002284876 	 0.0002284629 	 1.00 
83.5000000000  	 0.0060979389 	 0.0060983235 	 0.0002248605 	 0.0002248385 	 1.00 
84.0000000000  	 0.0060062186 	 0.0060065603 	 0.0002212972 	 0.0002212785 	 1.00 
84.5000000000  	 0.0059159460 	 0.0059162359 	 0.0002177964 	 0.0002177815 	 1.00 
85.0000000000  	 0.0058270948 	 0.0058273260 	 0.0002143569 	 0.0002143460 	 1.00 
85.5000000000  	 0.0057396391 	 0.0057398071 	 0.0002109775 	 0.0002109708 	 1.00 
86.0000000000  	 0.0056535535 	 0.0056536561 	 0.0002076571 	 0.0002076546 	 1.00 
86.5000000000  	 0.0055688131 	 0.0055688505 	 0.0002043945 	 0.0002043961 	 1.00 
87.0000000000  	 0.0054853937 	 0.0054853680 	 0.0002011887 	 0.0002011940 	 1.00 
87.5000000000  	 0.0054032716 	 0.0054031871 	 0.0001980384 	 0.0001980472 	 1.00 
88.0000000000  	 0.0053224237 	 0.0053222864 	 0.0001949427 	 0.0001949544 	 1.00 
88.5000000000  	 0.0052428278 	 0.0052426450 	 0.0001919004 	 0.0001919145 	 1.00 
89.0000000000  	 0.0051644620 	 0.0051642422 	 0.0001889105 	 0.0001889263 	 1.00 
89.5000000000  	 0.0050873053 	 0.0050870578 	 0.0001859718 	 0.0001859888 	 1.00 
90.0000000000  	 0.0050113370 	 0.0050110715 	 0.0001830833 	 0.0001831008 	 1.00 
90.5000000000  	 0.0049365372 	 0.0049362634 	 0.0001802440 	 0.0001802615 	 1.00 
91.0000000000  	 0.0048628865 	 0.0048626140 	 0.0001774529 	 0.0001774697 	 1.00 
91.5000000000  	 0.0047903659 	 0.0047901036 	 0.0001747090 	 0.0001747246 	 1.00 
92.0000000000  	 0.0047189569 	 0.0047187131 	 0.0001720113 	 0.0001720252 	 1.00 
92.5000000000  	 0.0046486417 	 0.0046484233 	 0.0001693589 	 0.0001693708 	 1.00 
93.0000000000  	 0.0045794025 	 0.0045792155 	 0.0001667509 	 0.0001667605 	 1.00 
93.5000000000  	 0.0045112224 	 0.0045110713 	 0.0001641863 	 0.0001641934 	 1.00 
94.0000000000  	 0.0044440844 	 0.0044439723 	 0.0001616644 	 0.0001616689 	 1.00 
94.5000000000  	 0.0043779722 	 0.0043779008 	 0.0001591842 	 0.0001591861 	 1.00 
95.0000000000  	 0.0043128697 	 0.0043128391 	 0.0001567449 	 0.0001567442 	 1.00 
95.5000000000  	 0.0042487611 	 0.0042487702 	 0.0001543456 	 0.0001543426 	 1.00 
96.0000000000  	 0.0041856309 	 0.0041856772 	 0.0001519857 	 0.0001519805 	 1.00 
96.5000000000  	 0.0041234637 	 0.0041235437 	 0.0001496642 	 0.0001496572 	 1.00 
97.0000000000  	 0.0040622444 	 0.0040623537 	 0.0001473805 	 0.0001473719 	 1.00 
97.5000000000  	 0.0040019582 	 0.0040020915 	 0.0001451338 	 0.0001451241 	 1.00 
98.0000000000  	 0.0039425903 	 0.0039427420 	 0.0001429234 	 0.0001429129 	 1.00 
98.5000000000  	 0.0038841262 	 0.0038842902 	 0.0001407486 	 0.0001407377 	 1.00 
99.0000000000  	 0.0038265514 	 0.0038267216 	 0.0001386088 	 0.0001385979 	 1.00 
99.5000000000  	 0.0037698517 	 0.0037700221 	 0.0001365033 	 0.0001364928 	 1.00 
100.0000000000  	 0.0037140129 	 0.0037141779 	 0.0001344315 	 0.0001344217 	 1.00 
100.5000000000  	 0.0036590213 	 0.0036591756 	 0.0001323929 	 0.0001323840 	 1.00 
101.0000000000  	 0.0036048629 	 0.0036050020 	 0.0001303867 	 0.0001303791 	 1.00 
101.5000000000  	 0.0035515242 	 0.0035516443 	 0.0001284126 	 0.0001284064 	 1.00 
102.0000000000  	 0.0034989917 	 0.0034990899 	 0.0001264699 	 0.0001264652 	 1.00 
102.5000000000  	 0.0034472524 	 0.0034473266 	 0.0001245580 	 0.0001245550 	 1.00 
103.0000000000  	 0.0033962932 	 0.0033963421 	 0.0001226766 	 0.0001226752 	 1.00 
103.5000000000  	 0.0033461014 	 0.0033461248 	 0.0001208250 	 0.0001208251 	 1.00 
104.0000000000  	 0.0032966645 	 0.0032966630 	 0.0001190027 	 0.0001190044 	 1.00 
104.5000000000  	 0.0032479702 	 0.0032479451 	 0.0001172093 	 0.0001172124 	 1.00 
105.0000000000  	 0.0032000064 	 0.0031999599 	 0.0001154443 	 0.0001154485 	 1.00 
105.5000000000  	 0.0031527615 	 0.0031526963 	 0.0001137072 	 0.0001137124 	 1.00 
106.0000000000  	 0.0031062239 	 0.0031061431 	 0.0001119975 	 0.0001120034 	 1.00 
106.5000000000  	 0.0030603824 	 0.0030602896 	 0.0001103147 	 0.0001103212 	 1.00 
107.0000000000  	 0.0030152260 	 0.0030151248 	 0.0001086584 	 0.0001086652 	 1.00 
107.5000000000  	 0.0029707440 	 0.0029706383 	 0.0001070282 	 0.0001070349 	 1.00 
108.0000000000  	 0.0029269258 	 0.0029268194 	 0.0001054235 	 0.0001054301 	 1.00 
108.5000000000  	 0.0028837613 	 0.0028836577 	 0.0001038439 	 0.0001038501 	 1.00 
109.0000000000  	 0.0028412404 	 0.0028411429 	 0.0001022891 	 0.0001022947 	 1.00 
109.5000000000  	 0.0027993533 	 0.0027992648 	 0.0001007585 	 0.0001007633 	 1.00 
110.0000000000  	 0.0027580904 	 0.0027580134 	 0.0000992517 	 0.0000992557 	 1.00 
110.5000000000  	 0.0027174423 	 0.0027173787 	 0.0000977683 	 0.0000977714 	 1.00 
111.0000000000  	 0.0026773998 	 0.0026773510 	 0.0000963079 	 0.0000963100 	 1.00 
111.5000000000  	 0.0026379539 	 0.0026379207 	 0.0000948702 	 0.0000948712 	 1.00 
112.0000000000  	 0.0025990956 	 0.0025990784 	 0.0000934546 	 0.0000934547 	 1.00 
112.5000000000  	 0.0025608162 	 0.0025608146 	 0.0000920608 	 0.0000920600 	 1.00 
113.0000000000  	 0.0025231070 	 0.0025231203 	 0.0000906885 	 0.0000906868 	 1.00 
113.5000000000  	 0.0024859597 	 0.0024859865 	 0.0000893373 	 0.0000893348 	 1.00 
114.0000000000  	 0.0024493656 	 0.0024494044 	 0.0000880067 	 0.0000880036 	 1.00 
114.5000000000  	 0.0024133166 	 0.0024133655 	 0.0000866965 	 0.0000866929 	 1.00 
115.0000000000  	 0.0023778045 	 0.0023778612 	 0.0000854063 	 0.0000854023 	 1.00 
115.5000000000  	 0.0023428212 	 0.0023428835 	 0.0000841358 	 0.0000841316 	 1.00 
116.0000000000  	 0.0023083585 	 0.0023084241 	 0.0000828846 	 0.0000828804 	 1.00 
116.5000000000  	 0.0022744088 	 0.0022744751 	 0.0000816525 	 0.0000816484 	 1.00 
117.0000000000  	 0.0022409640 	 0.0022410290 	 0.0000804391 	 0.0000804352 	 1.00 
117.5000000000  	 0.0022080164 	 0.0022080779 	 0.0000792442 	 0.0000792406 	 1.00 
118.0000000000  	 0.0021755585 	 0.0021756147 	 0.0000780674 	 0.0000780643 	 1.00 
118.5000000000  	 0.0021435826 	 0.0021436319 	 0.0000769085 	 0.0000769059 	 1.00 
119.0000000000  	 0.0021120813 	 0.0021121224 	 0.0000757671 	 0.0000757651 	 1.00 
119.5000000000  	 0.0020810473 	 0.0020810792 	 0.0000746431 	 0.0000746417 	 1.00 
120.0000000000  	 0.0020504732 	 0.0020504955 	 0.0000735361 	 0.0000735353 	 1.00 
120.5000000000  	 0.0020203521 	 0.0020203645 	 0.0000724459 	 0.0000724458 	 1.00 
121.0000000000  	 0.0019906768 	 0.0019906794 	 0.0000713722 	 0.0000713727 	 1.00 
121.5000000000  	 0.0019614405 	 0.0019614337 	 0.0000703148 	 0.0000703158 	 1.00 
122.0000000000  	 0.0019326364 	 0.0019326210 	 0.0000692734 	 0.0000692749 	 1.00 
122.5000000000  	 0.0019042579 	 0.0019042349 	 0.0000682477 	 0.0000682496 	 1.00 
123.0000000000  	 0.0018762984 	 0.0018762689 	 0.0000672376 	 0.0000672398 	 1.00 
123.5000000000  	 0.0018487516 	 0.0018487170 	 0.0000662428 	 0.0000662452 	 1.00 
124.0000000000  	 0.0018216112 	 0.0018215728 	 0.0000652630 	 0.0000652656 	 1.00 
124.5000000000  	 0.0017948710 	 0.0017948304 	 0.0000642980 	 0.0000643006 	 1.00 
125.0000000000  	 0.0017685251 	 0.0017684837 	 0.0000633476 	 0.0000633502 	 1.00 
125.5000000000  	 0.0017425675 	 0.0017425267 	 0.0000624115 	 0.0000624140 	 1.00 
126.0000000000  	 0.0017169924 	 0.0017169536 	 0.0000614895 	 0.0000614918 	 1.00 
126.5000000000  	 0.0016917942 	 0.0016917586 	 0.0000605814 	 0.0000605834 	 1.00 
127.0000000000  	 0.0016669673 	 0.0016669358 	 0.0000596870 	 0.0000596887 	 1.00 
127.5000000000  	 0.0016425062 	 0.0016424797 	 0.0000588060 	 0.0000588073 	 1.00 
128.0000000000  	 0.0016184056 	 0.0016183847 	 0.0000579382 	 0.0000579392 	 1.00 
128.5000000000  	 0.0015946601 	 0.0015946452 	 0.0000570835 	 0.0000570840 	 1.00 
129.0000000000  	 0.0015712646 	 0.0015712559 	 0.0000562415 	 0.0000562416 	 1.00 
129.5000000000  	 0.0015482140 	 0.0015482113 	 0.0000554121 	 0.0000554119 	 1.00 
130.0000000000  	 0.0015255031 	 0.0015255063 	 0.0000545951 	 0.0000545946 	 1.00 
130.5000000000  	 0.0015031270 	 0.0015031357 	 0.0000537904 	 0.0000537895 	 1.00 
131.0000000000  	 0.0014810809 	 0.0014810944 	 0.0000529976 	 0.0000529964 	 1.00 
131.5000000000  	 0.0014593598 	 0.0014593775 	 0.0000522166 	 0.0000522153 	 1.00 
132.0000000000  	 0.0014379589 	 0.0014379800 	 0.0000514473 	 0.0000514458 	 1.00 
132.5000000000  	 0.0014168736 	 0.0014168971 	 0.0000506894 	 0.0000506878 	 1.00 
133.0000000000  	 0.0013960991 	 0.0013961242 	 0.0000499428 	 0.0000499411 	 1.00 
133.5000000000  	 0.0013756309 	 0.0013756566 	 0.0000492073 	 0.0000492056 	 1.00 
134.0000000000  	 0.0013554644 	 0.0013554898 	 0.0000484827 	 0.0000484811 	 1.00 
134.5000000000  	 0.0013355950 	 0.0013356194 	 0.0000477689 	 0.0000477674 	 1.00 
135.0000000000  	 0.0013160183 	 0.0013160409 	 0.0000470656 	 0.0000470644 	 1.00 
135.5000000000  	 0.0012967300 	 0.0012967501 	 0.0000463729 	 0.0000463718 	 1.00 
136.0000000000  	 0.0012777256 	 0.0012777427 	 0.0000456904 	 0.0000456895 	 1.00 
136.5000000000  	 0.0012590010 	 0.0012590146 	 0.0000450180 	 0.0000450174 	 1.00 
137.0000000000  	 0.0012405519 	 0.0012405618 	 0.0000443557 	 0.0000443553 	 1.00 
137.5000000000  	 0.0012223741 	 0.0012223802 	 0.0000437031 	 0.0000437030 	 1.00 
138.0000000000  	 0.0012044635 	 0.0012044658 	 0.0000430603 	 0.0000430604 	 1.00 
138.5000000000  	 0.0011868162 	 0.0011868148 	 0.0000424270 	 0.0000424273 	 1.00 
139.0000000000  	 0.0011694282 	 0.0011694233 	 0.0000418031 	 0.0000418036 	 1.00 
139.5000000000  	 0.0011522955 	 0.0011522875 	 0.0000411885 	 0.0000411891 	 1.00 
140.0000000000  	 0.0011354144 	 0.0011354037 	 0.0000405830 	 0.0000405838 	 1.00 
140.5000000000  	 0.0011187810 	 0.0011187682 	 0.0000399864 	 0.0000399874 	 1.00 
141.0000000000  	 0.0011023918 	 0.0011023774 	 0.0000393988 	 0.0000393998 	 1.00 
141.5000000000  	 0.0010862430 	 0.0010862275 	 0.0000388199 	 0.0000388209 	 1.00 
142.0000000000  	 0.0010703311 	 0.0010703151 	 0.0000382495 	 0.0000382505 	 1.00 
142.5000000000  	 0.0010546526 	 0.0010546367 	 0.0000376876 	 0.0000376886 	 1.00 
143.0000000000  	 0.0010392041 	 0.0010391888 	 0.0000371341 	 0.0000371350 	 1.00 
143.5000000000  	 0.0010239822 	 0.0010239679 	 0.0000365887 	 0.0000365895 	 1.00 
144.0000000000  	 0.0010089835 	 0.0010089707 	 0.0000360514 	 0.0000360521 	 1.00 
144.5000000000  	 0.0009942048 	 0.0009941938 	 0.0000355221 	 0.0000355227 	 1.00 
145.0000000000  	 0.0009796429 	 0.0009796340 	 0.0000350006 	 0.0000350010 	 1.00 
145.5000000000  	 0.0009652946 	 0.0009652880 	 0.0000344868 	 0.0000344871 	 1.00 
146.0000000000  	 0.0009511569 	 0.0009511526 	 0.0000339806 	 0.0000339807 	 1.00 
146.5000000000  	 0.0009372265 	 0.0009372247 	 0.0000334819 	 0.0000334819 	 1.00 
147.0000000000  	 0.0009235006 	 0.0009235011 	 0.0000329906 	 0.0000329904 	 1.00 
147.5000000000  	 0.0009099762 	 0.0009099788 	 0.0000325065 	 0.0000325062 	 1.00 
148.0000000000  	 0.0008966502 	 0.0008966549 	 0.0000320295 	 0.0000320291 	 1.00 
148.5000000000  	 0.0008835199 	 0.0008835262 	 0.0000315595 	 0.0000315590 	 1.00 
149.0000000000  	 0.0008705823 	 0.0008705901 	 0.0000310965 	 0.0000310960 	 1.00 
149.5000000000  	 0.0008573447 	 0.0008573535 	 0.0000306403 	 0.0000305887 	 1.00 
150.0000000000  	 0.0008448038 	 0.0008448024 	 0.0000301348 	 0.0000301450 	 1.00 
150.5000000000  	 0.0008324489 	 0.0008324434 	 0.0000296944 	 0.0000297037 	 1.00 
151.0000000000  	 0.0008202719 	 0.0008202678 	 0.0000292606 	 0.0000292687 	 1.00 
151.5000000000  	 0.0008082709 	 0.0008082724 	 0.0000288332 	 0.0000288399 	 1.00 
152.0000000000  	 0.0007964436 	 0.0007964543 	 0.0000284122 	 0.0000284173 	 1.00 
152.5000000000  	 0.0007847880 	 0.0007848103 	 0.0000279973 	 0.0000280009 	 1.00 
153.0000000000  	 0.0007733020 	 0.0007733375 	 0.0000275885 	 0.0000275906 	 1.00 
153.5000000000  	 0.0007619837 	 0.0007620328 	 0.0000271857 	 0.0000271863 	 1.00 
154.0000000000  	 0.0007508310 	 0.0007508934 	 0.0000267887 	 0.0000267880 	 1.00 
154.5000000000  	 0.0007398500 	 0.0007399144 	 0.0000263990 	 0.0000263952 	 1.00 
155.0000000000  	 0.0007290291 	 0.0007290895 	 0.0000260125 	 0.0000260079 	 1.00 
155.5000000000  	 0.0007183659 	 0.0007184236 	 0.0000256321 	 0.0000256275 	 1.00 
156.0000000000  	 0.0007078584 	 0.0007079140 	 0.0000252572 	 0.0000252527 	 1.00 
156.5000000000  	 0.0006975047 	 0.0006975580 	 0.0000248879 	 0.0000248833 	 1.00 
157.0000000000  	 0.0006873029 	 0.0006873533 	 0.0000245239 	 0.0000245193 	 1.00 
157.5000000000  	 0.0006772509 	 0.0006772973 	 0.0000241651 	 0.0000241607 	 1.00 
158.0000000000  	 0.0006673466 	 0.0006673878 	 0.0000238116 	 0.0000238073 	 1.00 
158.5000000000  	 0.0006575879 	 0.0006576225 	 0.0000234632 	 0.0000234593 	 1.00 
159.0000000000  	 0.0006479727 	 0.0006479995 	 0.0000231198 	 0.0000231163 	 1.00 
159.5000000000  	 0.0006384987 	 0.0006385169 	 0.0000227813 	 0.0000227786 	 1.00 
160.0000000000  	 0.0006291634 	 0.0006291731 	 0.0000224476 	 0.0000224460 	 1.00 
160.5000000000  	 0.0006199644 	 0.0006199662 	 0.0000221187 	 0.0000221182 	 1.00 
161.0000000000  	 0.0006108998 	 0.0006108941 	 0.0000217947 	 0.0000217950 	 1.00 
161.5000000000  	 0.0006019675 	 0.0006019549 	 0.0000214755 	 0.0000214765 	 1.00 
162.0000000000  	 0.0005931656 	 0.0005931467 	 0.0000211611 	 0.0000211626 	 1.00 
162.5000000000  	 0.0005844920 	 0.0005844677 	 0.0000208513 	 0.0000208533 	 1.00 
163.0000000000  	 0.0005759449 	 0.0005759160 	 0.0000205461 	 0.0000205485 	 1.00 
163.5000000000  	 0.0005675224 	 0.0005674899 	 0.0000202454 	 0.0000202481 	 1.00 
164.0000000000  	 0.0005592224 	 0.0005591875 	 0.0000199492 	 0.0000199520 	 1.00 
164.5000000000  	 0.0005510433 	 0.0005510071 	 0.0000196573 	 0.0000196602 	 1.00 
165.0000000000  	 0.0005429832 	 0.0005429470 	 0.0000193698 	 0.0000193727 	 1.00 
165.5000000000  	 0.0005350405 	 0.0005350054 	 0.0000190865 	 0.0000190893 	 1.00 
166.0000000000  	 0.0005272134 	 0.0005271806 	 0.0000188075 	 0.0000188099 	 1.00 
166.5000000000  	 0.0005195003 	 0.0005194707 	 0.0000185325 	 0.0000185346 	 1.00 
167.0000000000  	 0.0005118996 	 0.0005118739 	 0.0000182616 	 0.0000182633 	 1.00 
167.5000000000  	 0.0005044098 	 0.0005043887 	 0.0000179947 	 0.0000179960 	 1.00 
168.0000000000  	 0.0004970292 	 0.0004970132 	 0.0000177317 	 0.0000177325 	 1.00 
168.5000000000  	 0.0004897565 	 0.0004897458 	 0.0000174725 	 0.0000174729 	 1.00 
169.0000000000  	 0.0004825900 	 0.0004825847 	 0.0000172171 	 0.0000172172 	 1.00 
169.5000000000  	 0.0004755284 	 0.0004755284 	 0.0000169655 	 0.0000169651 	 1.00 
170.0000000000  	 0.0004685701 	 0.0004685753 	 0.0000167175 	 0.0000167168 	 1.00 
170.5000000000  	 0.0004617137 	 0.0004617237 	 0.0000164731 	 0.0000164721 	 1.00 
171.0000000000  	 0.0004549579 	 0.0004549720 	 0.0000162323 	 0.0000162310 	 1.00 
171.5000000000  	 0.0004483012 	 0.0004483188 	 0.0000159950 	 0.0000159935 	 1.00 
172.0000000000  	 0.0004417423 	 0.0004417626 	 0.0000157611 	 0.0000157595 	 1.00 
172.5000000000  	 0.0004352796 	 0.0004353019 	 0.0000155306 	 0.0000155289 	 1.00 
173.0000000000  	 0.0004289119 	 0.0004289353 	 0.0000153034 	 0.0000153018 	 1.00 
173.5000000000  	 0.0004226377 	 0.0004226614 	 0.0000150796 	 0.0000150780 	 1.00 
174.0000000000  	 0.0004164557 	 0.0004164789 	 0.0000148590 	 0.0000148575 	 1.00 
174.5000000000  	 0.0004103646 	 0.0004103864 	 0.0000146415 	 0.0000146402 	 1.00 
175.0000000000  	 0.0004043628 	 0.0004043828 	 0.0000144273 	 0.0000144261 	 1.00 
175.5000000000  	 0.0003984491 	 0.0003984666 	 0.0000142162 	 0.0000142152 	 1.00 
176.0000000000  	 0.0003926222 	 0.0003926368 	 0.0000140081 	 0.0000140074 	 1.00 
176.5000000000  	 0.0003868807 	 0.0003868920 	 0.0000138031 	 0.0000138026 	 1.00 
177.0000000000  	 0.0003812234 	 0.0003812311 	 0.0000136011 	 0.0000136008 	 1.00 
177.5000000000  	 0.0003756488 	 0.0003756530 	 0.0000134020 	 0.0000134020 	 1.00 
178.0000000000  	 0.0003701558 	 0.0003701565 	 0.0000132059 	 0.0000132061 	 1.00 
178.5000000000  	 0.0003647430 	 0.0003647404 	 0.0000130126 	 0.0000130130 	 1.00 
179.0000000000  	 0.0003594094 	 0.0003594036 	 0.0000128222 	 0.0000128228 	 1.00 
179.5000000000  	 0.0003541536 	 0.0003541451 	 0.0000126345 	 0.0000126353 	 1.00 
180.0000000000  	 0.0003489745 	 0.0003489636 	 0.0000124497 	 0.0000124505 	 1.00 
180.5000000000  	 0.0003438709 	 0.0003438582 	 0.0000122675 	 0.0000122684 	 1.00 
181.0000000000  	 0.0003388417 	 0.0003388277 	 0.0000120880 	 0.0000120890 	 1.00 
181.5000000000  	 0.0003338859 	 0.0003338711 	 0.0000119112 	 0.0000119122 	 1.00 
182.0000000000  	 0.0003290022 	 0.0003289872 	 0.0000117370 	 0.0000117379 	 1.00 
182.5000000000  	 0.0003241898 	 0.0003241750 	 0.0000115653 	 0.0000115662 	 1.00 
183.0000000000  	 0.0003194475 	 0.0003194334 	 0.0000113962 	 0.0000113970 	 1.00 
183.5000000000  	 0.0003147743 	 0.0003147614 	 0.0000112295 	 0.0000112303 	 1.00 
184.0000000000  	 0.0003101693 	 0.0003101580 	 0.0000110653 	 0.0000110659 	 1.00 
184.5000000000  	 0.0003056315 	 0.0003056220 	 0.0000109035 	 0.0000109040 	 1.00 
185.0000000000  	 0.0003011600 	 0.0003011526 	 0.0000107441 	 0.0000107444 	 1.00 
185.5000000000  	 0.0002967538 	 0.0002967485 	 0.0000105870 	 0.0000105872 	 1.00 
186.0000000000  	 0.0002924120 	 0.0002924090 	 0.0000104322 	 0.0000104323 	 1.00 
186.5000000000  	 0.0002881336 	 0.0002881329 	 0.0000102797 	 0.0000102796 	 1.00 
187.0000000000  	 0.0002839179 	 0.0002839193 	 0.0000101294 	 0.0000101292 	 1.00 
187.5000000000  	 0.0002797640 	 0.0002797673 	 0.0000099813 	 0.0000099810 	 1.00 
188.0000000000  	 0.0002756709 	 0.0002756760 	 0.0000098353 	 0.0000098349 	 1.00 
188.5000000000  	 0.0002716377 	 0.0002716444 	 0.0000096915 	 0.0000096910 	 1.00 
189.0000000000  	 0.0002676637 	 0.0002676716 	 0.0000095498 	 0.0000095492 	 1.00 
189.5000000000  	 0.0002637480 	 0.0002637567 	 0.0000094101 	 0.0000094095 	 1.00 
190.0000000000  	 0.0002598898 	 0.0002598990 	 0.0000092725 	 0.0000092719 	 1.00 
190.5000000000  	 0.0002560881 	 0.0002560975 	 0.0000091369 	 0.0000091363 	 1.00 
191.0000000000  	 0.0002523422 	 0.0002523515 	 0.0000090032 	 0.0000090026 	 1.00 
191.5000000000  	 0.0002486512 	 0.0002486601 	 0.0000088715 	 0.0000088710 	 1.00 
192.0000000000  	 0.0002450144 	 0.0002450226 	 0.0000087417 	 0.0000087412 	 1.00 
192.5000000000  	 0.0002414309 	 0.0002414382 	 0.0000086138 	 0.0000086134 	 1.00 
193.0000000000  	 0.0002378999 	 0.0002379060 	 0.0000084878 	 0.0000084875 	 1.00 
193.5000000000  	 0.0002344207 	 0.0002344255 	 0.0000083636 	 0.0000083633 	 1.00 
194.0000000000  	 0.0002309924 	 0.0002309958 	 0.0000082412 	 0.0000082411 	 1.00 
194.5000000000  	 0.0002276142 	 0.0002276163 	 0.0000081206 	 0.0000081206 	 1.00 
195.0000000000  	 0.0002242855 	 0.0002242862 	 0.0000080018 	 0.0000080018 	 1.00 
195.5000000000  	 0.0002210055 	 0.0002210048 	 0.0000078847 	 0.0000078848 	 1.00 
196.0000000000  	 0.0002177734 	 0.0002177715 	 0.0000077693 	 0.0000077695 	 1.00 
196.5000000000  	 0.0002145885 	 0.0002145855 	 0.0000076556 	 0.0000076559 	 1.00 
197.0000000000  	 0.0002114501 	 0.0002114461 	 0.0000075436 	 0.0000075439 	 1.00 
197.5000000000  	 0.0002083576 	 0.0002083528 	 0.0000074333 	 0.0000074336 	 1.00 
198.0000000000  	 0.0002053102 	 0.0002053049 	 0.0000073245 	 0.0000073249 	 1.00 
198.5000000000  	 0.0002023073 	 0.0002023016 	 0.0000072174 	 0.0000072178 	 1.00 
199.0000000000  	 0.0001993482 	 0.0001993423 	 0.0000071118 	 0.0000071122 	 1.00 
199.5000000000  	 0.0001964323 	 0.0001964264 	 0.0000070078 	 0.0000070081 	 1.00 
200.0000000000  	 0.0001935589 	 0.0001935533 	 0.0000069053 	 0.0000069056 	 1.00 
200.5000000000  	 0.0001907275 	 0.0001907223 	 0.0000068043 	 0.0000068046 	 1.00 
201.0000000000  	 0.0001879374 	 0.0001879328 	 0.0000067048 	 0.0000067050 	 1.00 
201.5000000000  	 0.0001851881 	 0.0001851841 	 0.0000066067 	 0.0000066069 	 1.00 
202.0000000000  	 0.0001824789 	 0.0001824757 	 0.0000065101 	 0.0000065103 	 1.00 
202.5000000000  	 0.0001798093 	 0.0001798070 	 0.0000064149 	 0.0000064150 	 1.00 
203.0000000000  	 0.0001771787 	 0.0001771773 	 0.0000063211 	 0.0000063212 	 1.00 
203.5000000000  	 0.0001745867 	 0.0001745861 	 0.0000062287 	 0.0000062287 	 1.00 
204.0000000000  	 0.0001720325 	 0.0001720328 	 0.0000061376 	 0.0000061375 	 1.00 
204.5000000000  	 0.0001695157 	 0.0001695168 	 0.0000060478 	 0.0000060477 	 1.00 
205.0000000000  	 0.0001670358 	 0.0001670376 	 0.0000059594 	 0.0000059592 	 1.00 
205.5000000000  	 0.0001645922 	 0.0001645946 	 0.0000058722 	 0.0000058721 	 1.00 
206.0000000000  	 0.0001621844 	 0.0001621873 	 0.0000057864 	 0.0000057862 	 1.00 
206.5000000000  	 0.0001598118 	 0.0001598151 	 0.0000057017 	 0.0000057015 	 1.00 
207.0000000000  	 0.0001574740 	 0.0001574776 	 0.0000056183 	 0.0000056181 	 1.00 
207.5000000000  	 0.0001551705 	 0.0001551742 	 0.0000055362 	 0.0000055359 	 1.00 
208.0000000000  	 0.0001529008 	 0.0001529044 	 0.0000054552 	 0.0000054550 	 1.00 
208.5000000000  	 0.0001506643 	 0.0001506678 	 0.0000053754 	 0.0000053752 	 1.00 
209.0000000000  	 0.0001484606 	 0.0001484638 	 0.0000052967 	 0.0000052966 	 1.00 
209.5000000000  	 0.0001462891 	 0.0001462920 	 0.0000052193 	 0.0000052191 	 1.00 
210.0000000000  	 0.0001441495 	 0.0001441520 	 0.0000051429 	 0.0000051428 	 1.00 
210.5000000000  	 0.0001420412 	 0.0001420432 	 0.0000050677 	 0.0000050676 	 1.00 
211.0000000000  	 0.0001399637 	 0.0001399652 	 0.0000049935 	 0.0000049934 	 1.00 
211.5000000000  	 0.0001379167 	 0.0001379177 	 0.0000049204 	 0.0000049204 	 1.00 
212.0000000000  	 0.0001358996 	 0.0001359000 	 0.0000048485 	 0.0000048485 	 1.00 
212.5000000000  	 0.0001339120 	 0.0001339119 	 0.0000047775 	 0.0000047776 	 1.00 
213.0000000000  	 0.0001319535 	 0.0001319529 	 0.0000047076 	 0.0000047077 	 1.00 
213.5000000000  	 0.0001300236 	 0.0001300225 	 0.0000046388 	 0.0000046388 	 1.00 
214.0000000000  	 0.0001281219 	 0.0001281204 	 0.0000045709 	 0.0000045710 	 1.00 
214.5000000000  	 0.0001262480 	 0.0001262462 	 0.0000045040 	 0.0000045041 	 1.00 
215.0000000000  	 0.0001244014 	 0.0001243994 	 0.0000044381 	 0.0000044383 	 1.00 
215.5000000000  	 0.0001225819 	 0.0001225797 	 0.0000043732 	 0.0000043734 	 1.00 
216.0000000000  	 0.0001207889 	 0.0001207866 	 0.0000043092 	 0.0000043094 	 1.00 
216.5000000000  	 0.0001190221 	 0.0001190198 	 0.0000042462 	 0.0000042464 	 1.00 
217.0000000000  	 0.0001172811 	 0.0001172789 	 0.0000041841 	 0.0000041842 	 1.00 
217.5000000000  	 0.0001155655 	 0.0001155634 	 0.0000041229 	 0.0000041230 	 1.00 
218.0000000000  	 0.0001138750 	 0.0001138731 	 0.0000040626 	 0.0000040627 	 1.00 
218.5000000000  	 0.0001122092 	 0.0001122076 	 0.0000040032 	 0.0000040033 	 1.00 
219.0000000000  	 0.0001105677 	 0.0001105664 	 0.0000039446 	 0.0000039447 	 1.00 
219.5000000000  	 0.0001089503 	 0.0001089493 	 0.0000038870 	 0.0000038870 	 1.00 
220.0000000000  	 0.0001073565 	 0.0001073558 	 0.0000038301 	 0.0000038301 	 1.00 
220.5000000000  	 0.0001057860 	 0.0001057856 	 0.0000037741 	 0.0000037741 	 1.00 
221.0000000000  	 0.0001042384 	 0.0001042384 	 0.0000037189 	 0.0000037189 	 1.00 
221.5000000000  	 0.0001027135 	 0.0001027138 	 0.0000036645 	 0.0000036645 	 1.00 
222.0000000000  	 0.0001012110 	 0.0001012116 	 0.0000036109 	 0.0000036109 	 1.00 
222.5000000000  	 0.0000997304 	 0.0000997312 	 0.0000035581 	 0.0000035580 	 1.00 
223.0000000000  	 0.0000982715 	 0.0000982725 	 0.0000035061 	 0.0000035060 	 1.00 
223.5000000000  	 0.0000968339 	 0.0000968352 	 0.0000034548 	 0.0000034547 	 1.00 
224.0000000000  	 0.0000954174 	 0.0000954188 	 0.0000034043 	 0.0000034042 	 1.00 
224.5000000000  	 0.0000940217 	 0.0000940231 	 0.0000033545 	 0.0000033544 	 1.00 
225.0000000000  	 0.0000926464 	 0.0000926478 	 0.0000033054 	 0.0000033053 	 1.00 
225.5000000000  	 0.0000912912 	 0.0000912926 	 0.0000032570 	 0.0000032570 	 1.00 
226.0000000000  	 0.0000899559 	 0.0000899572 	 0.0000032094 	 0.0000032093 	 1.00 
226.5000000000  	 0.0000886401 	 0.0000886413 	 0.0000031624 	 0.0000031624 	 1.00 
227.0000000000  	 0.0000873436 	 0.0000873447 	 0.0000031162 	 0.0000031161 	 1.00 
227.5000000000  	 0.0000860661 	 0.0000860670 	 0.0000030706 	 0.0000030706 	 1.00 
228.0000000000  	 0.0000848073 	 0.0000848079 	 0.0000030257 	 0.0000030256 	 1.00 
228.5000000000  	 0.0000835669 	 0.0000835673 	 0.0000029814 	 0.0000029814 	 1.00 
229.0000000000  	 0.0000823446 	 0.0000823448 	 0.0000029378 	 0.0000029378 	 1.00 
229.5000000000  	 0.0000811402 	 0.0000811403 	 0.0000028948 	 0.0000028948 	 1.00 
230.0000000000  	 0.0000799535 	 0.0000799533 	 0.0000028525 	 0.0000028525 	 1.00 
230.5000000000  	 0.0000787840 	 0.0000787837 	 0.0000028107 	 0.0000028108 	 1.00 
231.0000000000  	 0.0000776317 	 0.0000776312 	 0.0000027696 	 0.0000027697 	 1.00 
231.5000000000  	 0.0000764962 	 0.0000764956 	 0.0000027291 	 0.0000027292 	 1.00 
232.0000000000  	 0.0000753774 	 0.0000753766 	 0.0000026892 	 0.0000026892 	 1.00 
232.5000000000  	 0.0000742748 	 0.0000742740 	 0.0000026498 	 0.0000026499 	 1.00 
233.0000000000  	 0.0000731884 	 0.0000731876 	 0.0000026111 	 0.0000026111 	 1.00 
233.5000000000  	 0.0000721179 	 0.0000721170 	 0.0000025729 	 0.0000025729 	 1.00 
234.0000000000  	 0.0000710630 	 0.0000710621 	 0.0000025353 	 0.0000025353 	 1.00 
234.5000000000  	 0.0000700235 	 0.0000700227 	 0.0000024982 	 0.0000024982 	 1.00 
235.0000000000  	 0.0000689992 	 0.0000689985 	 0.0000024616 	 0.0000024617 	 1.00 
235.5000000000  	 0.0000679899 	 0.0000679892 	 0.0000024256 	 0.0000024257 	 1.00 
236.0000000000  	 0.0000669953 	 0.0000669948 	 0.0000023902 	 0.0000023902 	 1.00 
236.5000000000  	 0.0000660153 	 0.0000660149 	 0.0000023552 	 0.0000023552 	 1.00 
237.0000000000  	 0.0000650496 	 0.0000650493 	 0.0000023207 	 0.0000023208 	 1.00 
237.5000000000  	 0.0000640981 	 0.0000640979 	 0.0000022868 	 0.0000022868 	 1.00 
238.0000000000  	 0.0000631604 	 0.0000631604 	 0.0000022534 	 0.0000022534 	 1.00 
238.5000000000  	 0.0000622365 	 0.0000622366 	 0.0000022204 	 0.0000022204 	 1.00 
239.0000000000  	 0.0000613261 	 0.0000613263 	 0.0000021879 	 0.0000021879 	 1.00 
239.5000000000  	 0.0000604290 	 0.0000604293 	 0.0000021559 	 0.0000021559 	 1.00 
240.0000000000  	 0.0000595450 	 0.0000595454 	 0.0000021244 	 0.0000021244 	 1.00 
240.5000000000  	 0.0000586740 	 0.0000586744 	 0.0000020933 	 0.0000020933 	 1.00 
241.0000000000  	 0.0000578157 	 0.0000578162 	 0.0000020627 	 0.0000020627 	 1.00 
241.5000000000  	 0.0000569700 	 0.0000569705 	 0.0000020325 	 0.0000020325 	 1.00 
242.0000000000  	 0.0000561367 	 0.0000561372 	 0.0000020028 	 0.0000020028 	 1.00 
242.5000000000  	 0.0000553155 	 0.0000553161 	 0.0000019735 	 0.0000019735 	 1.00 
243.0000000000  	 0.0000545064 	 0.0000545069 	 0.0000019446 	 0.0000019446 	 1.00 
243.5000000000  	 0.0000537092 	 0.0000537096 	 0.0000019162 	 0.0000019162 	 1.00 
244.0000000000  	 0.0000529236 	 0.0000529240 	 0.0000018882 	 0.0000018881 	 1.00 
244.5000000000  	 0.0000521495 	 0.0000521498 	 0.0000018605 	 0.0000018605 	 1.00 
245.0000000000  	 0.0000513867 	 0.0000513870 	 0.0000018333 	 0.0000018333 	 1.00 
245.5000000000  	 0.0000506351 	 0.0000506353 	 0.0000018065 	 0.0000018065 	 1.00 
246.0000000000  	 0.0000498945 	 0.0000498946 	 0.0000017801 	 0.0000017801 	 1.00 
246.5000000000  	 0.0000491647 	 0.0000491647 	 0.0000017540 	 0.0000017540 	 1.00 
247.0000000000  	 0.0000484456 	 0.0000484455 	 0.0000017284 	 0.0000017284 	 1.00 
247.5000000000  	 0.0000477370 	 0.0000477368 	 0.0000017031 	 0.0000017031 	 1.00 
248.0000000000  	 0.0000470387 	 0.0000470386 	 0.0000016782 	 0.0000016782 	 1.00 
248.5000000000  	 0.0000463507 	 0.0000463505 	 0.0000016536 	 0.0000016536 	 1.00 
249.0000000000  	 0.0000456727 	 0.0000456725 	 0.0000016294 	 0.0000016295 	 1.00 
249.5000000000  	 0.0000450047 	 0.0000450044 	 0.0000016056 	 0.0000016056 	 1.00 
250.0000000000  	 0.0000443464 	 0.0000443461 	 0.0000015821 	 0.0000015821 	 1.00 
250.5000000000  	 0.0000436977 	 0.0000436974 	 0.0000015590 	 0.0000015590 	 1.00 
251.0000000000  	 0.0000430586 	 0.0000430582 	 0.0000015362 	 0.0000015362 	 1.00 
251.5000000000  	 0.0000424287 	 0.0000424284 	 0.0000015137 	 0.0000015137 	 1.00 
252.0000000000  	 0.0000418081 	 0.0000418078 	 0.0000014916 	 0.0000014916 	 1.00 
252.5000000000  	 0.0000411965 	 0.0000411963 	 0.0000014697 	 0.0000014698 	 1.00 
253.0000000000  	 0.0000405939 	 0.0000405937 	 0.0000014482 	 0.0000014483 	 1.00 
253.5000000000  	 0.0000400001 	 0.0000399999 	 0.0000014271 	 0.0000014271 	 1.00 
254.0000000000  	 0.0000394150 	 0.0000394149 	 0.0000014062 	 0.0000014062 	 1.00 
254.5000000000  	 0.0000388384 	 0.0000388384 	 0.0000013856 	 0.0000013856 	 1.00 
255.0000000000  	 0.0000382703 	 0.0000382703 	 0.0000013654 	 0.0000013654 	 1.00 
255.5000000000  	 0.0000377105 	 0.0000377105 	 0.0000013454 	 0.0000013454 	 1.00 
256.0000000000  	 0.0000371589 	 0.0000371589 	 0.0000013257 	 0.0000013257 	 1.00 
256.5000000000  	 0.0000366153 	 0.0000366154 	 0.0000013063 	 0.0000013063 	 1.00 
257.0000000000  	 0.0000360797 	 0.0000360798 	 0.0000012872 	 0.0000012872 	 1.00 
257.5000000000  	 0.0000355519 	 0.0000355521 	 0.0000012684 	 0.0000012684 	 1.00 
258.0000000000  	 0.0000350319 	 0.0000350321 	 0.0000012498 	 0.0000012498 	 1.00 
258.5000000000  	 0.0000345195 	 0.0000345197 	 0.0000012316 	 0.0000012315 	 1.00 
259.0000000000  	 0.0000340145 	 0.0000340147 	 0.0000012135 	 0.0000012135 	 1.00 
259.5000000000  	 0.0000335170 	 0.0000335172 	 0.0000011958 	 0.0000011958 	 1.00 
260.0000000000  	 0.0000330267 	 0.0000330269 	 0.0000011783 	 0.0000011783 	 1.00 
260.5000000000  	 0.0000325436 	 0.0000325438 	 0.0000011611 	 0.0000011610 	 1.00 
261.0000000000  	 0.0000320676 	 0.0000320678 	 0.0000011441 	 0.0000011441 	 1.00 
261.5000000000  	 0.0000315986 	 0.0000315987 	 0.0000011273 	 0.0000011273 	 1.00 
262.0000000000  	 0.0000311364 	 0.0000311365 	 0.0000011108 	 0.0000011108 	 1.00 
262.5000000000  	 0.0000306809 	 0.0000306810 	 0.0000010946 	 0.0000010946 	 1.00 
263.0000000000  	 0.0000302322 	 0.0000302322 	 0.0000010786 	 0.0000010786 	 1.00 
263.5000000000  	 0.0000297900 	 0.0000297900 	 0.0000010628 	 0.0000010628 	 1.00 
264.0000000000  	 0.0000293542 	 0.0000293542 	 0.0000010473 	 0.0000010473 	 1.00 
264.5000000000  	 0.0000289249 	 0.0000289248 	 0.0000010319 	 0.0000010319 	 1.00 
265.0000000000  	 0.0000285018 	 0.0000285017 	 0.0000010168 	 0.0000010169 	 1.00 
265.5000000000  	 0.0000280849 	 0.0000280848 	 0.0000010020 	 0.0000010020 	 1.00 
266.0000000000  	 0.0000276741 	 0.0000276740 	 0.0000009873 	 0.0000009873 	 1.00 
266.5000000000  	 0.0000272693 	 0.0000272692 	 0.0000009729 	 0.0000009729 	 1.00 
267.0000000000  	 0.0000268704 	 0.0000268703 	 0.0000009586 	 0.0000009587 	 1.00 
267.5000000000  	 0.0000264774 	 0.0000264773 	 0.0000009446 	 0.0000009446 	 1.00 
268.0000000000  	 0.0000260901 	 0.0000260900 	 0.0000009308 	 0.0000009308 	 1.00 
268.5000000000  	 0.0000257085 	 0.0000257083 	 0.0000009172 	 0.0000009172 	 1.00 
269.0000000000  	 0.0000253324 	 0.0000253323 	 0.0000009038 	 0.0000009038 	 1.00 
269.5000000000  	 0.0000249619 	 0.0000249618 	 0.0000008906 	 0.0000008906 	 1.00 
270.0000000000  	 0.0000245967 	 0.0000245966 	 0.0000008775 	 0.0000008775 	 1.00 
270.5000000000  	 0.0000242369 	 0.0000242369 	 0.0000008647 	 0.0000008647 	 1.00 
271.0000000000  	 0.0000238824 	 0.0000238824 	 0.0000008520 	 0.0000008520 	 1.00 
271.5000000000  	 0.0000235331 	 0.0000235330 	 0.0000008396 	 0.0000008396 	 1.00 
272.0000000000  	 0.0000231888 	 0.0000231888 	 0.0000008273 	 0.0000008273 	 1.00 
272.5000000000  	 0.0000228496 	 0.0000228496 	 0.0000008152 	 0.0000008152 	 1.00 
273.0000000000  	 0.0000225154 	 0.0000225154 	 0.0000008033 	 0.0000008033 	 1.00 
273.5000000000  	 0.0000221860 	 0.0000221861 	 0.0000007915 	 0.0000007915 	 1.00 
274.0000000000  	 0.0000218615 	 0.0000218616 	 0.0000007800 	 0.0000007799 	 1.00 
274.5000000000  	 0.0000215417 	 0.0000215418 	 0.0000007685 	 0.0000007685 	 1.00 
275.0000000000  	 0.0000212266 	 0.0000212267 	 0.0000007573 	 0.0000007573 	 1.00 
275.5000000000  	 0.0000209161 	 0.0000209162 	 0.0000007462 	 0.0000007462 	 1.00 
276.0000000000  	 0.0000206102 	 0.0000206103 	 0.0000007353 	 0.0000007353 	 1.00 
276.5000000000  	 0.0000203087 	 0.0000203088 	 0.0000007246 	 0.0000007245 	 1.00 
277.0000000000  	 0.0000200116 	 0.0000200117 	 0.0000007140 	 0.0000007139 	 1.00 
277.5000000000  	 0.0000197189 	 0.0000197190 	 0.0000007035 	 0.0000007035 	 1.00 
278.0000000000  	 0.0000194305 	 0.0000194306 	 0.0000006932 	 0.0000006932 	 1.00 
278.5000000000  	 0.0000191463 	 0.0000191463 	 0.0000006831 	 0.0000006831 	 1.00 
279.0000000000  	 0.0000188662 	 0.0000188663 	 0.0000006731 	 0.0000006731 	 1.00 
279.5000000000  	 0.0000185903 	 0.0000185903 	 0.0000006632 	 0.0000006632 	 1.00 
280.0000000000  	 0.0000183184 	 0.0000183184 	 0.0000006535 	 0.0000006535 	 1.00 
280.5000000000  	 0.0000180504 	 0.0000180504 	 0.0000006440 	 0.0000006440 	 1.00 
281.0000000000  	 0.0000177864 	 0.0000177864 	 0.0000006346 	 0.0000006346 	 1.00 
281.5000000000  	 0.0000175262 	 0.0000175262 	 0.0000006253 	 0.0000006253 	 1.00 
282.0000000000  	 0.0000172699 	 0.0000172698 	 0.0000006161 	 0.0000006161 	 1.00 
282.5000000000  	 0.0000170173 	 0.0000170172 	 0.0000006071 	 0.0000006071 	 1.00 
283.0000000000  	 0.0000167683 	 0.0000167683 	 0.0000005982 	 0.0000005982 	 1.00 
283.5000000000  	 0.0000165231 	 0.0000165230 	 0.0000005895 	 0.0000005895 	 1.00 
284.0000000000  	 0.0000162814 	 0.0000162813 	 0.0000005809 	 0.0000005809 	 1.00 
284.5000000000  	 0.0000160432 	 0.0000160432 	 0.0000005724 	 0.0000005724 	 1.00 
285.0000000000  	 0.0000158086 	 0.0000158085 	 0.0000005640 	 0.0000005640 	 1.00 
285.5000000000  	 0.0000155773 	 0.0000155773 	 0.0000005557 	 0.0000005557 	 1.00 
286.0000000000  	 0.0000153495 	 0.0000153494 	 0.0000005476 	 0.0000005476 	 1.00 
286.5000000000  	 0.0000151249 	 0.0000151249 	 0.0000005396 	 0.0000005396 	 1.00 
287.0000000000  	 0.0000149037 	 0.0000149037 	 0.0000005317 	 0.0000005317 	 1.00 
287.5000000000  	 0.0000146857 	 0.0000146857 	 0.0000005239 	 0.0000005239 	 1.00 
288.0000000000  	 0.0000144709 	 0.0000144709 	 0.0000005163 	 0.0000005163 	 1.00 
288.5000000000  	 0.0000142592 	 0.0000142592 	 0.0000005087 	 0.0000005087 	 1.00 
289.0000000000  	 0.0000140506 	 0.0000140506 	 0.0000005013 	 0.0000005013 	 1.00 
289.5000000000  	 0.0000138451 	 0.0000138451 	 0.0000004939 	 0.0000004939 	 1.00 
290.0000000000  	 0.0000136426 	 0.0000136426 	 0.0000004867 	 0.0000004867 	 1.00 
290.5000000000  	 0.0000134430 	 0.0000134430 	 0.0000004796 	 0.0000004796 	 1.00 
291.0000000000  	 0.0000132464 	 0.0000132464 	 0.0000004726 	 0.0000004726 	 1.00 
291.5000000000  	 0.0000130526 	 0.0000130526 	 0.0000004657 	 0.0000004657 	 1.00 
292.0000000000  	 0.0000128617 	 0.0000128617 	 0.0000004589 	 0.0000004589 	 1.00 
292.5000000000  	 0.0000126736 	 0.0000126736 	 0.0000004522 	 0.0000004522 	 1.00 
293.0000000000  	 0.0000124882 	 0.0000124882 	 0.0000004455 	 0.0000004455 	 1.00 
293.5000000000  	 0.0000123055 	 0.0000123055 	 0.0000004390 	 0.0000004390 	 1.00 
294.0000000000  	 0.0000121255 	 0.0000121255 	 0.0000004326 	 0.0000004326 	 1.00 
294.5000000000  	 0.0000119481 	 0.0000119482 	 0.0000004263 	 0.0000004263 	 1.00 
295.0000000000  	 0.0000117734 	 0.0000117734 	 0.0000004200 	 0.0000004200 	 1.00 
295.5000000000  	 0.0000116012 	 0.0000116012 	 0.0000004139 	 0.0000004139 	 1.00 
296.0000000000  	 0.0000114315 	 0.0000114315 	 0.0000004078 	 0.0000004078 	 1.00 
296.5000000000  	 0.0000112643 	 0.0000112643 	 0.0000004019 	 0.0000004019 	 1.00 
297.0000000000  	 0.0000110995 	 0.0000110995 	 0.0000003960 	 0.0000003960 	 1.00 
297.5000000000  	 0.0000109371 	 0.0000109372 	 0.0000003902 	 0.0000003902 	 1.00 
298.0000000000  	 0.0000107772 	 0.0000107772 	 0.0000003845 	 0.0000003845 	 1.00 
298.5000000000  	 0.0000106195 	 0.0000106195 	 0.0000003789 	 0.0000003789 	 1.00 
299.0000000000  	 0.0000104642 	 0.0000104642 	 0.0000003733 	 0.0000003733 	 1.00 
299.5000000000  	 0.0000103111 	 0.0000103111 	 0.0000003679 	 0.0000003679 	 1.00 
# end of calculation 2019_08_27_16_13_51 
# time difference 00_00_00_00_00_14 -- in Minutes 0 in Seconds 14 
