## Date: 27.8.2019 -- Time: 16:48:55  
## Gamma_l=0.5000000000 - Gamma_m=0.0000000000 - Gamma_r=0.2500000000 
## phi_l=0.0000000000 - phi_m=0.0000000000 - phi_r=3.1415926536 
## init_000=0.00 - init_001=0.00 - init_010=0.00 - init_011=1.00 
## dt=0.500000 - t_end=600 - fb=10 - cutoff=0.000001000000 -- Nbin=2 
0.0000000000 	0.0000000000 	0.0000000000 	0.0000000000 	1.0000000000 	1.0000000000 	
0.5000000000 	0.0140687535 	0.2157800941 	0.0471399658 	0.7230111873 	1.0000000007 	
1.0000000000 	0.0482833096 	0.3585838929 	0.0703876216 	0.5227451770 	1.0000000012 	
1.5000000000 	0.0937646571 	0.4494334356 	0.0788512977 	0.3779506111 	1.0000000015 	
2.0000000000 	0.1447150759 	0.5034784091 	0.0785439967 	0.2732625201 	1.0000000018 	
2.5000000000 	0.1974300545 	0.5316257529 	0.0733723355 	0.1975718591 	1.0000000019 	
3.0000000000 	0.2496143223 	0.5417176959 	0.0658213194 	0.1428466644 	1.0000000021 	
3.5000000000 	0.2999107975 	0.5393833163 	0.0574261519 	0.1032797365 	1.0000000022 	
4.0000000000 	0.3475781113 	0.5286540657 	0.0490954203 	0.0746724049 	1.0000000022 	
4.5000000000 	0.3922714229 	0.5124086461 	0.0413309492 	0.0539889841 	1.0000000023 	
5.0000000000 	0.4338947285 	0.4926945173 	0.0343761170 	0.0390346395 	1.0000000023 	
5.5000000000 	0.4642986587 	0.4756467764 	0.0330014590 	0.0270531082 	1.0000000024 	
6.0000000000 	0.4880547020 	0.4572354011 	0.0375869581 	0.0171229412 	1.0000000024 	
6.5000000000 	0.5077833427 	0.4375789172 	0.0449458300 	0.0096883382 	0.9999964280 	
7.0000000000 	0.5252038214 	0.4169676619 	0.0531616896 	0.0046606901 	0.9999938631 	
7.5000000000 	0.5413200989 	0.3958570494 	0.0611366746 	0.0016783508 	0.9999921737 	
8.0000000000 	0.5567243546 	0.3746795796 	0.0683035145 	0.0002821337 	0.9999895824 	
8.5000000000 	0.5717517575 	0.3538003545 	0.0744134680 	0.0000175777 	0.9999831576 	
9.0000000000 	0.5865915241 	0.3334917465 	0.0794006189 	0.0004883046 	0.9999721941 	
9.5000000000 	0.6013301921 	0.3139560136 	0.0832960474 	0.0013760967 	0.9999583498 	
10.0000000000 	0.6159567373 	0.2953652473 	0.0861835460 	0.0024435056 	0.9999490361 	
10.5000000000 	0.6317853868 	0.2764055721 	0.0883518054 	0.0033962231 	0.9999389874 	
11.0000000000 	0.6496404605 	0.2562843163 	0.0899945347 	0.0040054887 	0.9999248002 	
11.5000000000 	0.6689422704 	0.2356500589 	0.0910435156 	0.0042647782 	0.9999006230 	
12.0000000000 	0.6892274301 	0.2149543510 	0.0914848234 	0.0042219476 	0.9998885520 	
12.5000000000 	0.7098728454 	0.1946643749 	0.0913787690 	0.0039544272 	0.9998704164 	
13.0000000000 	0.7305480798 	0.1750452519 	0.0907404751 	0.0035259578 	0.9998597647 	
13.5000000000 	0.7508176871 	0.1563722678 	0.0896535403 	0.0030022648 	0.9998457599 	
14.0000000000 	0.7704441038 	0.1388035950 	0.0881407080 	0.0024433480 	0.9998317548 	
14.5000000000 	0.7891617406 	0.1224778082 	0.0862768522 	0.0018939689 	0.9998103698 	
15.0000000000 	0.8068049648 	0.1074570503 	0.0841354754 	0.0013922792 	0.9997897697 	
15.5000000000 	0.8232648457 	0.0937707357 	0.0817627151 	0.0009676137 	0.9997659102 	
16.0000000000 	0.8386109739 	0.0813981027 	0.0791042258 	0.0006312915 	0.9997445939 	
16.5000000000 	0.8529310781 	0.0702169836 	0.0761935920 	0.0003791385 	0.9997207922 	
17.0000000000 	0.8661939605 	0.0603156825 	0.0729877439 	0.0002027155 	0.9997001024 	
17.5000000000 	0.8784283278 	0.0516435189 	0.0695196202 	0.0000899949 	0.9996814619 	
18.0000000000 	0.8896611924 	0.0441392959 	0.0658264811 	0.0000276774 	0.9996546468 	
18.5000000000 	0.8999518888 	0.0376901536 	0.0619871587 	0.0000025578 	0.9996317590 	
19.0000000000 	0.9092996953 	0.0322895384 	0.0580163272 	0.0000021748 	0.9996077356 	
19.5000000000 	0.9177359486 	0.0278477373 	0.0539878537 	0.0000158576 	0.9995873972 	
20.0000000000 	0.9252808389 	0.0243148932 	0.0499374453 	0.0000355368 	0.9995687142 	
20.5000000000 	0.9319456062 	0.0216045236 	0.0459450173 	0.0000548700 	0.9995500171 	
21.0000000000 	0.9378346937 	0.0196168288 	0.0420125529 	0.0000705638 	0.9995346392 	
21.5000000000 	0.9429702100 	0.0182786903 	0.0381945269 	0.0000804785 	0.9995239057 	
22.0000000000 	0.9474006483 	0.0175093842 	0.0345189874 	0.0000843344 	0.9995133544 	
22.5000000000 	0.9511768185 	0.0172303470 	0.0310121879 	0.0000828779 	0.9995022314 	
23.0000000000 	0.9543602241 	0.0173616611 	0.0276956005 	0.0000769153 	0.9994944011 	
23.5000000000 	0.9570091624 	0.0178286798 	0.0245841066 	0.0000681524 	0.9994901013 	
24.0000000000 	0.9591826083 	0.0185589096 	0.0216884066 	0.0000576851 	0.9994876096 	
24.5000000000 	0.9609379775 	0.0194836466 	0.0190172525 	0.0000469299 	0.9994858065 	
25.0000000000 	0.9623329288 	0.0205410950 	0.0165734993 	0.0000367298 	0.9994842529 	
25.5000000000 	0.9634148646 	0.0216763794 	0.0143643315 	0.0000272694 	0.9994828448 	
26.0000000000 	0.9642390342 	0.0228384696 	0.0123844809 	0.0000192434 	0.9994812282 	
26.5000000000 	0.9648550954 	0.0239823601 	0.0106292120 	0.0000128191 	0.9994794866 	
27.0000000000 	0.9653084003 	0.0250694835 	0.0090918465 	0.0000079507 	0.9994776810 	
27.5000000000 	0.9656397747 	0.0260673360 	0.0077644051 	0.0000043860 	0.9994759017 	
28.0000000000 	0.9658868488 	0.0269491472 	0.0066360763 	0.0000020181 	0.9994740905 	
28.5000000000 	0.9660832541 	0.0276936592 	0.0056947311 	0.0000000001 	0.9994716446 	
29.0000000000 	0.9662576531 	0.0282836078 	0.0049264822 	0.0000000001 	0.9994677432 	
29.5000000000 	0.9664356531 	0.0287114903 	0.0043179684 	0.0000000000 	0.9994651118 	
30.0000000000 	0.9666408245 	0.0289656252 	0.0038559744 	0.0000000000 	0.9994624241 	
30.5000000000 	0.9668891261 	0.0290469403 	0.0035237532 	0.0000000000 	0.9994598196 	
31.0000000000 	0.9671953073 	0.0289553546 	0.0033067598 	0.0000000000 	0.9994574218 	
31.5000000000 	0.9675701171 	0.0286952008 	0.0031899992 	0.0000000001 	0.9994553171 	
32.0000000000 	0.9680210904 	0.0282736780 	0.0031587831 	0.0000000001 	0.9994535516 	
32.5000000000 	0.9685535967 	0.0277007390 	0.0031982061 	0.0000000001 	0.9994525419 	
33.0000000000 	0.9691688991 	0.0269877739 	0.0032958687 	0.0000000001 	0.9994525419 	
33.5000000000 	0.9698662317 	0.0261477906 	0.0034385195 	0.0000000001 	0.9994525418 	
34.0000000000 	0.9706430429 	0.0251952976 	0.0036142012 	0.0000000001 	0.9994525418 	
34.5000000000 	0.9714950053 	0.0241456536 	0.0038118828 	0.0000000001 	0.9994525418 	
35.0000000000 	0.9724163283 	0.0230147015 	0.0040215118 	0.0000000001 	0.9994525418 	
35.5000000000 	0.9734000199 	0.0218184486 	0.0042340733 	0.0000000001 	0.9994525418 	
36.0000000000 	0.9744380639 	0.0205727923 	0.0044416855 	0.0000000001 	0.9994525418 	
36.5000000000 	0.9755217491 	0.0192932603 	0.0046375324 	0.0000000000 	0.9994525418 	
37.0000000000 	0.9766419128 	0.0179947828 	0.0048158462 	0.0000000000 	0.9994525418 	
37.5000000000 	0.9777891048 	0.0166914954 	0.0049719416 	0.0000000000 	0.9994525418 	
38.0000000000 	0.9789538132 	0.0153966031 	0.0051021255 	0.0000000000 	0.9994525418 	
38.5000000000 	0.9801266819 	0.0141222259 	0.0052036340 	0.0000000000 	0.9994525418 	
39.0000000000 	0.9812986346 	0.0128793211 	0.0052745861 	0.0000000000 	0.9994525418 	
39.5000000000 	0.9824610127 	0.0116776118 	0.0053139173 	0.0000000000 	0.9994525418 	
40.0000000000 	0.9836056911 	0.0105255445 	0.0053213062 	0.0000000000 	0.9994525418 	
40.5000000000 	0.9847251694 	0.0094302743 	0.0052970981 	0.0000000000 	0.9994525418 	
41.0000000000 	0.9858126533 	0.0083976628 	0.0052422256 	0.0000000000 	0.9994525418 	
41.5000000000 	0.9868621136 	0.0074322992 	0.0051581290 	0.0000000000 	0.9994525418 	
42.0000000000 	0.9878683218 	0.0065375425 	0.0050466775 	0.0000000000 	0.9994525418 	
42.5000000000 	0.9888268706 	0.0057155799 	0.0049100913 	0.0000000000 	0.9994525418 	
43.0000000000 	0.9897341778 	0.0049674976 	0.0047508664 	0.0000000000 	0.9994525418 	
43.5000000000 	0.9905874778 	0.0042933605 	0.0045717035 	0.0000000000 	0.9994525418 	
44.0000000000 	0.9913847997 	0.0036923017 	0.0043754403 	0.0000000000 	0.9994525418 	
44.5000000000 	0.9921249342 	0.0031626175 	0.0041649900 	0.0000000000 	0.9994525418 	
45.0000000000 	0.9928073907 	0.0027018666 	0.0039432845 	0.0000000000 	0.9994525418 	
45.5000000000 	0.9934323475 	0.0023069710 	0.0037132233 	0.0000000000 	0.9994525418 	
46.0000000000 	0.9940005958 	0.0019743178 	0.0034776281 	0.0000000000 	0.9994525418 	
46.5000000000 	0.9945134795 	0.0016998587 	0.0032392036 	0.0000000000 	0.9994525418 	
47.0000000000 	0.9949728315 	0.0014792069 	0.0030005034 	0.0000000000 	0.9994525418 	
47.5000000000 	0.9953809088 	0.0013077307 	0.0027639023 	0.0000000000 	0.9994525418 	
48.0000000000 	0.9957403268 	0.0011806411 	0.0025315739 	0.0000000000 	0.9994525418 	
48.5000000000 	0.9960539936 	0.0010930738 	0.0023054744 	0.0000000000 	0.9994525418 	
49.0000000000 	0.9963250470 	0.0010401644 	0.0020873304 	0.0000000000 	0.9994525418 	
49.5000000000 	0.9965567924 	0.0010171168 	0.0018786326 	0.0000000000 	0.9994525418 	
50.0000000000 	0.9967526450 	0.0010192637 	0.0016806330 	0.0000000000 	0.9994525418 	
50.5000000000 	0.9969160746 	0.0010421198 	0.0014943473 	0.0000000000 	0.9994525418 	
51.0000000000 	0.9970505556 	0.0010814266 	0.0013205596 	0.0000000000 	0.9994525418 	
51.5000000000 	0.9971595203 	0.0011331904 	0.0011598311 	0.0000000000 	0.9994525418 	
52.0000000000 	0.9972463182 	0.0011937123 	0.0010125112 	0.0000000000 	0.9994525418 	
52.5000000000 	0.9973141796 	0.0012596110 	0.0008787511 	0.0000000000 	0.9994525418 	
53.0000000000 	0.9973661843 	0.0013278387 	0.0007585189 	0.0000000000 	0.9994525418 	
53.5000000000 	0.9974052355 	0.0013956903 	0.0006516159 	0.0000000000 	0.9994525418 	
54.0000000000 	0.9974340390 	0.0014608077 	0.0005576951 	0.0000000000 	0.9994525418 	
54.5000000000 	0.9974550863 	0.0015211769 	0.0004762786 	0.0000000000 	0.9994525418 	
55.0000000000 	0.9974706434 	0.0015751218 	0.0004067765 	0.0000000000 	0.9994525418 	
55.5000000000 	0.9974827433 	0.0016212930 	0.0003485055 	0.0000000000 	0.9994525418 	
56.0000000000 	0.9974931824 	0.0016586526 	0.0003007068 	0.0000000000 	0.9994525418 	
56.5000000000 	0.9975035213 	0.0016864563 	0.0002625641 	0.0000000000 	0.9994525418 	
57.0000000000 	0.9975150885 	0.0017042332 	0.0002332201 	0.0000000000 	0.9994525418 	
57.5000000000 	0.9975289867 	0.0017117627 	0.0002117923 	0.0000000000 	0.9994525418 	
58.0000000000 	0.9975461026 	0.0017090510 	0.0001973882 	0.0000000000 	0.9994525418 	
58.5000000000 	0.9975671182 	0.0016963055 	0.0001891181 	0.0000000000 	0.9994525418 	
59.0000000000 	0.9975925238 	0.0016739100 	0.0001861079 	0.0000000000 	0.9994525418 	
59.5000000000 	0.9976226333 	0.0016423989 	0.0001875097 	0.0000000000 	0.9994525418 	
60.0000000000 	0.9976575994 	0.0016024316 	0.0001925107 	0.0000000000 	0.9994525418 	
60.5000000000 	0.9976974309 	0.0015547690 	0.0002003419 	0.0000000000 	0.9994525418 	
61.0000000000 	0.9977420087 	0.0015002488 	0.0002102843 	0.0000000000 	0.9994525418 	
61.5000000000 	0.9977911037 	0.0014397643 	0.0002216738 	0.0000000000 	0.9994525418 	
62.0000000000 	0.9978443935 	0.0013742427 	0.0002339055 	0.0000000000 	0.9994525418 	
62.5000000000 	0.9979014788 	0.0013046267 	0.0002464363 	0.0000000000 	0.9994525418 	
63.0000000000 	0.9979618995 	0.0012318564 	0.0002587859 	0.0000000000 	0.9994525418 	
63.5000000000 	0.9980251500 	0.0011568540 	0.0002705378 	0.0000000000 	0.9994525418 	
64.0000000000 	0.9980906934 	0.0010805102 	0.0002813382 	0.0000000000 	0.9994525418 	
64.5000000000 	0.9981579747 	0.0010036721 	0.0002908950 	0.0000000000 	0.9994525418 	
65.0000000000 	0.9982264330 	0.0009271336 	0.0002989751 	0.0000000000 	0.9994525418 	
65.5000000000 	0.9982955126 	0.0008516273 	0.0003054019 	0.0000000000 	0.9994525418 	
66.0000000000 	0.9983646721 	0.0007778180 	0.0003100517 	0.0000000000 	0.9994525418 	
66.5000000000 	0.9984333934 	0.0007062985 	0.0003128498 	0.0000000000 	0.9994525418 	
67.0000000000 	0.9985011886 	0.0006375866 	0.0003137665 	0.0000000000 	0.9994525418 	
67.5000000000 	0.9985676058 	0.0005721236 	0.0003128124 	0.0000000000 	0.9994525418 	
68.0000000000 	0.9986322339 	0.0005102740 	0.0003100338 	0.0000000000 	0.9994525418 	
68.5000000000 	0.9986947061 	0.0004523272 	0.0003055085 	0.0000000000 	0.9994525418 	
69.0000000000 	0.9987547023 	0.0003984992 	0.0002993402 	0.0000000000 	0.9994525418 	
69.5000000000 	0.9988119505 	0.0003489362 	0.0002916550 	0.0000000000 	0.9994525418 	
70.0000000000 	0.9988662275 	0.0003037182 	0.0002825960 	0.0000000000 	0.9994525418 	
70.5000000000 	0.9989173581 	0.0002628639 	0.0002723198 	0.0000000000 	0.9994525418 	
71.0000000000 	0.9989652145 	0.0002263355 	0.0002609918 	0.0000000000 	0.9994525418 	
71.5000000000 	0.9990097141 	0.0001940447 	0.0002487830 	0.0000000000 	0.9994525418 	
72.0000000000 	0.9990508173 	0.0001658581 	0.0002358663 	0.0000000000 	0.9994525418 	
72.5000000000 	0.9990885247 	0.0001416035 	0.0002224136 	0.0000000000 	0.9994525418 	
73.0000000000 	0.9991228741 	0.0001210752 	0.0002085925 	0.0000000000 	0.9994525418 	
73.5000000000 	0.9991539365 	0.0001040407 	0.0001945646 	0.0000000000 	0.9994525418 	
74.0000000000 	0.9991818128 	0.0000902460 	0.0001804829 	0.0000000000 	0.9994525418 	
74.5000000000 	0.9992066302 	0.0000794214 	0.0001664902 	0.0000000000 	0.9994525418 	
75.0000000000 	0.9992285376 	0.0000712863 	0.0001527178 	0.0000000000 	0.9994525418 	
75.5000000000 	0.9992477026 	0.0000655548 	0.0001392844 	0.0000000000 	0.9994525418 	
76.0000000000 	0.9992643068 	0.0000619397 	0.0001262953 	0.0000000000 	0.9994525418 	
76.5000000000 	0.9992785430 	0.0000601568 	0.0001138419 	0.0000000000 	0.9994525418 	
77.0000000000 	0.9992906113 	0.0000599288 	0.0001020017 	0.0000000000 	0.9994525418 	
77.5000000000 	0.9993007155 	0.0000609882 	0.0000908380 	0.0000000000 	0.9994525418 	
78.0000000000 	0.9993090609 	0.0000630802 	0.0000804006 	0.0000000000 	0.9994525418 	
78.5000000000 	0.9993158506 	0.0000659654 	0.0000707258 	0.0000000000 	0.9994525418 	
79.0000000000 	0.9993212836 	0.0000694209 	0.0000618373 	0.0000000000 	0.9994525418 	
79.5000000000 	0.9993255523 	0.0000732426 	0.0000537470 	0.0000000000 	0.9994525418 	
80.0000000000 	0.9993288406 	0.0000772456 	0.0000464556 	0.0000000000 	0.9994525418 	
80.5000000000 	0.9993313226 	0.0000812654 	0.0000399538 	0.0000000000 	0.9994525418 	
81.0000000000 	0.9993331607 	0.0000851576 	0.0000342235 	0.0000000000 	0.9994525418 	
81.5000000000 	0.9993345053 	0.0000887983 	0.0000292381 	0.0000000000 	0.9994525418 	
82.0000000000 	0.9993354934 	0.0000920838 	0.0000249646 	0.0000000000 	0.9994525418 	
82.5000000000 	0.9993362482 	0.0000949296 	0.0000213640 	0.0000000000 	0.9994525418 	
83.0000000000 	0.9993368794 	0.0000972698 	0.0000183926 	0.0000000000 	0.9994525418 	
83.5000000000 	0.9993374824 	0.0000990564 	0.0000160030 	0.0000000000 	0.9994525418 	
84.0000000000 	0.9993381391 	0.0001002575 	0.0000141452 	0.0000000000 	0.9994525418 	
84.5000000000 	0.9993389178 	0.0001008565 	0.0000127675 	0.0000000000 	0.9994525418 	
85.0000000000 	0.9993398739 	0.0001008505 	0.0000118174 	0.0000000000 	0.9994525418 	
85.5000000000 	0.9993410508 	0.0001002488 	0.0000112422 	0.0000000000 	0.9994525418 	
86.0000000000 	0.9993424801 	0.0000990715 	0.0000109902 	0.0000000000 	0.9994525418 	
86.5000000000 	0.9993441829 	0.0000973479 	0.0000110109 	0.0000000000 	0.9994525418 	
87.0000000000 	0.9993461706 	0.0000951153 	0.0000112558 	0.0000000000 	0.9994525418 	
87.5000000000 	0.9993484457 	0.0000924171 	0.0000116789 	0.0000000000 	0.9994525418 	
88.0000000000 	0.9993510031 	0.0000893016 	0.0000122371 	0.0000000000 	0.9994525418 	
88.5000000000 	0.9993538308 	0.0000858208 	0.0000128902 	0.0000000000 	0.9994525418 	
89.0000000000 	0.9993569111 	0.0000820289 	0.0000136018 	0.0000000000 	0.9994525418 	
89.5000000000 	0.9993602216 	0.0000779813 	0.0000143388 	0.0000000000 	0.9994525418 	
90.0000000000 	0.9993637359 	0.0000737337 	0.0000150721 	0.0000000000 	0.9994525418 	
90.5000000000 	0.9993674250 	0.0000693408 	0.0000157760 	0.0000000000 	0.9994525418 	
91.0000000000 	0.9993712574 	0.0000648555 	0.0000164289 	0.0000000000 	0.9994525418 	
91.5000000000 	0.9993752007 	0.0000603286 	0.0000170125 	0.0000000000 	0.9994525418 	
92.0000000000 	0.9993792218 	0.0000558077 	0.0000175123 	0.0000000000 	0.9994525418 	
92.5000000000 	0.9993832880 	0.0000513369 	0.0000179169 	0.0000000000 	0.9994525418 	
93.0000000000 	0.9993873668 	0.0000469566 	0.0000182184 	0.0000000000 	0.9994525418 	
93.5000000000 	0.9993914275 	0.0000427027 	0.0000184115 	0.0000000000 	0.9994525418 	
94.0000000000 	0.9993954408 	0.0000386069 	0.0000184940 	0.0000000000 	0.9994525418 	
94.5000000000 	0.9993993795 	0.0000346965 	0.0000184658 	0.0000000000 	0.9994525418 	
95.0000000000 	0.9994032186 	0.0000309940 	0.0000183292 	0.0000000000 	0.9994525418 	
95.5000000000 	0.9994069360 	0.0000275176 	0.0000180882 	0.0000000000 	0.9994525418 	
96.0000000000 	0.9994105119 	0.0000242812 	0.0000177487 	0.0000000000 	0.9994525418 	
96.5000000000 	0.9994139296 	0.0000212943 	0.0000173178 	0.0000000000 	0.9994525418 	
97.0000000000 	0.9994171753 	0.0000185628 	0.0000168036 	0.0000000000 	0.9994525418 	
97.5000000000 	0.9994202379 	0.0000160886 	0.0000162153 	0.0000000000 	0.9994525418 	
98.0000000000 	0.9994231091 	0.0000138702 	0.0000155624 	0.0000000000 	0.9994525418 	
98.5000000000 	0.9994257835 	0.0000119033 	0.0000148550 	0.0000000000 	0.9994525418 	
99.0000000000 	0.9994282580 	0.0000101806 	0.0000141032 	0.0000000000 	0.9994525418 	
99.5000000000 	0.9994305320 	0.0000086925 	0.0000133173 	0.0000000000 	0.9994525418 	
100.0000000000 	0.9994326073 	0.0000074273 	0.0000125071 	0.0000000000 	0.9994525418 	
100.5000000000 	0.9994344877 	0.0000063717 	0.0000116824 	0.0000000000 	0.9994525418 	
101.0000000000 	0.9994361785 	0.0000055111 	0.0000108522 	0.0000000000 	0.9994525418 	
101.5000000000 	0.9994376869 	0.0000048297 	0.0000100252 	0.0000000000 	0.9994525418 	
102.0000000000 	0.9994390214 	0.0000043111 	0.0000092093 	0.0000000000 	0.9994525418 	
102.5000000000 	0.9994401916 	0.0000039386 	0.0000084116 	0.0000000000 	0.9994525418 	
103.0000000000 	0.9994412080 	0.0000036951 	0.0000076386 	0.0000000000 	0.9994525418 	
103.5000000000 	0.9994420819 	0.0000035639 	0.0000068959 	0.0000000000 	0.9994525418 	
104.0000000000 	0.9994428250 	0.0000035285 	0.0000061883 	0.0000000000 	0.9994525418 	
104.5000000000 	0.9994434491 	0.0000035730 	0.0000055196 	0.0000000000 	0.9994525418 	
105.0000000000 	0.9994439665 	0.0000036822 	0.0000048931 	0.0000000000 	0.9994525418 	
105.5000000000 	0.9994443891 	0.0000038416 	0.0000043111 	0.0000000000 	0.9994525418 	
106.0000000000 	0.9994447288 	0.0000040379 	0.0000037751 	0.0000000000 	0.9994525418 	
106.5000000000 	0.9994449969 	0.0000042587 	0.0000032861 	0.0000000000 	0.9994525418 	
107.0000000000 	0.9994452046 	0.0000044929 	0.0000028442 	0.0000000000 	0.9994525418 	
107.5000000000 	0.9994453621 	0.0000047305 	0.0000024491 	0.0000000000 	0.9994525418 	
108.0000000000 	0.9994454794 	0.0000049626 	0.0000020998 	0.0000000000 	0.9994525418 	
108.5000000000 	0.9994455653 	0.0000051817 	0.0000017948 	0.0000000000 	0.9994525418 	
109.0000000000 	0.9994456282 	0.0000053813 	0.0000015323 	0.0000000000 	0.9994525418 	
109.5000000000 	0.9994456755 	0.0000055561 	0.0000013102 	0.0000000000 	0.9994525418 	
110.0000000000 	0.9994457140 	0.0000057020 	0.0000011257 	0.0000000000 	0.9994525418 	
110.5000000000 	0.9994457495 	0.0000058134 	0.0000000147 	0.0000000000 	0.9994515777 	
111.0000000000 	0.9994433608 	0.0000059028 	0.0000000001 	0.0000000000 	0.9994492637 	
111.5000000000 	0.9994433108 	0.0000059433 	0.0000000097 	0.0000000000 	0.9994492637 	
112.0000000000 	0.9994432887 	0.0000059351 	0.0000000400 	0.0000000000 	0.9994492637 	
112.5000000000 	0.9994432954 	0.0000058808 	0.0000000875 	0.0000000000 	0.9994492637 	
113.0000000000 	0.9994433312 	0.0000057836 	0.0000001489 	0.0000000000 	0.9994492637 	
113.5000000000 	0.9994433957 	0.0000056471 	0.0000002209 	0.0000000000 	0.9994492637 	
114.0000000000 	0.9994434879 	0.0000054754 	0.0000003005 	0.0000000000 	0.9994492637 	
114.5000000000 	0.9994436065 	0.0000052725 	0.0000003848 	0.0000000000 	0.9994492637 	
115.0000000000 	0.9994437496 	0.0000050429 	0.0000004712 	0.0000000000 	0.9994492637 	
115.5000000000 	0.9994439207 	0.0000047853 	0.0000005577 	0.0000000000 	0.9994492637 	
116.0000000000 	0.9994441120 	0.0000045098 	0.0000006419 	0.0000000000 	0.9994492637 	
116.5000000000 	0.9994443196 	0.0000042221 	0.0000007220 	0.0000000000 	0.9994492637 	
117.0000000000 	0.9994445409 	0.0000039263 	0.0000007966 	0.0000000000 	0.9994492637 	
117.5000000000 	0.9994447734 	0.0000036260 	0.0000008643 	0.0000000000 	0.9994492637 	
118.0000000000 	0.9994450144 	0.0000033251 	0.0000009242 	0.0000000000 	0.9994492637 	
118.5000000000 	0.9994452614 	0.0000030268 	0.0000009755 	0.0000000000 	0.9994492637 	
119.0000000000 	0.9994455119 	0.0000027341 	0.0000010177 	0.0000000000 	0.9994492637 	
119.5000000000 	0.9994457633 	0.0000024499 	0.0000010506 	0.0000000000 	0.9994492637 	
120.0000000000 	0.9994460134 	0.0000021764 	0.0000010739 	0.0000000000 	0.9994492637 	
120.5000000000 	0.9994462601 	0.0000019158 	0.0000010878 	0.0000000000 	0.9994492637 	
121.0000000000 	0.9994465016 	0.0000016698 	0.0000010924 	0.0000000000 	0.9994492637 	
121.5000000000 	0.9994467360 	0.0000014398 	0.0000010880 	0.0000000000 	0.9994492637 	
122.0000000000 	0.9994469617 	0.0000012267 	0.0000010753 	0.0000000000 	0.9994492637 	
122.5000000000 	0.9994471775 	0.0000010314 	0.0000010548 	0.0000000000 	0.9994492637 	
123.0000000000 	0.9994473820 	0.0000008543 	0.0000010274 	0.0000000000 	0.9994492637 	
123.5000000000 	0.9994475745 	0.0000006955 	0.0000009937 	0.0000000000 	0.9994492637 	
124.0000000000 	0.9994477541 	0.0000005550 	0.0000009546 	0.0000000000 	0.9994492637 	
124.5000000000 	0.9994479205 	0.0000004324 	0.0000009108 	0.0000000000 	0.9994492637 	
125.0000000000 	0.9994480732 	0.0000003272 	0.0000008633 	0.0000000000 	0.9994492637 	
125.5000000000 	0.9994482123 	0.0000002387 	0.0000008127 	0.0000000000 	0.9994492637 	
126.0000000000 	0.9994483377 	0.0000000000 	0.0000000000 	0.0000000000 	0.9994483377 	
126.5000000000 	0.9994466205 	0.0000000000 	0.0000000000 	0.0000000000 	0.9994466205 	
127.0000000000 	0.9994466205 	0.0000000000 	0.0000000000 	0.0000000000 	0.9994466205 	
127.5000000000 	0.9994466205 	0.0000000000 	0.0000000000 	0.0000000000 	0.9994466205 	
128.0000000000 	0.9994466205 	0.0000000000 	0.0000000000 	0.0000000000 	0.9994466205 	
128.5000000000 	0.9994466205 	0.0000000000 	0.0000000000 	0.0000000000 	0.9994466205 	
129.0000000000 	0.9994466205 	0.0000000000 	0.0000000000 	0.0000000000 	0.9994466205 	
129.5000000000 	0.9994466205 	0.0000000000 	0.0000000000 	0.0000000000 	0.9994466205 	
130.0000000000 	0.9994466205 	0.0000000000 	0.0000000000 	0.0000000000 	0.9994466205 	
130.5000000000 	0.9994466205 	0.0000000000 	0.0000000000 	0.0000000000 	0.9994466205 	
131.0000000000 	0.9994466205 	0.0000000000 	0.0000000000 	0.0000000000 	0.9994466205 	
131.5000000000 	0.9994466205 	0.0000000000 	0.0000000000 	0.0000000000 	0.9994466205 	
132.0000000000 	0.9994466205 	0.0000000000 	0.0000000000 	0.0000000000 	0.9994466205 	
132.5000000000 	0.9994466205 	0.0000000000 	0.0000000000 	0.0000000000 	0.9994466205 	
133.0000000000 	0.9994466205 	0.0000000000 	0.0000000000 	0.0000000000 	0.9994466205 	
133.5000000000 	0.9994466205 	0.0000000000 	0.0000000000 	0.0000000000 	0.9994466205 	
134.0000000000 	0.9994466205 	0.0000000000 	0.0000000000 	0.0000000000 	0.9994466205 	
134.5000000000 	0.9994466205 	0.0000000000 	0.0000000000 	0.0000000000 	0.9994466205 	
135.0000000000 	0.9994466205 	0.0000000000 	0.0000000000 	0.0000000000 	0.9994466205 	
135.5000000000 	0.9994466205 	0.0000000000 	0.0000000000 	0.0000000000 	0.9994466205 	
136.0000000000 	0.9994466205 	0.0000000000 	0.0000000000 	0.0000000000 	0.9994466205 	
136.5000000000 	0.9994466205 	0.0000000000 	0.0000000000 	0.0000000000 	0.9994466205 	
137.0000000000 	0.9994466205 	0.0000000000 	0.0000000000 	0.0000000000 	0.9994466205 	
137.5000000000 	0.9994466205 	0.0000000000 	0.0000000000 	0.0000000000 	0.9994466205 	
138.0000000000 	0.9994466205 	0.0000000000 	0.0000000000 	0.0000000000 	0.9994466205 	
138.5000000000 	0.9994466205 	0.0000000000 	0.0000000000 	0.0000000000 	0.9994466205 	
139.0000000000 	0.9994466205 	0.0000000000 	0.0000000000 	0.0000000000 	0.9994466205 	
139.5000000000 	0.9994466205 	0.0000000000 	0.0000000000 	0.0000000000 	0.9994466205 	
140.0000000000 	0.9994466205 	0.0000000000 	0.0000000000 	0.0000000000 	0.9994466205 	
140.5000000000 	0.9994466205 	0.0000000000 	0.0000000000 	0.0000000000 	0.9994466205 	
141.0000000000 	0.9994466205 	0.0000000000 	0.0000000000 	0.0000000000 	0.9994466205 	
141.5000000000 	0.9994466205 	0.0000000000 	0.0000000000 	0.0000000000 	0.9994466205 	
142.0000000000 	0.9994466205 	0.0000000000 	0.0000000000 	0.0000000000 	0.9994466205 	
142.5000000000 	0.9994466205 	0.0000000000 	0.0000000000 	0.0000000000 	0.9994466205 	
143.0000000000 	0.9994466205 	0.0000000000 	0.0000000000 	0.0000000000 	0.9994466205 	
143.5000000000 	0.9994466205 	0.0000000000 	0.0000000000 	0.0000000000 	0.9994466205 	
144.0000000000 	0.9994466205 	0.0000000000 	0.0000000000 	0.0000000000 	0.9994466205 	
144.5000000000 	0.9994466205 	0.0000000000 	0.0000000000 	0.0000000000 	0.9994466205 	
145.0000000000 	0.9994466205 	0.0000000000 	0.0000000000 	0.0000000000 	0.9994466205 	
145.5000000000 	0.9994466205 	0.0000000000 	0.0000000000 	0.0000000000 	0.9994466205 	
146.0000000000 	0.9994466205 	0.0000000000 	0.0000000000 	0.0000000000 	0.9994466205 	
146.5000000000 	0.9994466205 	0.0000000000 	0.0000000000 	0.0000000000 	0.9994466205 	
147.0000000000 	0.9994466205 	0.0000000000 	0.0000000000 	0.0000000000 	0.9994466205 	
147.5000000000 	0.9994466205 	0.0000000000 	0.0000000000 	0.0000000000 	0.9994466205 	
148.0000000000 	0.9994466205 	0.0000000000 	0.0000000000 	0.0000000000 	0.9994466205 	
148.5000000000 	0.9994466205 	0.0000000000 	0.0000000000 	0.0000000000 	0.9994466205 	
149.0000000000 	0.9994466205 	0.0000000000 	0.0000000000 	0.0000000000 	0.9994466205 	
149.5000000000 	0.9994466205 	0.0000000000 	0.0000000000 	0.0000000000 	0.9994466205 	
150.0000000000 	0.9994466205 	0.0000000000 	0.0000000000 	0.0000000000 	0.9994466205 	
150.5000000000 	0.9994466205 	0.0000000000 	0.0000000000 	0.0000000000 	0.9994466205 	
151.0000000000 	0.9994466205 	0.0000000000 	0.0000000000 	0.0000000000 	0.9994466205 	
151.5000000000 	0.9994466205 	0.0000000000 	0.0000000000 	0.0000000000 	0.9994466205 	
152.0000000000 	0.9994466205 	0.0000000000 	0.0000000000 	0.0000000000 	0.9994466205 	
152.5000000000 	0.9994466205 	0.0000000000 	0.0000000000 	0.0000000000 	0.9994466205 	
153.0000000000 	0.9994466205 	0.0000000000 	0.0000000000 	0.0000000000 	0.9994466205 	
153.5000000000 	0.9994466205 	0.0000000000 	0.0000000000 	0.0000000000 	0.9994466205 	
154.0000000000 	0.9994466205 	0.0000000000 	0.0000000000 	0.0000000000 	0.9994466205 	
154.5000000000 	0.9994466205 	0.0000000000 	0.0000000000 	0.0000000000 	0.9994466205 	
155.0000000000 	0.9994466205 	0.0000000000 	0.0000000000 	0.0000000000 	0.9994466205 	
155.5000000000 	0.9994466205 	0.0000000000 	0.0000000000 	0.0000000000 	0.9994466205 	
156.0000000000 	0.9994466205 	0.0000000000 	0.0000000000 	0.0000000000 	0.9994466205 	
156.5000000000 	0.9994466205 	0.0000000000 	0.0000000000 	0.0000000000 	0.9994466205 	
157.0000000000 	0.9994466205 	0.0000000000 	0.0000000000 	0.0000000000 	0.9994466205 	
157.5000000000 	0.9994466205 	0.0000000000 	0.0000000000 	0.0000000000 	0.9994466205 	
158.0000000000 	0.9994466205 	0.0000000000 	0.0000000000 	0.0000000000 	0.9994466205 	
158.5000000000 	0.9994466205 	0.0000000000 	0.0000000000 	0.0000000000 	0.9994466205 	
159.0000000000 	0.9994466205 	0.0000000000 	0.0000000000 	0.0000000000 	0.9994466205 	
159.5000000000 	0.9994466205 	0.0000000000 	0.0000000000 	0.0000000000 	0.9994466205 	
160.0000000000 	0.9994466205 	0.0000000000 	0.0000000000 	0.0000000000 	0.9994466205 	
160.5000000000 	0.9994466205 	0.0000000000 	0.0000000000 	0.0000000000 	0.9994466205 	
161.0000000000 	0.9994466205 	0.0000000000 	0.0000000000 	0.0000000000 	0.9994466205 	
161.5000000000 	0.9994466205 	0.0000000000 	0.0000000000 	0.0000000000 	0.9994466205 	
162.0000000000 	0.9994466205 	0.0000000000 	0.0000000000 	0.0000000000 	0.9994466205 	
162.5000000000 	0.9994466205 	0.0000000000 	0.0000000000 	0.0000000000 	0.9994466205 	
163.0000000000 	0.9994466205 	0.0000000000 	0.0000000000 	0.0000000000 	0.9994466205 	
163.5000000000 	0.9994466205 	0.0000000000 	0.0000000000 	0.0000000000 	0.9994466205 	
164.0000000000 	0.9994466205 	0.0000000000 	0.0000000000 	0.0000000000 	0.9994466205 	
164.5000000000 	0.9994466205 	0.0000000000 	0.0000000000 	0.0000000000 	0.9994466205 	
165.0000000000 	0.9994466205 	0.0000000000 	0.0000000000 	0.0000000000 	0.9994466205 	
165.5000000000 	0.9994466205 	0.0000000000 	0.0000000000 	0.0000000000 	0.9994466205 	
166.0000000000 	0.9994466205 	0.0000000000 	0.0000000000 	0.0000000000 	0.9994466205 	
166.5000000000 	0.9994466205 	0.0000000000 	0.0000000000 	0.0000000000 	0.9994466205 	
167.0000000000 	0.9994466205 	0.0000000000 	0.0000000000 	0.0000000000 	0.9994466205 	
167.5000000000 	0.9994466205 	0.0000000000 	0.0000000000 	0.0000000000 	0.9994466205 	
168.0000000000 	0.9994466205 	0.0000000000 	0.0000000000 	0.0000000000 	0.9994466205 	
168.5000000000 	0.9994466205 	0.0000000000 	0.0000000000 	0.0000000000 	0.9994466205 	
169.0000000000 	0.9994466205 	0.0000000000 	0.0000000000 	0.0000000000 	0.9994466205 	
169.5000000000 	0.9994466205 	0.0000000000 	0.0000000000 	0.0000000000 	0.9994466205 	
170.0000000000 	0.9994466205 	0.0000000000 	0.0000000000 	0.0000000000 	0.9994466205 	
170.5000000000 	0.9994466205 	0.0000000000 	0.0000000000 	0.0000000000 	0.9994466205 	
171.0000000000 	0.9994466205 	0.0000000000 	0.0000000000 	0.0000000000 	0.9994466205 	
171.5000000000 	0.9994466205 	0.0000000000 	0.0000000000 	0.0000000000 	0.9994466205 	
172.0000000000 	0.9994466205 	0.0000000000 	0.0000000000 	0.0000000000 	0.9994466205 	
172.5000000000 	0.9994466205 	0.0000000000 	0.0000000000 	0.0000000000 	0.9994466205 	
173.0000000000 	0.9994466205 	0.0000000000 	0.0000000000 	0.0000000000 	0.9994466205 	
173.5000000000 	0.9994466205 	0.0000000000 	0.0000000000 	0.0000000000 	0.9994466205 	
174.0000000000 	0.9994466205 	0.0000000000 	0.0000000000 	0.0000000000 	0.9994466205 	
174.5000000000 	0.9994466205 	0.0000000000 	0.0000000000 	0.0000000000 	0.9994466205 	
175.0000000000 	0.9994466205 	0.0000000000 	0.0000000000 	0.0000000000 	0.9994466205 	
175.5000000000 	0.9994466205 	0.0000000000 	0.0000000000 	0.0000000000 	0.9994466205 	
176.0000000000 	0.9994466205 	0.0000000000 	0.0000000000 	0.0000000000 	0.9994466205 	
176.5000000000 	0.9994466205 	0.0000000000 	0.0000000000 	0.0000000000 	0.9994466205 	
177.0000000000 	0.9994466205 	0.0000000000 	0.0000000000 	0.0000000000 	0.9994466205 	
177.5000000000 	0.9994466205 	0.0000000000 	0.0000000000 	0.0000000000 	0.9994466205 	
178.0000000000 	0.9994466205 	0.0000000000 	0.0000000000 	0.0000000000 	0.9994466205 	
178.5000000000 	0.9994466205 	0.0000000000 	0.0000000000 	0.0000000000 	0.9994466205 	
179.0000000000 	0.9994466205 	0.0000000000 	0.0000000000 	0.0000000000 	0.9994466205 	
179.5000000000 	0.9994466205 	0.0000000000 	0.0000000000 	0.0000000000 	0.9994466205 	
180.0000000000 	0.9994466205 	0.0000000000 	0.0000000000 	0.0000000000 	0.9994466205 	
180.5000000000 	0.9994466205 	0.0000000000 	0.0000000000 	0.0000000000 	0.9994466205 	
181.0000000000 	0.9994466205 	0.0000000000 	0.0000000000 	0.0000000000 	0.9994466205 	
181.5000000000 	0.9994466205 	0.0000000000 	0.0000000000 	0.0000000000 	0.9994466205 	
182.0000000000 	0.9994466205 	0.0000000000 	0.0000000000 	0.0000000000 	0.9994466205 	
182.5000000000 	0.9994466205 	0.0000000000 	0.0000000000 	0.0000000000 	0.9994466205 	
183.0000000000 	0.9994466205 	0.0000000000 	0.0000000000 	0.0000000000 	0.9994466205 	
183.5000000000 	0.9994466205 	0.0000000000 	0.0000000000 	0.0000000000 	0.9994466205 	
184.0000000000 	0.9994466205 	0.0000000000 	0.0000000000 	0.0000000000 	0.9994466205 	
184.5000000000 	0.9994466205 	0.0000000000 	0.0000000000 	0.0000000000 	0.9994466205 	
185.0000000000 	0.9994466205 	0.0000000000 	0.0000000000 	0.0000000000 	0.9994466205 	
185.5000000000 	0.9994466205 	0.0000000000 	0.0000000000 	0.0000000000 	0.9994466205 	
186.0000000000 	0.9994466205 	0.0000000000 	0.0000000000 	0.0000000000 	0.9994466205 	
186.5000000000 	0.9994466205 	0.0000000000 	0.0000000000 	0.0000000000 	0.9994466205 	
187.0000000000 	0.9994466205 	0.0000000000 	0.0000000000 	0.0000000000 	0.9994466205 	
187.5000000000 	0.9994466205 	0.0000000000 	0.0000000000 	0.0000000000 	0.9994466205 	
188.0000000000 	0.9994466205 	0.0000000000 	0.0000000000 	0.0000000000 	0.9994466205 	
188.5000000000 	0.9994466205 	0.0000000000 	0.0000000000 	0.0000000000 	0.9994466205 	
189.0000000000 	0.9994466205 	0.0000000000 	0.0000000000 	0.0000000000 	0.9994466205 	
189.5000000000 	0.9994466205 	0.0000000000 	0.0000000000 	0.0000000000 	0.9994466205 	
190.0000000000 	0.9994466205 	0.0000000000 	0.0000000000 	0.0000000000 	0.9994466205 	
190.5000000000 	0.9994466205 	0.0000000000 	0.0000000000 	0.0000000000 	0.9994466205 	
191.0000000000 	0.9994466205 	0.0000000000 	0.0000000000 	0.0000000000 	0.9994466205 	
191.5000000000 	0.9994466205 	0.0000000000 	0.0000000000 	0.0000000000 	0.9994466205 	
192.0000000000 	0.9994466205 	0.0000000000 	0.0000000000 	0.0000000000 	0.9994466205 	
192.5000000000 	0.9994466205 	0.0000000000 	0.0000000000 	0.0000000000 	0.9994466205 	
193.0000000000 	0.9994466205 	0.0000000000 	0.0000000000 	0.0000000000 	0.9994466205 	
193.5000000000 	0.9994466205 	0.0000000000 	0.0000000000 	0.0000000000 	0.9994466205 	
194.0000000000 	0.9994466205 	0.0000000000 	0.0000000000 	0.0000000000 	0.9994466205 	
194.5000000000 	0.9994466205 	0.0000000000 	0.0000000000 	0.0000000000 	0.9994466205 	
195.0000000000 	0.9994466205 	0.0000000000 	0.0000000000 	0.0000000000 	0.9994466205 	
195.5000000000 	0.9994466205 	0.0000000000 	0.0000000000 	0.0000000000 	0.9994466205 	
196.0000000000 	0.9994466205 	0.0000000000 	0.0000000000 	0.0000000000 	0.9994466205 	
196.5000000000 	0.9994466205 	0.0000000000 	0.0000000000 	0.0000000000 	0.9994466205 	
197.0000000000 	0.9994466205 	0.0000000000 	0.0000000000 	0.0000000000 	0.9994466205 	
197.5000000000 	0.9994466205 	0.0000000000 	0.0000000000 	0.0000000000 	0.9994466205 	
198.0000000000 	0.9994466205 	0.0000000000 	0.0000000000 	0.0000000000 	0.9994466205 	
198.5000000000 	0.9994466205 	0.0000000000 	0.0000000000 	0.0000000000 	0.9994466205 	
199.0000000000 	0.9994466205 	0.0000000000 	0.0000000000 	0.0000000000 	0.9994466205 	
199.5000000000 	0.9994466205 	0.0000000000 	0.0000000000 	0.0000000000 	0.9994466205 	
200.0000000000 	0.9994466205 	0.0000000000 	0.0000000000 	0.0000000000 	0.9994466205 	
200.5000000000 	0.9994466205 	0.0000000000 	0.0000000000 	0.0000000000 	0.9994466205 	
201.0000000000 	0.9994466205 	0.0000000000 	0.0000000000 	0.0000000000 	0.9994466205 	
201.5000000000 	0.9994466205 	0.0000000000 	0.0000000000 	0.0000000000 	0.9994466205 	
202.0000000000 	0.9994466205 	0.0000000000 	0.0000000000 	0.0000000000 	0.9994466205 	
202.5000000000 	0.9994466205 	0.0000000000 	0.0000000000 	0.0000000000 	0.9994466205 	
203.0000000000 	0.9994466205 	0.0000000000 	0.0000000000 	0.0000000000 	0.9994466205 	
203.5000000000 	0.9994466205 	0.0000000000 	0.0000000000 	0.0000000000 	0.9994466205 	
204.0000000000 	0.9994466205 	0.0000000000 	0.0000000000 	0.0000000000 	0.9994466205 	
204.5000000000 	0.9994466205 	0.0000000000 	0.0000000000 	0.0000000000 	0.9994466205 	
205.0000000000 	0.9994466205 	0.0000000000 	0.0000000000 	0.0000000000 	0.9994466205 	
205.5000000000 	0.9994466205 	0.0000000000 	0.0000000000 	0.0000000000 	0.9994466205 	
206.0000000000 	0.9994466205 	0.0000000000 	0.0000000000 	0.0000000000 	0.9994466205 	
206.5000000000 	0.9994466205 	0.0000000000 	0.0000000000 	0.0000000000 	0.9994466205 	
207.0000000000 	0.9994466205 	0.0000000000 	0.0000000000 	0.0000000000 	0.9994466205 	
207.5000000000 	0.9994466205 	0.0000000000 	0.0000000000 	0.0000000000 	0.9994466205 	
208.0000000000 	0.9994466205 	0.0000000000 	0.0000000000 	0.0000000000 	0.9994466205 	
208.5000000000 	0.9994466205 	0.0000000000 	0.0000000000 	0.0000000000 	0.9994466205 	
209.0000000000 	0.9994466205 	0.0000000000 	0.0000000000 	0.0000000000 	0.9994466205 	
209.5000000000 	0.9994466205 	0.0000000000 	0.0000000000 	0.0000000000 	0.9994466205 	
210.0000000000 	0.9994466205 	0.0000000000 	0.0000000000 	0.0000000000 	0.9994466205 	
210.5000000000 	0.9994466205 	0.0000000000 	0.0000000000 	0.0000000000 	0.9994466205 	
211.0000000000 	0.9994466205 	0.0000000000 	0.0000000000 	0.0000000000 	0.9994466205 	
211.5000000000 	0.9994466205 	0.0000000000 	0.0000000000 	0.0000000000 	0.9994466205 	
212.0000000000 	0.9994466205 	0.0000000000 	0.0000000000 	0.0000000000 	0.9994466205 	
212.5000000000 	0.9994466205 	0.0000000000 	0.0000000000 	0.0000000000 	0.9994466205 	
213.0000000000 	0.9994466205 	0.0000000000 	0.0000000000 	0.0000000000 	0.9994466205 	
213.5000000000 	0.9994466205 	0.0000000000 	0.0000000000 	0.0000000000 	0.9994466205 	
214.0000000000 	0.9994466205 	0.0000000000 	0.0000000000 	0.0000000000 	0.9994466205 	
214.5000000000 	0.9994466205 	0.0000000000 	0.0000000000 	0.0000000000 	0.9994466205 	
215.0000000000 	0.9994466205 	0.0000000000 	0.0000000000 	0.0000000000 	0.9994466205 	
215.5000000000 	0.9994466205 	0.0000000000 	0.0000000000 	0.0000000000 	0.9994466205 	
216.0000000000 	0.9994466205 	0.0000000000 	0.0000000000 	0.0000000000 	0.9994466205 	
216.5000000000 	0.9994466205 	0.0000000000 	0.0000000000 	0.0000000000 	0.9994466205 	
217.0000000000 	0.9994466205 	0.0000000000 	0.0000000000 	0.0000000000 	0.9994466205 	
217.5000000000 	0.9994466205 	0.0000000000 	0.0000000000 	0.0000000000 	0.9994466205 	
218.0000000000 	0.9994466205 	0.0000000000 	0.0000000000 	0.0000000000 	0.9994466205 	
218.5000000000 	0.9994466205 	0.0000000000 	0.0000000000 	0.0000000000 	0.9994466205 	
219.0000000000 	0.9994466205 	0.0000000000 	0.0000000000 	0.0000000000 	0.9994466205 	
219.5000000000 	0.9994466205 	0.0000000000 	0.0000000000 	0.0000000000 	0.9994466205 	
220.0000000000 	0.9994466205 	0.0000000000 	0.0000000000 	0.0000000000 	0.9994466205 	
220.5000000000 	0.9994466205 	0.0000000000 	0.0000000000 	0.0000000000 	0.9994466205 	
221.0000000000 	0.9994466205 	0.0000000000 	0.0000000000 	0.0000000000 	0.9994466205 	
221.5000000000 	0.9994466205 	0.0000000000 	0.0000000000 	0.0000000000 	0.9994466205 	
222.0000000000 	0.9994466205 	0.0000000000 	0.0000000000 	0.0000000000 	0.9994466205 	
222.5000000000 	0.9994466205 	0.0000000000 	0.0000000000 	0.0000000000 	0.9994466205 	
223.0000000000 	0.9994466205 	0.0000000000 	0.0000000000 	0.0000000000 	0.9994466205 	
223.5000000000 	0.9994466205 	0.0000000000 	0.0000000000 	0.0000000000 	0.9994466205 	
224.0000000000 	0.9994466205 	0.0000000000 	0.0000000000 	0.0000000000 	0.9994466205 	
224.5000000000 	0.9994466205 	0.0000000000 	0.0000000000 	0.0000000000 	0.9994466205 	
225.0000000000 	0.9994466205 	0.0000000000 	0.0000000000 	0.0000000000 	0.9994466205 	
225.5000000000 	0.9994466205 	0.0000000000 	0.0000000000 	0.0000000000 	0.9994466205 	
226.0000000000 	0.9994466205 	0.0000000000 	0.0000000000 	0.0000000000 	0.9994466205 	
226.5000000000 	0.9994466205 	0.0000000000 	0.0000000000 	0.0000000000 	0.9994466205 	
227.0000000000 	0.9994466205 	0.0000000000 	0.0000000000 	0.0000000000 	0.9994466205 	
227.5000000000 	0.9994466205 	0.0000000000 	0.0000000000 	0.0000000000 	0.9994466205 	
228.0000000000 	0.9994466205 	0.0000000000 	0.0000000000 	0.0000000000 	0.9994466205 	
228.5000000000 	0.9994466205 	0.0000000000 	0.0000000000 	0.0000000000 	0.9994466205 	
229.0000000000 	0.9994466205 	0.0000000000 	0.0000000000 	0.0000000000 	0.9994466205 	
229.5000000000 	0.9994466205 	0.0000000000 	0.0000000000 	0.0000000000 	0.9994466205 	
230.0000000000 	0.9994466205 	0.0000000000 	0.0000000000 	0.0000000000 	0.9994466205 	
230.5000000000 	0.9994466205 	0.0000000000 	0.0000000000 	0.0000000000 	0.9994466205 	
231.0000000000 	0.9994466205 	0.0000000000 	0.0000000000 	0.0000000000 	0.9994466205 	
231.5000000000 	0.9994466205 	0.0000000000 	0.0000000000 	0.0000000000 	0.9994466205 	
232.0000000000 	0.9994466205 	0.0000000000 	0.0000000000 	0.0000000000 	0.9994466205 	
232.5000000000 	0.9994466205 	0.0000000000 	0.0000000000 	0.0000000000 	0.9994466205 	
233.0000000000 	0.9994466205 	0.0000000000 	0.0000000000 	0.0000000000 	0.9994466205 	
233.5000000000 	0.9994466205 	0.0000000000 	0.0000000000 	0.0000000000 	0.9994466205 	
234.0000000000 	0.9994466205 	0.0000000000 	0.0000000000 	0.0000000000 	0.9994466205 	
234.5000000000 	0.9994466205 	0.0000000000 	0.0000000000 	0.0000000000 	0.9994466205 	
235.0000000000 	0.9994466205 	0.0000000000 	0.0000000000 	0.0000000000 	0.9994466205 	
235.5000000000 	0.9994466205 	0.0000000000 	0.0000000000 	0.0000000000 	0.9994466205 	
236.0000000000 	0.9994466205 	0.0000000000 	0.0000000000 	0.0000000000 	0.9994466205 	
236.5000000000 	0.9994466205 	0.0000000000 	0.0000000000 	0.0000000000 	0.9994466205 	
237.0000000000 	0.9994466205 	0.0000000000 	0.0000000000 	0.0000000000 	0.9994466205 	
237.5000000000 	0.9994466205 	0.0000000000 	0.0000000000 	0.0000000000 	0.9994466205 	
238.0000000000 	0.9994466205 	0.0000000000 	0.0000000000 	0.0000000000 	0.9994466205 	
238.5000000000 	0.9994466205 	0.0000000000 	0.0000000000 	0.0000000000 	0.9994466205 	
239.0000000000 	0.9994466205 	0.0000000000 	0.0000000000 	0.0000000000 	0.9994466205 	
239.5000000000 	0.9994466205 	0.0000000000 	0.0000000000 	0.0000000000 	0.9994466205 	
240.0000000000 	0.9994466205 	0.0000000000 	0.0000000000 	0.0000000000 	0.9994466205 	
240.5000000000 	0.9994466205 	0.0000000000 	0.0000000000 	0.0000000000 	0.9994466205 	
241.0000000000 	0.9994466205 	0.0000000000 	0.0000000000 	0.0000000000 	0.9994466205 	
241.5000000000 	0.9994466205 	0.0000000000 	0.0000000000 	0.0000000000 	0.9994466205 	
242.0000000000 	0.9994466205 	0.0000000000 	0.0000000000 	0.0000000000 	0.9994466205 	
242.5000000000 	0.9994466205 	0.0000000000 	0.0000000000 	0.0000000000 	0.9994466205 	
243.0000000000 	0.9994466205 	0.0000000000 	0.0000000000 	0.0000000000 	0.9994466205 	
243.5000000000 	0.9994466205 	0.0000000000 	0.0000000000 	0.0000000000 	0.9994466205 	
244.0000000000 	0.9994466205 	0.0000000000 	0.0000000000 	0.0000000000 	0.9994466205 	
244.5000000000 	0.9994466205 	0.0000000000 	0.0000000000 	0.0000000000 	0.9994466205 	
245.0000000000 	0.9994466205 	0.0000000000 	0.0000000000 	0.0000000000 	0.9994466205 	
245.5000000000 	0.9994466205 	0.0000000000 	0.0000000000 	0.0000000000 	0.9994466205 	
246.0000000000 	0.9994466205 	0.0000000000 	0.0000000000 	0.0000000000 	0.9994466205 	
246.5000000000 	0.9994466205 	0.0000000000 	0.0000000000 	0.0000000000 	0.9994466205 	
247.0000000000 	0.9994466205 	0.0000000000 	0.0000000000 	0.0000000000 	0.9994466205 	
247.5000000000 	0.9994466205 	0.0000000000 	0.0000000000 	0.0000000000 	0.9994466205 	
248.0000000000 	0.9994466205 	0.0000000000 	0.0000000000 	0.0000000000 	0.9994466205 	
248.5000000000 	0.9994466205 	0.0000000000 	0.0000000000 	0.0000000000 	0.9994466205 	
249.0000000000 	0.9994466205 	0.0000000000 	0.0000000000 	0.0000000000 	0.9994466205 	
249.5000000000 	0.9994466205 	0.0000000000 	0.0000000000 	0.0000000000 	0.9994466205 	
250.0000000000 	0.9994466205 	0.0000000000 	0.0000000000 	0.0000000000 	0.9994466205 	
250.5000000000 	0.9994466205 	0.0000000000 	0.0000000000 	0.0000000000 	0.9994466205 	
251.0000000000 	0.9994466205 	0.0000000000 	0.0000000000 	0.0000000000 	0.9994466205 	
251.5000000000 	0.9994466205 	0.0000000000 	0.0000000000 	0.0000000000 	0.9994466205 	
252.0000000000 	0.9994466205 	0.0000000000 	0.0000000000 	0.0000000000 	0.9994466205 	
252.5000000000 	0.9994466205 	0.0000000000 	0.0000000000 	0.0000000000 	0.9994466205 	
253.0000000000 	0.9994466205 	0.0000000000 	0.0000000000 	0.0000000000 	0.9994466205 	
253.5000000000 	0.9994466205 	0.0000000000 	0.0000000000 	0.0000000000 	0.9994466205 	
254.0000000000 	0.9994466205 	0.0000000000 	0.0000000000 	0.0000000000 	0.9994466205 	
254.5000000000 	0.9994466205 	0.0000000000 	0.0000000000 	0.0000000000 	0.9994466205 	
255.0000000000 	0.9994466205 	0.0000000000 	0.0000000000 	0.0000000000 	0.9994466205 	
255.5000000000 	0.9994466205 	0.0000000000 	0.0000000000 	0.0000000000 	0.9994466205 	
256.0000000000 	0.9994466205 	0.0000000000 	0.0000000000 	0.0000000000 	0.9994466205 	
256.5000000000 	0.9994466205 	0.0000000000 	0.0000000000 	0.0000000000 	0.9994466205 	
257.0000000000 	0.9994466205 	0.0000000000 	0.0000000000 	0.0000000000 	0.9994466205 	
257.5000000000 	0.9994466205 	0.0000000000 	0.0000000000 	0.0000000000 	0.9994466205 	
258.0000000000 	0.9994466205 	0.0000000000 	0.0000000000 	0.0000000000 	0.9994466205 	
258.5000000000 	0.9994466205 	0.0000000000 	0.0000000000 	0.0000000000 	0.9994466205 	
259.0000000000 	0.9994466205 	0.0000000000 	0.0000000000 	0.0000000000 	0.9994466205 	
259.5000000000 	0.9994466205 	0.0000000000 	0.0000000000 	0.0000000000 	0.9994466205 	
260.0000000000 	0.9994466205 	0.0000000000 	0.0000000000 	0.0000000000 	0.9994466205 	
260.5000000000 	0.9994466205 	0.0000000000 	0.0000000000 	0.0000000000 	0.9994466205 	
261.0000000000 	0.9994466205 	0.0000000000 	0.0000000000 	0.0000000000 	0.9994466205 	
261.5000000000 	0.9994466205 	0.0000000000 	0.0000000000 	0.0000000000 	0.9994466205 	
262.0000000000 	0.9994466205 	0.0000000000 	0.0000000000 	0.0000000000 	0.9994466205 	
262.5000000000 	0.9994466205 	0.0000000000 	0.0000000000 	0.0000000000 	0.9994466205 	
263.0000000000 	0.9994466205 	0.0000000000 	0.0000000000 	0.0000000000 	0.9994466205 	
263.5000000000 	0.9994466205 	0.0000000000 	0.0000000000 	0.0000000000 	0.9994466205 	
264.0000000000 	0.9994466205 	0.0000000000 	0.0000000000 	0.0000000000 	0.9994466205 	
264.5000000000 	0.9994466205 	0.0000000000 	0.0000000000 	0.0000000000 	0.9994466205 	
265.0000000000 	0.9994466205 	0.0000000000 	0.0000000000 	0.0000000000 	0.9994466205 	
265.5000000000 	0.9994466205 	0.0000000000 	0.0000000000 	0.0000000000 	0.9994466205 	
266.0000000000 	0.9994466205 	0.0000000000 	0.0000000000 	0.0000000000 	0.9994466205 	
266.5000000000 	0.9994466205 	0.0000000000 	0.0000000000 	0.0000000000 	0.9994466205 	
267.0000000000 	0.9994466205 	0.0000000000 	0.0000000000 	0.0000000000 	0.9994466205 	
267.5000000000 	0.9994466205 	0.0000000000 	0.0000000000 	0.0000000000 	0.9994466205 	
268.0000000000 	0.9994466205 	0.0000000000 	0.0000000000 	0.0000000000 	0.9994466205 	
268.5000000000 	0.9994466205 	0.0000000000 	0.0000000000 	0.0000000000 	0.9994466205 	
269.0000000000 	0.9994466205 	0.0000000000 	0.0000000000 	0.0000000000 	0.9994466205 	
269.5000000000 	0.9994466205 	0.0000000000 	0.0000000000 	0.0000000000 	0.9994466205 	
270.0000000000 	0.9994466205 	0.0000000000 	0.0000000000 	0.0000000000 	0.9994466205 	
270.5000000000 	0.9994466205 	0.0000000000 	0.0000000000 	0.0000000000 	0.9994466205 	
271.0000000000 	0.9994466205 	0.0000000000 	0.0000000000 	0.0000000000 	0.9994466205 	
271.5000000000 	0.9994466205 	0.0000000000 	0.0000000000 	0.0000000000 	0.9994466205 	
272.0000000000 	0.9994466205 	0.0000000000 	0.0000000000 	0.0000000000 	0.9994466205 	
272.5000000000 	0.9994466205 	0.0000000000 	0.0000000000 	0.0000000000 	0.9994466205 	
273.0000000000 	0.9994466205 	0.0000000000 	0.0000000000 	0.0000000000 	0.9994466205 	
273.5000000000 	0.9994466205 	0.0000000000 	0.0000000000 	0.0000000000 	0.9994466205 	
274.0000000000 	0.9994466205 	0.0000000000 	0.0000000000 	0.0000000000 	0.9994466205 	
274.5000000000 	0.9994466205 	0.0000000000 	0.0000000000 	0.0000000000 	0.9994466205 	
275.0000000000 	0.9994466205 	0.0000000000 	0.0000000000 	0.0000000000 	0.9994466205 	
275.5000000000 	0.9994466205 	0.0000000000 	0.0000000000 	0.0000000000 	0.9994466205 	
276.0000000000 	0.9994466205 	0.0000000000 	0.0000000000 	0.0000000000 	0.9994466205 	
276.5000000000 	0.9994466205 	0.0000000000 	0.0000000000 	0.0000000000 	0.9994466205 	
277.0000000000 	0.9994466205 	0.0000000000 	0.0000000000 	0.0000000000 	0.9994466205 	
277.5000000000 	0.9994466205 	0.0000000000 	0.0000000000 	0.0000000000 	0.9994466205 	
278.0000000000 	0.9994466205 	0.0000000000 	0.0000000000 	0.0000000000 	0.9994466205 	
278.5000000000 	0.9994466205 	0.0000000000 	0.0000000000 	0.0000000000 	0.9994466205 	
279.0000000000 	0.9994466205 	0.0000000000 	0.0000000000 	0.0000000000 	0.9994466205 	
279.5000000000 	0.9994466205 	0.0000000000 	0.0000000000 	0.0000000000 	0.9994466205 	
280.0000000000 	0.9994466205 	0.0000000000 	0.0000000000 	0.0000000000 	0.9994466205 	
280.5000000000 	0.9994466205 	0.0000000000 	0.0000000000 	0.0000000000 	0.9994466205 	
281.0000000000 	0.9994466205 	0.0000000000 	0.0000000000 	0.0000000000 	0.9994466205 	
281.5000000000 	0.9994466205 	0.0000000000 	0.0000000000 	0.0000000000 	0.9994466205 	
282.0000000000 	0.9994466205 	0.0000000000 	0.0000000000 	0.0000000000 	0.9994466205 	
282.5000000000 	0.9994466205 	0.0000000000 	0.0000000000 	0.0000000000 	0.9994466205 	
283.0000000000 	0.9994466205 	0.0000000000 	0.0000000000 	0.0000000000 	0.9994466205 	
283.5000000000 	0.9994466205 	0.0000000000 	0.0000000000 	0.0000000000 	0.9994466205 	
284.0000000000 	0.9994466205 	0.0000000000 	0.0000000000 	0.0000000000 	0.9994466205 	
284.5000000000 	0.9994466205 	0.0000000000 	0.0000000000 	0.0000000000 	0.9994466205 	
285.0000000000 	0.9994466205 	0.0000000000 	0.0000000000 	0.0000000000 	0.9994466205 	
285.5000000000 	0.9994466205 	0.0000000000 	0.0000000000 	0.0000000000 	0.9994466205 	
286.0000000000 	0.9994466205 	0.0000000000 	0.0000000000 	0.0000000000 	0.9994466205 	
286.5000000000 	0.9994466205 	0.0000000000 	0.0000000000 	0.0000000000 	0.9994466205 	
287.0000000000 	0.9994466205 	0.0000000000 	0.0000000000 	0.0000000000 	0.9994466205 	
287.5000000000 	0.9994466205 	0.0000000000 	0.0000000000 	0.0000000000 	0.9994466205 	
288.0000000000 	0.9994466205 	0.0000000000 	0.0000000000 	0.0000000000 	0.9994466205 	
288.5000000000 	0.9994466205 	0.0000000000 	0.0000000000 	0.0000000000 	0.9994466205 	
289.0000000000 	0.9994466205 	0.0000000000 	0.0000000000 	0.0000000000 	0.9994466205 	
289.5000000000 	0.9994466205 	0.0000000000 	0.0000000000 	0.0000000000 	0.9994466205 	
290.0000000000 	0.9994466205 	0.0000000000 	0.0000000000 	0.0000000000 	0.9994466205 	
290.5000000000 	0.9994466205 	0.0000000000 	0.0000000000 	0.0000000000 	0.9994466205 	
291.0000000000 	0.9994466205 	0.0000000000 	0.0000000000 	0.0000000000 	0.9994466205 	
291.5000000000 	0.9994466205 	0.0000000000 	0.0000000000 	0.0000000000 	0.9994466205 	
292.0000000000 	0.9994466205 	0.0000000000 	0.0000000000 	0.0000000000 	0.9994466205 	
292.5000000000 	0.9994466205 	0.0000000000 	0.0000000000 	0.0000000000 	0.9994466205 	
293.0000000000 	0.9994466205 	0.0000000000 	0.0000000000 	0.0000000000 	0.9994466205 	
293.5000000000 	0.9994466205 	0.0000000000 	0.0000000000 	0.0000000000 	0.9994466205 	
294.0000000000 	0.9994466205 	0.0000000000 	0.0000000000 	0.0000000000 	0.9994466205 	
294.5000000000 	0.9994466205 	0.0000000000 	0.0000000000 	0.0000000000 	0.9994466205 	
295.0000000000 	0.9994466205 	0.0000000000 	0.0000000000 	0.0000000000 	0.9994466205 	
295.5000000000 	0.9994466205 	0.0000000000 	0.0000000000 	0.0000000000 	0.9994466205 	
296.0000000000 	0.9994466205 	0.0000000000 	0.0000000000 	0.0000000000 	0.9994466205 	
296.5000000000 	0.9994466205 	0.0000000000 	0.0000000000 	0.0000000000 	0.9994466205 	
297.0000000000 	0.9994466205 	0.0000000000 	0.0000000000 	0.0000000000 	0.9994466205 	
297.5000000000 	0.9994466205 	0.0000000000 	0.0000000000 	0.0000000000 	0.9994466205 	
298.0000000000 	0.9994466205 	0.0000000000 	0.0000000000 	0.0000000000 	0.9994466205 	
298.5000000000 	0.9994466205 	0.0000000000 	0.0000000000 	0.0000000000 	0.9994466205 	
299.0000000000 	0.9994466205 	0.0000000000 	0.0000000000 	0.0000000000 	0.9994466205 	
299.5000000000 	0.9994466205 	0.0000000000 	0.0000000000 	0.0000000000 	0.9994466205 	
# end of calculation 2019_08_27_16_49_07 
# time difference 00_00_00_00_01_-48 -- in Minutes 1 in Seconds 12 
