## Date: 27.8.2019 -- Time: 16:13:37  
## Gamma_l=0.5000000000 - Gamma_m=0.0000000000 - Gamma_r=0.5000000000 
## phi_l=0.7853981634 - phi_m=0.0000000000 - phi_r=3.1415926536 
## init_000=0.00 - init_001=0.00 - init_010=0.00 - init_011=1.00 
## dt=0.500000 - t_end=600 - fb=10 - cutoff=0.000001000000 -- Nbin=2 
0.0000000000 	0.0000000000 	0.0000000000 	0.0000000000 	1.0000000000 	1.0000000000 	
0.5000000000 	0.0528304930 	0.1770183650 	0.1770183650 	0.5931327968 	1.0000000198 	
1.0000000000 	0.1655409253 	0.2413262959 	0.2413262959 	0.3518065146 	1.0000000316 	
1.5000000000 	0.2950641786 	0.2481339390 	0.2481339390 	0.2086679819 	1.0000000386 	
2.0000000000 	0.4201548106 	0.2280387042 	0.2280387042 	0.1237678237 	1.0000000427 	
2.5000000000 	0.5315223922 	0.1975334488 	0.1975334488 	0.0734107554 	1.0000000452 	
3.0000000000 	0.6262063895 	0.1651256652 	0.1651256652 	0.0435423267 	1.0000000466 	
3.5000000000 	0.7044146397 	0.1348795129 	0.1348795129 	0.0258263820 	1.0000000475 	
4.0000000000 	0.7677828612 	0.1084493563 	0.1084493563 	0.0153184742 	1.0000000480 	
4.5000000000 	0.8184460628 	0.0862340480 	0.0862340480 	0.0090858894 	1.0000000483 	
5.0000000000 	0.8585676679 	0.0680216208 	0.0680216208 	0.0053891390 	1.0000000485 	
5.5000000000 	0.8628249273 	0.0674301167 	0.0674301161 	0.0023148886 	1.0000000488 	
6.0000000000 	0.8381945486 	0.0803797776 	0.0803797775 	0.0010459453 	1.0000000490 	
6.5000000000 	0.8066383892 	0.0953049196 	0.0953049195 	0.0027518208 	1.0000000491 	
7.0000000000 	0.7788161095 	0.1073606994 	0.1073607157 	0.0064598154 	0.9999973400 	
7.5000000000 	0.7588857785 	0.1152428267 	0.1152431928 	0.0106221095 	0.9999939075 	
8.0000000000 	0.7476907734 	0.1191296105 	0.1191290341 	0.0140401885 	0.9999896066 	
8.5000000000 	0.7445610287 	0.1196496766 	0.1196492723 	0.0161228957 	0.9999828734 	
9.0000000000 	0.7482358587 	0.1174769085 	0.1174759569 	0.0167902316 	0.9999789558 	
9.5000000000 	0.7572918597 	0.1132083685 	0.1132054668 	0.0162709164 	0.9999766115 	
10.0000000000 	0.7703478845 	0.1073514503 	0.1073504292 	0.0149194508 	0.9999692148 	
10.5000000000 	0.7865009466 	0.1002848436 	0.1002899649 	0.0128810178 	0.9999567729 	
11.0000000000 	0.8042115553 	0.0926714206 	0.0926716064 	0.0103855782 	0.9999401606 	
11.5000000000 	0.8212879168 	0.0854033474 	0.0853900817 	0.0078355105 	0.9999168564 	
12.0000000000 	0.8358253224 	0.0793093296 	0.0792944053 	0.0054733751 	0.9999024323 	
12.5000000000 	0.8467621429 	0.0748228083 	0.0747994084 	0.0034956407 	0.9998800004 	
13.0000000000 	0.8539153536 	0.0719688634 	0.0719364456 	0.0020375336 	0.9998581963 	
13.5000000000 	0.8577605439 	0.0704807657 	0.0704394639 	0.0011609115 	0.9998416850 	
14.0000000000 	0.8590225842 	0.0699970707 	0.0699477336 	0.0008465482 	0.9998139367 	
14.5000000000 	0.8585980637 	0.0701123326 	0.0700699184 	0.0010099459 	0.9997902606 	
15.0000000000 	0.8573800035 	0.0704662892 	0.0704111892 	0.0015181375 	0.9997756194 	
15.5000000000 	0.8561053812 	0.0707655733 	0.0707015941 	0.0021803816 	0.9997529303 	
16.0000000000 	0.8555856979 	0.0706945919 	0.0706325293 	0.0028215901 	0.9997344093 	
16.5000000000 	0.8563088123 	0.0700760222 	0.0700208258 	0.0033168423 	0.9997225027 	
17.0000000000 	0.8584727627 	0.0688615249 	0.0687959423 	0.0035762267 	0.9997064566 	
17.5000000000 	0.8619656087 	0.0671005401 	0.0670360634 	0.0035871204 	0.9996893326 	
18.0000000000 	0.8664854110 	0.0649371468 	0.0648794711 	0.0033722887 	0.9996743177 	
18.5000000000 	0.8716030566 	0.0625628637 	0.0625000893 	0.0029826045 	0.9996486141 	
19.0000000000 	0.8768523042 	0.0601661197 	0.0601111636 	0.0024864763 	0.9996160638 	
19.5000000000 	0.8818752511 	0.0579109189 	0.0578601712 	0.0019431044 	0.9995894455 	
20.0000000000 	0.8863582776 	0.0559112181 	0.0558731218 	0.0014191776 	0.9995617950 	
20.5000000000 	0.8901104440 	0.0542385818 	0.0542077386 	0.0009740268 	0.9995307912 	
21.0000000000 	0.8931322723 	0.0528832588 	0.0528439815 	0.0006439594 	0.9995034720 	
21.5000000000 	0.8954716426 	0.0517975483 	0.0517539875 	0.0004516638 	0.9994748421 	
22.0000000000 	0.8972921937 	0.0508960893 	0.0508600491 	0.0003856038 	0.9994339360 	
22.5000000000 	0.8987898330 	0.0501228589 	0.0500852601 	0.0004139562 	0.9994119082 	
23.0000000000 	0.9001266294 	0.0493927829 	0.0493614364 	0.0004981599 	0.9993790086 	
23.5000000000 	0.9014682467 	0.0486520876 	0.0486252004 	0.0006052069 	0.9993507415 	
24.0000000000 	0.9029321146 	0.0478516415 	0.0478322734 	0.0007070302 	0.9993230596 	
24.5000000000 	0.9045594307 	0.0469894042 	0.0469609106 	0.0007809646 	0.9992907101 	
25.0000000000 	0.9064092469 	0.0460226008 	0.0460173056 	0.0008163588 	0.9992655121 	
25.5000000000 	0.9084149372 	0.0450281239 	0.0449973034 	0.0007998009 	0.9992401654 	
26.0000000000 	0.9105589607 	0.0439771220 	0.0439449899 	0.0007424276 	0.9992235001 	
26.5000000000 	0.9127608719 	0.0429122168 	0.0428909328 	0.0006474958 	0.9992115173 	
27.0000000000 	0.9149497299 	0.0418636445 	0.0418459056 	0.0005357704 	0.9991950505 	
27.5000000000 	0.9170483892 	0.0408664774 	0.0408435047 	0.0004224869 	0.9991808582 	
28.0000000000 	0.9190024029 	0.0399398328 	0.0398967724 	0.0003210841 	0.9991600921 	
28.5000000000 	0.9208168566 	0.0390630358 	0.0390143661 	0.0002407231 	0.9991349816 	
29.0000000000 	0.9224995251 	0.0382358750 	0.0381844910 	0.0001810346 	0.9991009257 	
29.5000000000 	0.9240595211 	0.0374607205 	0.0374082112 	0.0001462137 	0.9990746665 	
30.0000000000 	0.9255038487 	0.0367196544 	0.0366894751 	0.0001315820 	0.9990445603 	
30.5000000000 	0.9268730075 	0.0360130719 	0.0360019728 	0.0001326696 	0.9990207218 	
31.0000000000 	0.9281892454 	0.0353332475 	0.0353353956 	0.0001435161 	0.9990014047 	
31.5000000000 	0.9294513460 	0.0346818779 	0.0346901043 	0.0001571686 	0.9989804968 	
32.0000000000 	0.9306935446 	0.0340433232 	0.0340531821 	0.0001688211 	0.9989588710 	
32.5000000000 	0.9319320972 	0.0334112072 	0.0334158792 	0.0001749306 	0.9989341143 	
33.0000000000 	0.9331675459 	0.0327814930 	0.0327813399 	0.0001737798 	0.9989041586 	
33.5000000000 	0.9344110749 	0.0321537231 	0.0321482068 	0.0001647003 	0.9988777051 	
34.0000000000 	0.9356609283 	0.0315253509 	0.0315204916 	0.0001488070 	0.9988555778 	
34.5000000000 	0.9369004919 	0.0309055878 	0.0308992676 	0.0001270826 	0.9988324300 	
35.0000000000 	0.9381290988 	0.0302938769 	0.0302889020 	0.0001045711 	0.9988164488 	
35.5000000000 	0.9393333307 	0.0296944080 	0.0296908341 	0.0000835174 	0.9988020903 	
36.0000000000 	0.9404999723 	0.0291120984 	0.0291080091 	0.0000657242 	0.9987858040 	
36.5000000000 	0.9416265423 	0.0285476476 	0.0285441668 	0.0000522639 	0.9987706206 	
37.0000000000 	0.9427093255 	0.0280021742 	0.0279995075 	0.0000435189 	0.9987545261 	
37.5000000000 	0.9437502162 	0.0274753573 	0.0274735204 	0.0000388094 	0.9987379032 	
38.0000000000 	0.9447487791 	0.0269673988 	0.0269669876 	0.0000375874 	0.9987207530 	
38.5000000000 	0.9457121131 	0.0264760517 	0.0264773687 	0.0000385603 	0.9987040939 	
39.0000000000 	0.9466470916 	0.0259989033 	0.0260016775 	0.0000406147 	0.9986882871 	
39.5000000000 	0.9475586355 	0.0255333277 	0.0255370810 	0.0000431761 	0.9986722203 	
40.0000000000 	0.9484528015 	0.0250775997 	0.0250823752 	0.0000444254 	0.9986572018 	
40.5000000000 	0.9493303809 	0.0246301742 	0.0246353370 	0.0000443169 	0.9986402090 	
41.0000000000 	0.9501991058 	0.0241899502 	0.0241952274 	0.0000427025 	0.9986269859 	
41.5000000000 	0.9510585419 	0.0237564777 	0.0237617135 	0.0000396805 	0.9986164136 	
42.0000000000 	0.9519074124 	0.0233298631 	0.0233349124 	0.0000355904 	0.9986077784 	
42.5000000000 	0.9527437765 	0.0229105364 	0.0229152136 	0.0000308894 	0.9986004160 	
43.0000000000 	0.9535652932 	0.0224989101 	0.0225031145 	0.0000263940 	0.9985937118 	
43.5000000000 	0.9543696663 	0.0220961211 	0.0220996847 	0.0000221086 	0.9985875807 	
44.0000000000 	0.9551550778 	0.0217025213 	0.0217052770 	0.0000186571 	0.9985815331 	
44.5000000000 	0.9559207482 	0.0213188247 	0.0213202527 	0.0000158934 	0.9985757189 	
45.0000000000 	0.9566659756 	0.0209447749 	0.0209451586 	0.0000140495 	0.9985699587 	
45.5000000000 	0.9573914200 	0.0205803203 	0.0205797423 	0.0000128395 	0.9985643221 	
46.0000000000 	0.9580981691 	0.0202249128 	0.0202235249 	0.0000121776 	0.9985587844 	
46.5000000000 	0.9587878301 	0.0198778857 	0.0198758569 	0.0000119089 	0.9985534816 	
47.0000000000 	0.9594621500 	0.0195385193 	0.0195360173 	0.0000118502 	0.9985485369 	
47.5000000000 	0.9601227893 	0.0192061208 	0.0192033039 	0.0000118269 	0.9985440410 	
48.0000000000 	0.9607710960 	0.0188801136 	0.0188771179 	0.0000117091 	0.9985400366 	
48.5000000000 	0.9614080472 	0.0185600557 	0.0185570194 	0.0000114095 	0.9985365318 	
49.0000000000 	0.9620342300 	0.0182456628 	0.0182427033 	0.0000108977 	0.9985334937 	
49.5000000000 	0.9626498680 	0.0179367798 	0.0179340364 	0.0000101851 	0.9985308694 	
50.0000000000 	0.9632548719 	0.0176334083 	0.0176309900 	0.0000093165 	0.9985285867 	
50.5000000000 	0.9638489663 	0.0173356269 	0.0173336266 	0.0000083518 	0.9985265717 	
51.0000000000 	0.9644318500 	0.0170435277 	0.0170420127 	0.0000073595 	0.9985247498 	
51.5000000000 	0.9650032401 	0.0167572007 	0.0167562096 	0.0000064073 	0.9985230577 	
52.0000000000 	0.9655629625 	0.0164766949 	0.0164762382 	0.0000055517 	0.9985214472 	
52.5000000000 	0.9661110060 	0.0162019941 	0.0162020571 	0.0000048305 	0.9985198877 	
53.0000000000 	0.9666475337 	0.0159330115 	0.0159335598 	0.0000042609 	0.9985183659 	
53.5000000000 	0.9671728654 	0.0156695964 	0.0156705806 	0.0000038401 	0.9985168824 	
54.0000000000 	0.9676874398 	0.0154115499 	0.0154129092 	0.0000035496 	0.9985154484 	
54.5000000000 	0.9681917635 	0.0151586454 	0.0151603111 	0.0000033601 	0.9985140801 	
55.0000000000 	0.9686863575 	0.0149106513 	0.0149125489 	0.0000032375 	0.9985127952 	
55.5000000000 	0.9691717078 	0.0146673502 	0.0146694026 	0.0000031481 	0.9985116087 	
56.0000000000 	0.9696482350 	0.0144285522 	0.0144306810 	0.0000030627 	0.9985105309 	
56.5000000000 	0.9701162746 	0.0141941013 	0.0141962299 	0.0000029597 	0.9985095656 	
57.0000000000 	0.9705760706 	0.0139638786 	0.0139659344 	0.0000028265 	0.9985087100 	
57.5000000000 	0.9710277841 	0.0137377977 	0.0137397150 	0.0000026592 	0.9985079559 	
58.0000000000 	0.9714715135 	0.0135157967 	0.0135175189 	0.0000024615 	0.9985072906 	
58.5000000000 	0.9719073194 	0.0132978281 	0.0132993091 	0.0000022428 	0.9985066993 	
59.0000000000 	0.9723352498 	0.0130838481 	0.0130850536 	0.0000020151 	0.9985061666 	
59.5000000000 	0.9727553627 	0.0128738083 	0.0128747161 	0.0000017913 	0.9985056784 	
60.0000000000 	0.9731677412 	0.0126676497 	0.0126682491 	0.0000015831 	0.9985052230 	
60.5000000000 	0.9735725023 	0.0124652995 	0.0124655912 	0.0000013989 	0.9985047920 	
61.0000000000 	0.9739697977 	0.0122666717 	0.0122666665 	0.0000012440 	0.9985043799 	
61.5000000000 	0.9743598085 	0.0120716692 	0.0120713872 	0.0000011196 	0.9985039846 	
62.0000000000 	0.9747427361 	0.0118801885 	0.0118796577 	0.0000010239 	0.9985036062 	
62.5000000000 	0.9751187908 	0.0116921243 	0.0116913792 	0.0000000001 	0.9985022943 	
63.0000000000 	0.9754856056 	0.0115055886 	0.0115046860 	0.0000000000 	0.9984958802 	
63.5000000000 	0.9758487074 	0.0113241090 	0.0113230638 	0.0000000000 	0.9984958801 	
64.0000000000 	0.9762054625 	0.0111457782 	0.0111446395 	0.0000000000 	0.9984958801 	
64.5000000000 	0.9765560340 	0.0109705158 	0.0109693303 	0.0000000000 	0.9984958801 	
65.0000000000 	0.9769005628 	0.0107982531 	0.0107970642 	0.0000000000 	0.9984958801 	
65.5000000000 	0.9772391707 	0.0106289307 	0.0106277787 	0.0000000000 	0.9984958801 	
66.0000000000 	0.9775719651 	0.0104624969 	0.0104614181 	0.0000000000 	0.9984958800 	
66.5000000000 	0.9778990436 	0.0102989047 	0.0102979318 	0.0000000000 	0.9984958800 	
67.0000000000 	0.9782204989 	0.0101381093 	0.0101372718 	0.0000000000 	0.9984958800 	
67.5000000000 	0.9785364396 	0.0099800692 	0.0099793711 	0.0000000000 	0.9984958800 	
68.0000000000 	0.9788469779 	0.0098247210 	0.0098241811 	0.0000000000 	0.9984958800 	
68.5000000000 	0.9791522179 	0.0096720160 	0.0096716460 	0.0000000000 	0.9984958800 	
69.0000000000 	0.9794522617 	0.0095219072 	0.0095217111 	0.0000000000 	0.9984958800 	
69.5000000000 	0.9797472151 	0.0093743450 	0.0093743199 	0.0000000000 	0.9984958800 	
70.0000000000 	0.9800371861 	0.0092292784 	0.0092294154 	0.0000000000 	0.9984958800 	
70.5000000000 	0.9803222826 	0.0090866561 	0.0090869413 	0.0000000000 	0.9984958800 	
71.0000000000 	0.9806026096 	0.0089464276 	0.0089468428 	0.0000000000 	0.9984958800 	
71.5000000000 	0.9808782682 	0.0088085440 	0.0088090677 	0.0000000000 	0.9984958800 	
72.0000000000 	0.9811493543 	0.0086729589 	0.0086735669 	0.0000000000 	0.9984958800 	
72.5000000000 	0.9814159580 	0.0085396272 	0.0085402948 	0.0000000000 	0.9984958800 	
73.0000000000 	0.9816781646 	0.0084085063 	0.0084092090 	0.0000000000 	0.9984958800 	
73.5000000000 	0.9819360560 	0.0082795554 	0.0082802686 	0.0000000000 	0.9984958800 	
74.0000000000 	0.9821897109 	0.0081527347 	0.0081534344 	0.0000000000 	0.9984958800 	
74.5000000000 	0.9824392058 	0.0080280051 	0.0080286690 	0.0000000000 	0.9984958800 	
75.0000000000 	0.9826846156 	0.0079053282 	0.0079059362 	0.0000000000 	0.9984958800 	
75.5000000000 	0.9829260143 	0.0077846654 	0.0077852004 	0.0000000000 	0.9984958800 	
76.0000000000 	0.9831634752 	0.0076659782 	0.0076664265 	0.0000000000 	0.9984958800 	
76.5000000000 	0.9833970716 	0.0075492284 	0.0075495799 	0.0000000000 	0.9984958800 	
77.0000000000 	0.9836268761 	0.0074343777 	0.0074346262 	0.0000000000 	0.9984958800 	
77.5000000000 	0.9838529603 	0.0073213883 	0.0073215313 	0.0000000000 	0.9984958800 	
78.0000000000 	0.9840753949 	0.0072102233 	0.0072102618 	0.0000000000 	0.9984958800 	
78.5000000000 	0.9842942485 	0.0071008465 	0.0071007850 	0.0000000000 	0.9984958800 	
79.0000000000 	0.9845095880 	0.0069932230 	0.0069930689 	0.0000000000 	0.9984958800 	
79.5000000000 	0.9847214784 	0.0068873191 	0.0068870825 	0.0000000000 	0.9984958800 	
80.0000000000 	0.9849299826 	0.0067831022 	0.0067827952 	0.0000000000 	0.9984958800 	
80.5000000000 	0.9851351614 	0.0066805409 	0.0066801776 	0.0000000000 	0.9984958800 	
81.0000000000 	0.9853370742 	0.0065796052 	0.0065792006 	0.0000000000 	0.9984958800 	
81.5000000000 	0.9855357784 	0.0064802660 	0.0064798356 	0.0000000000 	0.9984958800 	
82.0000000000 	0.9857313302 	0.0063824952 	0.0063820546 	0.0000000000 	0.9984958800 	
82.5000000000 	0.9859237848 	0.0062862654 	0.0062858298 	0.0000000000 	0.9984958800 	
83.0000000000 	0.9861131962 	0.0061915501 	0.0061911337 	0.0000000000 	0.9984958800 	
83.5000000000 	0.9862996175 	0.0060983235 	0.0060979389 	0.0000000000 	0.9984958800 	
84.0000000000 	0.9864831010 	0.0060065603 	0.0060062186 	0.0000000000 	0.9984958800 	
84.5000000000 	0.9866636981 	0.0059162359 	0.0059159460 	0.0000000000 	0.9984958800 	
85.0000000000 	0.9868414592 	0.0058273260 	0.0058270948 	0.0000000000 	0.9984958800 	
85.5000000000 	0.9870164338 	0.0057398071 	0.0057396391 	0.0000000000 	0.9984958800 	
86.0000000000 	0.9871886703 	0.0056536561 	0.0056535535 	0.0000000000 	0.9984958800 	
86.5000000000 	0.9873582164 	0.0055688505 	0.0055688131 	0.0000000000 	0.9984958800 	
87.0000000000 	0.9875251182 	0.0054853680 	0.0054853937 	0.0000000000 	0.9984958800 	
87.5000000000 	0.9876894213 	0.0054031871 	0.0054032716 	0.0000000000 	0.9984958800 	
88.0000000000 	0.9878511698 	0.0053222864 	0.0053224237 	0.0000000000 	0.9984958800 	
88.5000000000 	0.9880104072 	0.0052426450 	0.0052428278 	0.0000000000 	0.9984958800 	
89.0000000000 	0.9881671757 	0.0051642422 	0.0051644620 	0.0000000000 	0.9984958800 	
89.5000000000 	0.9883215169 	0.0050870578 	0.0050873053 	0.0000000000 	0.9984958800 	
90.0000000000 	0.9884734715 	0.0050110715 	0.0050113370 	0.0000000000 	0.9984958800 	
90.5000000000 	0.9886230793 	0.0049362634 	0.0049365372 	0.0000000000 	0.9984958800 	
91.0000000000 	0.9887703795 	0.0048626140 	0.0048628865 	0.0000000000 	0.9984958800 	
91.5000000000 	0.9889154105 	0.0047901036 	0.0047903659 	0.0000000000 	0.9984958800 	
92.0000000000 	0.9890582100 	0.0047187131 	0.0047189569 	0.0000000000 	0.9984958800 	
92.5000000000 	0.9891988150 	0.0046484233 	0.0046486417 	0.0000000000 	0.9984958800 	
93.0000000000 	0.9893372619 	0.0045792155 	0.0045794025 	0.0000000000 	0.9984958800 	
93.5000000000 	0.9894735863 	0.0045110713 	0.0045112224 	0.0000000000 	0.9984958800 	
94.0000000000 	0.9896078233 	0.0044439723 	0.0044440844 	0.0000000000 	0.9984958800 	
94.5000000000 	0.9897400070 	0.0043779008 	0.0043779722 	0.0000000000 	0.9984958800 	
95.0000000000 	0.9898701711 	0.0043128391 	0.0043128697 	0.0000000000 	0.9984958800 	
95.5000000000 	0.9899983486 	0.0042487702 	0.0042487611 	0.0000000000 	0.9984958800 	
96.0000000000 	0.9901245719 	0.0041856772 	0.0041856309 	0.0000000000 	0.9984958800 	
96.5000000000 	0.9902488726 	0.0041235437 	0.0041234637 	0.0000000000 	0.9984958800 	
97.0000000000 	0.9903712819 	0.0040623537 	0.0040622444 	0.0000000000 	0.9984958800 	
97.5000000000 	0.9904918302 	0.0040020915 	0.0040019582 	0.0000000000 	0.9984958800 	
98.0000000000 	0.9906105477 	0.0039427420 	0.0039425903 	0.0000000000 	0.9984958800 	
98.5000000000 	0.9907274636 	0.0038842902 	0.0038841262 	0.0000000000 	0.9984958800 	
99.0000000000 	0.9908426070 	0.0038267216 	0.0038265514 	0.0000000000 	0.9984958800 	
99.5000000000 	0.9909560062 	0.0037700221 	0.0037698517 	0.0000000000 	0.9984958800 	
100.0000000000 	0.9910676891 	0.0037141779 	0.0037140129 	0.0000000000 	0.9984958800 	
100.5000000000 	0.9911776831 	0.0036591756 	0.0036590213 	0.0000000000 	0.9984958800 	
101.0000000000 	0.9912860151 	0.0036050020 	0.0036048629 	0.0000000000 	0.9984958800 	
101.5000000000 	0.9913927115 	0.0035516443 	0.0035515242 	0.0000000000 	0.9984958800 	
102.0000000000 	0.9914977983 	0.0034990899 	0.0034989917 	0.0000000000 	0.9984958800 	
102.5000000000 	0.9916013010 	0.0034473266 	0.0034472524 	0.0000000000 	0.9984958800 	
103.0000000000 	0.9917032446 	0.0033963421 	0.0033962932 	0.0000000000 	0.9984958800 	
103.5000000000 	0.9918036537 	0.0033461248 	0.0033461014 	0.0000000000 	0.9984958800 	
104.0000000000 	0.9919025525 	0.0032966630 	0.0032966645 	0.0000000000 	0.9984958800 	
104.5000000000 	0.9919999647 	0.0032479451 	0.0032479702 	0.0000000000 	0.9984958800 	
105.0000000000 	0.9920959136 	0.0031999599 	0.0032000064 	0.0000000000 	0.9984958800 	
105.5000000000 	0.9921904222 	0.0031526963 	0.0031527615 	0.0000000000 	0.9984958800 	
106.0000000000 	0.9922835129 	0.0031061431 	0.0031062239 	0.0000000000 	0.9984958800 	
106.5000000000 	0.9923752080 	0.0030602896 	0.0030603824 	0.0000000000 	0.9984958800 	
107.0000000000 	0.9924655291 	0.0030151248 	0.0030152260 	0.0000000000 	0.9984958800 	
107.5000000000 	0.9925544977 	0.0029706383 	0.0029707440 	0.0000000000 	0.9984958800 	
108.0000000000 	0.9926421348 	0.0029268194 	0.0029269258 	0.0000000000 	0.9984958800 	
108.5000000000 	0.9927284610 	0.0028836577 	0.0028837613 	0.0000000000 	0.9984958800 	
109.0000000000 	0.9928134968 	0.0028411429 	0.0028412404 	0.0000000000 	0.9984958800 	
109.5000000000 	0.9928972620 	0.0027992648 	0.0027993533 	0.0000000000 	0.9984958800 	
110.0000000000 	0.9929797763 	0.0027580134 	0.0027580904 	0.0000000000 	0.9984958800 	
110.5000000000 	0.9930610590 	0.0027173787 	0.0027174423 	0.0000000000 	0.9984958800 	
111.0000000000 	0.9931411291 	0.0026773510 	0.0026773998 	0.0000000000 	0.9984958800 	
111.5000000000 	0.9932200053 	0.0026379207 	0.0026379539 	0.0000000000 	0.9984958800 	
112.0000000000 	0.9932977060 	0.0025990784 	0.0025990956 	0.0000000000 	0.9984958800 	
112.5000000000 	0.9933742492 	0.0025608146 	0.0025608162 	0.0000000000 	0.9984958800 	
113.0000000000 	0.9934496527 	0.0025231203 	0.0025231070 	0.0000000000 	0.9984958800 	
113.5000000000 	0.9935239339 	0.0024859865 	0.0024859597 	0.0000000000 	0.9984958800 	
114.0000000000 	0.9935971100 	0.0024494044 	0.0024493656 	0.0000000000 	0.9984958800 	
114.5000000000 	0.9936691979 	0.0024133655 	0.0024133166 	0.0000000000 	0.9984958800 	
115.0000000000 	0.9937402142 	0.0023778612 	0.0023778045 	0.0000000000 	0.9984958800 	
115.5000000000 	0.9938101754 	0.0023428835 	0.0023428212 	0.0000000000 	0.9984958800 	
116.0000000000 	0.9938790974 	0.0023084241 	0.0023083585 	0.0000000000 	0.9984958800 	
116.5000000000 	0.9939469961 	0.0022744751 	0.0022744088 	0.0000000000 	0.9984958800 	
117.0000000000 	0.9940138870 	0.0022410290 	0.0022409640 	0.0000000000 	0.9984958800 	
117.5000000000 	0.9940797856 	0.0022080779 	0.0022080164 	0.0000000000 	0.9984958800 	
118.0000000000 	0.9941447068 	0.0021756147 	0.0021755585 	0.0000000000 	0.9984958800 	
118.5000000000 	0.9942086655 	0.0021436319 	0.0021435826 	0.0000000000 	0.9984958800 	
119.0000000000 	0.9942716763 	0.0021121224 	0.0021120813 	0.0000000000 	0.9984958800 	
119.5000000000 	0.9943337535 	0.0020810792 	0.0020810473 	0.0000000000 	0.9984958800 	
120.0000000000 	0.9943949112 	0.0020504955 	0.0020504732 	0.0000000000 	0.9984958800 	
120.5000000000 	0.9944551635 	0.0020203645 	0.0020203521 	0.0000000000 	0.9984958800 	
121.0000000000 	0.9945145238 	0.0019906794 	0.0019906768 	0.0000000000 	0.9984958800 	
121.5000000000 	0.9945730058 	0.0019614337 	0.0019614405 	0.0000000000 	0.9984958800 	
122.0000000000 	0.9946306226 	0.0019326210 	0.0019326364 	0.0000000000 	0.9984958800 	
122.5000000000 	0.9946873873 	0.0019042349 	0.0019042579 	0.0000000000 	0.9984958800 	
123.0000000000 	0.9947433127 	0.0018762689 	0.0018762984 	0.0000000000 	0.9984958800 	
123.5000000000 	0.9947984114 	0.0018487170 	0.0018487516 	0.0000000000 	0.9984958800 	
124.0000000000 	0.9948526960 	0.0018215728 	0.0018216112 	0.0000000000 	0.9984958800 	
124.5000000000 	0.9949061786 	0.0017948304 	0.0017948710 	0.0000000000 	0.9984958800 	
125.0000000000 	0.9949588712 	0.0017684837 	0.0017685251 	0.0000000000 	0.9984958800 	
125.5000000000 	0.9950107858 	0.0017425267 	0.0017425675 	0.0000000000 	0.9984958800 	
126.0000000000 	0.9950619339 	0.0017169536 	0.0017169924 	0.0000000000 	0.9984958800 	
126.5000000000 	0.9951123272 	0.0016917586 	0.0016917942 	0.0000000000 	0.9984958800 	
127.0000000000 	0.9951619768 	0.0016669358 	0.0016669673 	0.0000000000 	0.9984958800 	
127.5000000000 	0.9952108940 	0.0016424797 	0.0016425062 	0.0000000000 	0.9984958800 	
128.0000000000 	0.9952590897 	0.0016183847 	0.0016184056 	0.0000000000 	0.9984958800 	
128.5000000000 	0.9953065746 	0.0015946452 	0.0015946601 	0.0000000000 	0.9984958800 	
129.0000000000 	0.9953533595 	0.0015712559 	0.0015712646 	0.0000000000 	0.9984958800 	
129.5000000000 	0.9953994547 	0.0015482113 	0.0015482140 	0.0000000000 	0.9984958800 	
130.0000000000 	0.9954448706 	0.0015255063 	0.0015255031 	0.0000000000 	0.9984958800 	
130.5000000000 	0.9954896172 	0.0015031357 	0.0015031270 	0.0000000000 	0.9984958800 	
131.0000000000 	0.9955337047 	0.0014810944 	0.0014810809 	0.0000000000 	0.9984958800 	
131.5000000000 	0.9955771428 	0.0014593775 	0.0014593598 	0.0000000000 	0.9984958800 	
132.0000000000 	0.9956199411 	0.0014379800 	0.0014379589 	0.0000000000 	0.9984958800 	
132.5000000000 	0.9956621093 	0.0014168971 	0.0014168736 	0.0000000000 	0.9984958800 	
133.0000000000 	0.9957036566 	0.0013961242 	0.0013960991 	0.0000000000 	0.9984958800 	
133.5000000000 	0.9957445924 	0.0013756566 	0.0013756309 	0.0000000000 	0.9984958800 	
134.0000000000 	0.9957849258 	0.0013554898 	0.0013554644 	0.0000000000 	0.9984958800 	
134.5000000000 	0.9958246656 	0.0013356194 	0.0013355950 	0.0000000000 	0.9984958800 	
135.0000000000 	0.9958638208 	0.0013160409 	0.0013160183 	0.0000000000 	0.9984958800 	
135.5000000000 	0.9959023999 	0.0012967501 	0.0012967300 	0.0000000000 	0.9984958800 	
136.0000000000 	0.9959404116 	0.0012777427 	0.0012777256 	0.0000000000 	0.9984958800 	
136.5000000000 	0.9959778643 	0.0012590146 	0.0012590010 	0.0000000000 	0.9984958800 	
137.0000000000 	0.9960147663 	0.0012405618 	0.0012405519 	0.0000000000 	0.9984958800 	
137.5000000000 	0.9960511257 	0.0012223802 	0.0012223741 	0.0000000000 	0.9984958800 	
138.0000000000 	0.9960869506 	0.0012044658 	0.0012044635 	0.0000000000 	0.9984958800 	
138.5000000000 	0.9961222489 	0.0011868148 	0.0011868162 	0.0000000000 	0.9984958800 	
139.0000000000 	0.9961570285 	0.0011694233 	0.0011694282 	0.0000000000 	0.9984958800 	
139.5000000000 	0.9961912969 	0.0011522875 	0.0011522955 	0.0000000000 	0.9984958800 	
140.0000000000 	0.9962250618 	0.0011354037 	0.0011354144 	0.0000000000 	0.9984958800 	
140.5000000000 	0.9962583307 	0.0011187682 	0.0011187810 	0.0000000000 	0.9984958800 	
141.0000000000 	0.9962911108 	0.0011023774 	0.0011023918 	0.0000000000 	0.9984958800 	
141.5000000000 	0.9963234095 	0.0010862275 	0.0010862430 	0.0000000000 	0.9984958800 	
142.0000000000 	0.9963552337 	0.0010703151 	0.0010703311 	0.0000000000 	0.9984958800 	
142.5000000000 	0.9963865906 	0.0010546367 	0.0010546526 	0.0000000000 	0.9984958800 	
143.0000000000 	0.9964174871 	0.0010391888 	0.0010392041 	0.0000000000 	0.9984958800 	
143.5000000000 	0.9964479299 	0.0010239679 	0.0010239822 	0.0000000000 	0.9984958800 	
144.0000000000 	0.9964779258 	0.0010089707 	0.0010089835 	0.0000000000 	0.9984958800 	
144.5000000000 	0.9965074813 	0.0009941938 	0.0009942048 	0.0000000000 	0.9984958800 	
145.0000000000 	0.9965366030 	0.0009796340 	0.0009796429 	0.0000000000 	0.9984958800 	
145.5000000000 	0.9965652973 	0.0009652880 	0.0009652946 	0.0000000000 	0.9984958800 	
146.0000000000 	0.9965935705 	0.0009511526 	0.0009511569 	0.0000000000 	0.9984958800 	
146.5000000000 	0.9966214288 	0.0009372247 	0.0009372265 	0.0000000000 	0.9984958800 	
147.0000000000 	0.9966488782 	0.0009235011 	0.0009235006 	0.0000000000 	0.9984958800 	
147.5000000000 	0.9966759250 	0.0009099788 	0.0009099762 	0.0000000000 	0.9984958800 	
148.0000000000 	0.9967025749 	0.0008966549 	0.0008966502 	0.0000000000 	0.9984958800 	
148.5000000000 	0.9967288339 	0.0008835262 	0.0008835199 	0.0000000000 	0.9984958800 	
149.0000000000 	0.9967547076 	0.0008705901 	0.0008705823 	0.0000000000 	0.9984958800 	
149.5000000000 	0.9967802019 	0.0008573535 	0.0008573447 	0.0000000000 	0.9984949000 	
150.0000000000 	0.9968036616 	0.0008448024 	0.0008448038 	0.0000000000 	0.9984932678 	
150.5000000000 	0.9968283756 	0.0008324434 	0.0008324489 	0.0000000000 	0.9984932678 	
151.0000000000 	0.9968527281 	0.0008202678 	0.0008202719 	0.0000000000 	0.9984932678 	
151.5000000000 	0.9968767245 	0.0008082724 	0.0008082709 	0.0000000000 	0.9984932678 	
152.0000000000 	0.9969003699 	0.0007964543 	0.0007964436 	0.0000000000 	0.9984932678 	
152.5000000000 	0.9969236695 	0.0007848103 	0.0007847880 	0.0000000000 	0.9984932678 	
153.0000000000 	0.9969466283 	0.0007733375 	0.0007733020 	0.0000000000 	0.9984932678 	
153.5000000000 	0.9969692513 	0.0007620328 	0.0007619837 	0.0000000000 	0.9984932678 	
154.0000000000 	0.9969915434 	0.0007508934 	0.0007508310 	0.0000000000 	0.9984932678 	
154.5000000000 	0.9970135033 	0.0007399144 	0.0007398500 	0.0000000000 	0.9984932678 	
155.0000000000 	0.9970351492 	0.0007290895 	0.0007290291 	0.0000000000 	0.9984932678 	
155.5000000000 	0.9970564783 	0.0007184236 	0.0007183659 	0.0000000000 	0.9984932678 	
156.0000000000 	0.9970774954 	0.0007079140 	0.0007078584 	0.0000000000 	0.9984932678 	
156.5000000000 	0.9970982050 	0.0006975580 	0.0006975047 	0.0000000000 	0.9984932678 	
157.0000000000 	0.9971186116 	0.0006873533 	0.0006873029 	0.0000000000 	0.9984932678 	
157.5000000000 	0.9971387196 	0.0006772973 	0.0006772509 	0.0000000000 	0.9984932678 	
158.0000000000 	0.9971585334 	0.0006673878 	0.0006673466 	0.0000000000 	0.9984932678 	
158.5000000000 	0.9971780573 	0.0006576225 	0.0006575879 	0.0000000000 	0.9984932678 	
159.0000000000 	0.9971972956 	0.0006479995 	0.0006479727 	0.0000000000 	0.9984932678 	
159.5000000000 	0.9972162522 	0.0006385169 	0.0006384987 	0.0000000000 	0.9984932678 	
160.0000000000 	0.9972349313 	0.0006291731 	0.0006291634 	0.0000000000 	0.9984932678 	
160.5000000000 	0.9972533372 	0.0006199662 	0.0006199644 	0.0000000000 	0.9984932678 	
161.0000000000 	0.9972714739 	0.0006108941 	0.0006108998 	0.0000000000 	0.9984932678 	
161.5000000000 	0.9972893454 	0.0006019549 	0.0006019675 	0.0000000000 	0.9984932678 	
162.0000000000 	0.9973069555 	0.0005931467 	0.0005931656 	0.0000000000 	0.9984932678 	
162.5000000000 	0.9973243081 	0.0005844677 	0.0005844920 	0.0000000000 	0.9984932678 	
163.0000000000 	0.9973414069 	0.0005759160 	0.0005759449 	0.0000000000 	0.9984932678 	
163.5000000000 	0.9973582556 	0.0005674899 	0.0005675224 	0.0000000000 	0.9984932678 	
164.0000000000 	0.9973748579 	0.0005591875 	0.0005592224 	0.0000000000 	0.9984932678 	
164.5000000000 	0.9973912173 	0.0005510071 	0.0005510433 	0.0000000000 	0.9984932678 	
165.0000000000 	0.9974073375 	0.0005429470 	0.0005429832 	0.0000000000 	0.9984932678 	
165.5000000000 	0.9974232219 	0.0005350054 	0.0005350405 	0.0000000000 	0.9984932678 	
166.0000000000 	0.9974388738 	0.0005271806 	0.0005272134 	0.0000000000 	0.9984932678 	
166.5000000000 	0.9974542969 	0.0005194707 	0.0005195003 	0.0000000000 	0.9984932678 	
167.0000000000 	0.9974694943 	0.0005118739 	0.0005118996 	0.0000000000 	0.9984932678 	
167.5000000000 	0.9974844693 	0.0005043887 	0.0005044098 	0.0000000000 	0.9984932678 	
168.0000000000 	0.9974992254 	0.0004970132 	0.0004970292 	0.0000000000 	0.9984932678 	
168.5000000000 	0.9975137656 	0.0004897458 	0.0004897565 	0.0000000000 	0.9984932678 	
169.0000000000 	0.9975280931 	0.0004825847 	0.0004825900 	0.0000000000 	0.9984932678 	
169.5000000000 	0.9975422110 	0.0004755284 	0.0004755284 	0.0000000000 	0.9984932678 	
170.0000000000 	0.9975561224 	0.0004685753 	0.0004685701 	0.0000000000 	0.9984932678 	
170.5000000000 	0.9975698304 	0.0004617237 	0.0004617137 	0.0000000000 	0.9984932678 	
171.0000000000 	0.9975833378 	0.0004549720 	0.0004549579 	0.0000000000 	0.9984932678 	
171.5000000000 	0.9975966477 	0.0004483188 	0.0004483012 	0.0000000000 	0.9984932678 	
172.0000000000 	0.9976097629 	0.0004417626 	0.0004417423 	0.0000000000 	0.9984932678 	
172.5000000000 	0.9976226863 	0.0004353019 	0.0004352796 	0.0000000000 	0.9984932678 	
173.0000000000 	0.9976354206 	0.0004289353 	0.0004289119 	0.0000000000 	0.9984932678 	
173.5000000000 	0.9976479687 	0.0004226614 	0.0004226377 	0.0000000000 	0.9984932678 	
174.0000000000 	0.9976603332 	0.0004164789 	0.0004164557 	0.0000000000 	0.9984932678 	
174.5000000000 	0.9976725168 	0.0004103864 	0.0004103646 	0.0000000000 	0.9984932678 	
175.0000000000 	0.9976845222 	0.0004043828 	0.0004043628 	0.0000000000 	0.9984932678 	
175.5000000000 	0.9976963520 	0.0003984666 	0.0003984491 	0.0000000000 	0.9984932678 	
176.0000000000 	0.9977080088 	0.0003926368 	0.0003926222 	0.0000000000 	0.9984932678 	
176.5000000000 	0.9977194951 	0.0003868920 	0.0003868807 	0.0000000000 	0.9984932678 	
177.0000000000 	0.9977308133 	0.0003812311 	0.0003812234 	0.0000000000 	0.9984932678 	
177.5000000000 	0.9977419660 	0.0003756530 	0.0003756488 	0.0000000000 	0.9984932678 	
178.0000000000 	0.9977529556 	0.0003701565 	0.0003701558 	0.0000000000 	0.9984932678 	
178.5000000000 	0.9977637844 	0.0003647404 	0.0003647430 	0.0000000000 	0.9984932678 	
179.0000000000 	0.9977744548 	0.0003594036 	0.0003594094 	0.0000000000 	0.9984932678 	
179.5000000000 	0.9977849691 	0.0003541451 	0.0003541536 	0.0000000000 	0.9984932678 	
180.0000000000 	0.9977953297 	0.0003489636 	0.0003489745 	0.0000000000 	0.9984932678 	
180.5000000000 	0.9978055387 	0.0003438582 	0.0003438709 	0.0000000000 	0.9984932678 	
181.0000000000 	0.9978155983 	0.0003388277 	0.0003388417 	0.0000000000 	0.9984932678 	
181.5000000000 	0.9978255109 	0.0003338711 	0.0003338859 	0.0000000000 	0.9984932678 	
182.0000000000 	0.9978352784 	0.0003289872 	0.0003290022 	0.0000000000 	0.9984932678 	
182.5000000000 	0.9978449030 	0.0003241750 	0.0003241898 	0.0000000000 	0.9984932678 	
183.0000000000 	0.9978543869 	0.0003194334 	0.0003194475 	0.0000000000 	0.9984932678 	
183.5000000000 	0.9978637320 	0.0003147614 	0.0003147743 	0.0000000000 	0.9984932678 	
184.0000000000 	0.9978729405 	0.0003101580 	0.0003101693 	0.0000000000 	0.9984932678 	
184.5000000000 	0.9978820142 	0.0003056220 	0.0003056315 	0.0000000000 	0.9984932678 	
185.0000000000 	0.9978909553 	0.0003011526 	0.0003011600 	0.0000000000 	0.9984932678 	
185.5000000000 	0.9978997655 	0.0002967485 	0.0002967538 	0.0000000000 	0.9984932678 	
186.0000000000 	0.9979084469 	0.0002924090 	0.0002924120 	0.0000000000 	0.9984932678 	
186.5000000000 	0.9979170013 	0.0002881329 	0.0002881336 	0.0000000000 	0.9984932678 	
187.0000000000 	0.9979254305 	0.0002839193 	0.0002839179 	0.0000000000 	0.9984932678 	
187.5000000000 	0.9979337365 	0.0002797673 	0.0002797640 	0.0000000000 	0.9984932678 	
188.0000000000 	0.9979419209 	0.0002756760 	0.0002756709 	0.0000000000 	0.9984932678 	
188.5000000000 	0.9979499857 	0.0002716444 	0.0002716377 	0.0000000000 	0.9984932678 	
189.0000000000 	0.9979579325 	0.0002676716 	0.0002676637 	0.0000000000 	0.9984932678 	
189.5000000000 	0.9979657630 	0.0002637567 	0.0002637480 	0.0000000000 	0.9984932678 	
190.0000000000 	0.9979734790 	0.0002598990 	0.0002598898 	0.0000000000 	0.9984932678 	
190.5000000000 	0.9979810822 	0.0002560975 	0.0002560881 	0.0000000000 	0.9984932678 	
191.0000000000 	0.9979885741 	0.0002523515 	0.0002523422 	0.0000000000 	0.9984932678 	
191.5000000000 	0.9979959564 	0.0002486601 	0.0002486512 	0.0000000000 	0.9984932678 	
192.0000000000 	0.9980032308 	0.0002450226 	0.0002450144 	0.0000000000 	0.9984932678 	
192.5000000000 	0.9980103987 	0.0002414382 	0.0002414309 	0.0000000000 	0.9984932678 	
193.0000000000 	0.9980174618 	0.0002379060 	0.0002378999 	0.0000000000 	0.9984932678 	
193.5000000000 	0.9980244216 	0.0002344255 	0.0002344207 	0.0000000000 	0.9984932678 	
194.0000000000 	0.9980312796 	0.0002309958 	0.0002309924 	0.0000000000 	0.9984932678 	
194.5000000000 	0.9980380373 	0.0002276163 	0.0002276142 	0.0000000000 	0.9984932678 	
195.0000000000 	0.9980446961 	0.0002242862 	0.0002242855 	0.0000000000 	0.9984932678 	
195.5000000000 	0.9980512575 	0.0002210048 	0.0002210055 	0.0000000000 	0.9984932678 	
196.0000000000 	0.9980577229 	0.0002177715 	0.0002177734 	0.0000000000 	0.9984932678 	
196.5000000000 	0.9980640938 	0.0002145855 	0.0002145885 	0.0000000000 	0.9984932678 	
197.0000000000 	0.9980703715 	0.0002114461 	0.0002114501 	0.0000000000 	0.9984932678 	
197.5000000000 	0.9980765574 	0.0002083528 	0.0002083576 	0.0000000000 	0.9984932678 	
198.0000000000 	0.9980826527 	0.0002053049 	0.0002053102 	0.0000000000 	0.9984932678 	
198.5000000000 	0.9980886589 	0.0002023016 	0.0002023073 	0.0000000000 	0.9984932678 	
199.0000000000 	0.9980945773 	0.0001993423 	0.0001993482 	0.0000000000 	0.9984932678 	
199.5000000000 	0.9981004091 	0.0001964264 	0.0001964323 	0.0000000000 	0.9984932678 	
200.0000000000 	0.9981061556 	0.0001935533 	0.0001935589 	0.0000000000 	0.9984932678 	
200.5000000000 	0.9981118180 	0.0001907223 	0.0001907275 	0.0000000000 	0.9984932678 	
201.0000000000 	0.9981173976 	0.0001879328 	0.0001879374 	0.0000000000 	0.9984932678 	
201.5000000000 	0.9981228956 	0.0001851841 	0.0001851881 	0.0000000000 	0.9984932678 	
202.0000000000 	0.9981283132 	0.0001824757 	0.0001824789 	0.0000000000 	0.9984932678 	
202.5000000000 	0.9981336515 	0.0001798070 	0.0001798093 	0.0000000000 	0.9984932678 	
203.0000000000 	0.9981389117 	0.0001771773 	0.0001771787 	0.0000000000 	0.9984932678 	
203.5000000000 	0.9981440950 	0.0001745861 	0.0001745867 	0.0000000000 	0.9984932678 	
204.0000000000 	0.9981492025 	0.0001720328 	0.0001720325 	0.0000000000 	0.9984932678 	
204.5000000000 	0.9981542353 	0.0001695168 	0.0001695157 	0.0000000000 	0.9984932678 	
205.0000000000 	0.9981591944 	0.0001670376 	0.0001670358 	0.0000000000 	0.9984932678 	
205.5000000000 	0.9981640810 	0.0001645946 	0.0001645922 	0.0000000000 	0.9984932678 	
206.0000000000 	0.9981688962 	0.0001621873 	0.0001621844 	0.0000000000 	0.9984932678 	
206.5000000000 	0.9981736409 	0.0001598151 	0.0001598118 	0.0000000000 	0.9984932678 	
207.0000000000 	0.9981783162 	0.0001574776 	0.0001574740 	0.0000000000 	0.9984932678 	
207.5000000000 	0.9981829231 	0.0001551742 	0.0001551705 	0.0000000000 	0.9984932678 	
208.0000000000 	0.9981874626 	0.0001529044 	0.0001529008 	0.0000000000 	0.9984932678 	
208.5000000000 	0.9981919357 	0.0001506678 	0.0001506643 	0.0000000000 	0.9984932678 	
209.0000000000 	0.9981963434 	0.0001484638 	0.0001484606 	0.0000000000 	0.9984932678 	
209.5000000000 	0.9982006866 	0.0001462920 	0.0001462891 	0.0000000000 	0.9984932678 	
210.0000000000 	0.9982049663 	0.0001441520 	0.0001441495 	0.0000000000 	0.9984932678 	
210.5000000000 	0.9982091834 	0.0001420432 	0.0001420412 	0.0000000000 	0.9984932678 	
211.0000000000 	0.9982133388 	0.0001399652 	0.0001399637 	0.0000000000 	0.9984932678 	
211.5000000000 	0.9982174334 	0.0001379177 	0.0001379167 	0.0000000000 	0.9984932678 	
212.0000000000 	0.9982214682 	0.0001359000 	0.0001358996 	0.0000000000 	0.9984932678 	
212.5000000000 	0.9982254439 	0.0001339119 	0.0001339120 	0.0000000000 	0.9984932678 	
213.0000000000 	0.9982293614 	0.0001319529 	0.0001319535 	0.0000000000 	0.9984932678 	
213.5000000000 	0.9982332217 	0.0001300225 	0.0001300236 	0.0000000000 	0.9984932678 	
214.0000000000 	0.9982370255 	0.0001281204 	0.0001281219 	0.0000000000 	0.9984932678 	
214.5000000000 	0.9982407736 	0.0001262462 	0.0001262480 	0.0000000000 	0.9984932678 	
215.0000000000 	0.9982444670 	0.0001243994 	0.0001244014 	0.0000000000 	0.9984932678 	
215.5000000000 	0.9982481063 	0.0001225797 	0.0001225819 	0.0000000000 	0.9984932678 	
216.0000000000 	0.9982516923 	0.0001207866 	0.0001207889 	0.0000000000 	0.9984932678 	
216.5000000000 	0.9982552259 	0.0001190198 	0.0001190221 	0.0000000000 	0.9984932678 	
217.0000000000 	0.9982587079 	0.0001172789 	0.0001172811 	0.0000000000 	0.9984932678 	
217.5000000000 	0.9982621388 	0.0001155634 	0.0001155655 	0.0000000000 	0.9984932678 	
218.0000000000 	0.9982655197 	0.0001138731 	0.0001138750 	0.0000000000 	0.9984932678 	
218.5000000000 	0.9982688510 	0.0001122076 	0.0001122092 	0.0000000000 	0.9984932678 	
219.0000000000 	0.9982721336 	0.0001105664 	0.0001105677 	0.0000000000 	0.9984932678 	
219.5000000000 	0.9982753682 	0.0001089493 	0.0001089503 	0.0000000000 	0.9984932678 	
220.0000000000 	0.9982785555 	0.0001073558 	0.0001073565 	0.0000000000 	0.9984932678 	
220.5000000000 	0.9982816962 	0.0001057856 	0.0001057860 	0.0000000000 	0.9984932678 	
221.0000000000 	0.9982847909 	0.0001042384 	0.0001042384 	0.0000000000 	0.9984932678 	
221.5000000000 	0.9982878404 	0.0001027138 	0.0001027135 	0.0000000000 	0.9984932678 	
222.0000000000 	0.9982908453 	0.0001012116 	0.0001012110 	0.0000000000 	0.9984932678 	
222.5000000000 	0.9982938062 	0.0000997312 	0.0000997304 	0.0000000000 	0.9984932678 	
223.0000000000 	0.9982967238 	0.0000982725 	0.0000982715 	0.0000000000 	0.9984932678 	
223.5000000000 	0.9982995987 	0.0000968352 	0.0000968339 	0.0000000000 	0.9984932678 	
224.0000000000 	0.9983024316 	0.0000954188 	0.0000954174 	0.0000000000 	0.9984932678 	
224.5000000000 	0.9983052230 	0.0000940231 	0.0000940217 	0.0000000000 	0.9984932678 	
225.0000000000 	0.9983079736 	0.0000926478 	0.0000926464 	0.0000000000 	0.9984932678 	
225.5000000000 	0.9983106840 	0.0000912926 	0.0000912912 	0.0000000000 	0.9984932678 	
226.0000000000 	0.9983133547 	0.0000899572 	0.0000899559 	0.0000000000 	0.9984932678 	
226.5000000000 	0.9983159863 	0.0000886413 	0.0000886401 	0.0000000000 	0.9984932678 	
227.0000000000 	0.9983185795 	0.0000873447 	0.0000873436 	0.0000000000 	0.9984932678 	
227.5000000000 	0.9983211347 	0.0000860670 	0.0000860661 	0.0000000000 	0.9984932678 	
228.0000000000 	0.9983236526 	0.0000848079 	0.0000848073 	0.0000000000 	0.9984932678 	
228.5000000000 	0.9983261336 	0.0000835673 	0.0000835669 	0.0000000000 	0.9984932678 	
229.0000000000 	0.9983285783 	0.0000823448 	0.0000823446 	0.0000000000 	0.9984932678 	
229.5000000000 	0.9983309873 	0.0000811403 	0.0000811402 	0.0000000000 	0.9984932678 	
230.0000000000 	0.9983333610 	0.0000799533 	0.0000799535 	0.0000000000 	0.9984932678 	
230.5000000000 	0.9983357001 	0.0000787837 	0.0000787840 	0.0000000000 	0.9984932678 	
231.0000000000 	0.9983380049 	0.0000776312 	0.0000776317 	0.0000000000 	0.9984932678 	
231.5000000000 	0.9983402759 	0.0000764956 	0.0000764962 	0.0000000000 	0.9984932678 	
232.0000000000 	0.9983425138 	0.0000753766 	0.0000753774 	0.0000000000 	0.9984932678 	
232.5000000000 	0.9983447189 	0.0000742740 	0.0000742748 	0.0000000000 	0.9984932678 	
233.0000000000 	0.9983468918 	0.0000731876 	0.0000731884 	0.0000000000 	0.9984932678 	
233.5000000000 	0.9983490329 	0.0000721170 	0.0000721179 	0.0000000000 	0.9984932678 	
234.0000000000 	0.9983511427 	0.0000710621 	0.0000710630 	0.0000000000 	0.9984932678 	
234.5000000000 	0.9983532216 	0.0000700227 	0.0000700235 	0.0000000000 	0.9984932678 	
235.0000000000 	0.9983552701 	0.0000689985 	0.0000689992 	0.0000000000 	0.9984932678 	
235.5000000000 	0.9983572887 	0.0000679892 	0.0000679899 	0.0000000000 	0.9984932678 	
236.0000000000 	0.9983592777 	0.0000669948 	0.0000669953 	0.0000000000 	0.9984932678 	
236.5000000000 	0.9983612376 	0.0000660149 	0.0000660153 	0.0000000000 	0.9984932678 	
237.0000000000 	0.9983631688 	0.0000650493 	0.0000650496 	0.0000000000 	0.9984932678 	
237.5000000000 	0.9983650718 	0.0000640979 	0.0000640981 	0.0000000000 	0.9984932678 	
238.0000000000 	0.9983669470 	0.0000631604 	0.0000631604 	0.0000000000 	0.9984932678 	
238.5000000000 	0.9983687948 	0.0000622366 	0.0000622365 	0.0000000000 	0.9984932678 	
239.0000000000 	0.9983706155 	0.0000613263 	0.0000613261 	0.0000000000 	0.9984932678 	
239.5000000000 	0.9983724095 	0.0000604293 	0.0000604290 	0.0000000000 	0.9984932678 	
240.0000000000 	0.9983741774 	0.0000595454 	0.0000595450 	0.0000000000 	0.9984932678 	
240.5000000000 	0.9983759194 	0.0000586744 	0.0000586740 	0.0000000000 	0.9984932678 	
241.0000000000 	0.9983776359 	0.0000578162 	0.0000578157 	0.0000000000 	0.9984932678 	
241.5000000000 	0.9983793272 	0.0000569705 	0.0000569700 	0.0000000000 	0.9984932678 	
242.0000000000 	0.9983809939 	0.0000561372 	0.0000561367 	0.0000000000 	0.9984932678 	
242.5000000000 	0.9983826362 	0.0000553161 	0.0000553155 	0.0000000000 	0.9984932678 	
243.0000000000 	0.9983842544 	0.0000545069 	0.0000545064 	0.0000000000 	0.9984932678 	
243.5000000000 	0.9983858490 	0.0000537096 	0.0000537092 	0.0000000000 	0.9984932678 	
244.0000000000 	0.9983874203 	0.0000529240 	0.0000529236 	0.0000000000 	0.9984932678 	
244.5000000000 	0.9983889685 	0.0000521498 	0.0000521495 	0.0000000000 	0.9984932678 	
245.0000000000 	0.9983904941 	0.0000513870 	0.0000513867 	0.0000000000 	0.9984932678 	
245.5000000000 	0.9983919975 	0.0000506353 	0.0000506351 	0.0000000000 	0.9984932678 	
246.0000000000 	0.9983934788 	0.0000498946 	0.0000498945 	0.0000000000 	0.9984932678 	
246.5000000000 	0.9983949384 	0.0000491647 	0.0000491647 	0.0000000000 	0.9984932678 	
247.0000000000 	0.9983963767 	0.0000484455 	0.0000484456 	0.0000000000 	0.9984932678 	
247.5000000000 	0.9983977940 	0.0000477368 	0.0000477370 	0.0000000000 	0.9984932678 	
248.0000000000 	0.9983991905 	0.0000470386 	0.0000470387 	0.0000000000 	0.9984932678 	
248.5000000000 	0.9984005666 	0.0000463505 	0.0000463507 	0.0000000000 	0.9984932678 	
249.0000000000 	0.9984019226 	0.0000456725 	0.0000456727 	0.0000000000 	0.9984932678 	
249.5000000000 	0.9984032587 	0.0000450044 	0.0000450047 	0.0000000000 	0.9984932678 	
250.0000000000 	0.9984045753 	0.0000443461 	0.0000443464 	0.0000000000 	0.9984932678 	
250.5000000000 	0.9984058727 	0.0000436974 	0.0000436977 	0.0000000000 	0.9984932678 	
251.0000000000 	0.9984071510 	0.0000430582 	0.0000430586 	0.0000000000 	0.9984932678 	
251.5000000000 	0.9984084107 	0.0000424284 	0.0000424287 	0.0000000000 	0.9984932678 	
252.0000000000 	0.9984096519 	0.0000418078 	0.0000418081 	0.0000000000 	0.9984932678 	
252.5000000000 	0.9984108750 	0.0000411963 	0.0000411965 	0.0000000000 	0.9984932678 	
253.0000000000 	0.9984120802 	0.0000405937 	0.0000405939 	0.0000000000 	0.9984932678 	
253.5000000000 	0.9984132677 	0.0000399999 	0.0000400001 	0.0000000000 	0.9984932678 	
254.0000000000 	0.9984144379 	0.0000394149 	0.0000394150 	0.0000000000 	0.9984932678 	
254.5000000000 	0.9984155910 	0.0000388384 	0.0000388384 	0.0000000000 	0.9984932678 	
255.0000000000 	0.9984167272 	0.0000382703 	0.0000382703 	0.0000000000 	0.9984932678 	
255.5000000000 	0.9984178468 	0.0000377105 	0.0000377105 	0.0000000000 	0.9984932678 	
256.0000000000 	0.9984189500 	0.0000371589 	0.0000371589 	0.0000000000 	0.9984932678 	
256.5000000000 	0.9984200371 	0.0000366154 	0.0000366153 	0.0000000000 	0.9984932678 	
257.0000000000 	0.9984211083 	0.0000360798 	0.0000360797 	0.0000000000 	0.9984932678 	
257.5000000000 	0.9984221638 	0.0000355521 	0.0000355519 	0.0000000000 	0.9984932678 	
258.0000000000 	0.9984232038 	0.0000350321 	0.0000350319 	0.0000000000 	0.9984932678 	
258.5000000000 	0.9984242287 	0.0000345197 	0.0000345195 	0.0000000000 	0.9984932678 	
259.0000000000 	0.9984252385 	0.0000340147 	0.0000340145 	0.0000000000 	0.9984932678 	
259.5000000000 	0.9984262336 	0.0000335172 	0.0000335170 	0.0000000000 	0.9984932678 	
260.0000000000 	0.9984272142 	0.0000330269 	0.0000330267 	0.0000000000 	0.9984932678 	
260.5000000000 	0.9984281803 	0.0000325438 	0.0000325436 	0.0000000000 	0.9984932678 	
261.0000000000 	0.9984291324 	0.0000320678 	0.0000320676 	0.0000000000 	0.9984932678 	
261.5000000000 	0.9984300705 	0.0000315987 	0.0000315986 	0.0000000000 	0.9984932678 	
262.0000000000 	0.9984309949 	0.0000311365 	0.0000311364 	0.0000000000 	0.9984932678 	
262.5000000000 	0.9984319058 	0.0000306810 	0.0000306809 	0.0000000000 	0.9984932678 	
263.0000000000 	0.9984328034 	0.0000302322 	0.0000302322 	0.0000000000 	0.9984932678 	
263.5000000000 	0.9984336878 	0.0000297900 	0.0000297900 	0.0000000000 	0.9984932678 	
264.0000000000 	0.9984345593 	0.0000293542 	0.0000293542 	0.0000000000 	0.9984932678 	
264.5000000000 	0.9984354181 	0.0000289248 	0.0000289249 	0.0000000000 	0.9984932678 	
265.0000000000 	0.9984362643 	0.0000285017 	0.0000285018 	0.0000000000 	0.9984932678 	
265.5000000000 	0.9984370981 	0.0000280848 	0.0000280849 	0.0000000000 	0.9984932678 	
266.0000000000 	0.9984379197 	0.0000276740 	0.0000276741 	0.0000000000 	0.9984932678 	
266.5000000000 	0.9984387293 	0.0000272692 	0.0000272693 	0.0000000000 	0.9984932678 	
267.0000000000 	0.9984395270 	0.0000268703 	0.0000268704 	0.0000000000 	0.9984932678 	
267.5000000000 	0.9984403131 	0.0000264773 	0.0000264774 	0.0000000000 	0.9984932678 	
268.0000000000 	0.9984410877 	0.0000260900 	0.0000260901 	0.0000000000 	0.9984932678 	
268.5000000000 	0.9984418510 	0.0000257083 	0.0000257085 	0.0000000000 	0.9984932678 	
269.0000000000 	0.9984426031 	0.0000253323 	0.0000253324 	0.0000000000 	0.9984932678 	
269.5000000000 	0.9984433442 	0.0000249618 	0.0000249619 	0.0000000000 	0.9984932678 	
270.0000000000 	0.9984440744 	0.0000245966 	0.0000245967 	0.0000000000 	0.9984932678 	
270.5000000000 	0.9984447940 	0.0000242369 	0.0000242369 	0.0000000000 	0.9984932678 	
271.0000000000 	0.9984455030 	0.0000238824 	0.0000238824 	0.0000000000 	0.9984932678 	
271.5000000000 	0.9984462017 	0.0000235330 	0.0000235331 	0.0000000000 	0.9984932678 	
272.0000000000 	0.9984468901 	0.0000231888 	0.0000231888 	0.0000000000 	0.9984932678 	
272.5000000000 	0.9984475685 	0.0000228496 	0.0000228496 	0.0000000000 	0.9984932678 	
273.0000000000 	0.9984482370 	0.0000225154 	0.0000225154 	0.0000000000 	0.9984932678 	
273.5000000000 	0.9984488957 	0.0000221861 	0.0000221860 	0.0000000000 	0.9984932678 	
274.0000000000 	0.9984495447 	0.0000218616 	0.0000218615 	0.0000000000 	0.9984932678 	
274.5000000000 	0.9984501843 	0.0000215418 	0.0000215417 	0.0000000000 	0.9984932678 	
275.0000000000 	0.9984508145 	0.0000212267 	0.0000212266 	0.0000000000 	0.9984932678 	
275.5000000000 	0.9984514354 	0.0000209162 	0.0000209161 	0.0000000000 	0.9984932678 	
276.0000000000 	0.9984520473 	0.0000206103 	0.0000206102 	0.0000000000 	0.9984932678 	
276.5000000000 	0.9984526503 	0.0000203088 	0.0000203087 	0.0000000000 	0.9984932678 	
277.0000000000 	0.9984532444 	0.0000200117 	0.0000200116 	0.0000000000 	0.9984932678 	
277.5000000000 	0.9984538299 	0.0000197190 	0.0000197189 	0.0000000000 	0.9984932678 	
278.0000000000 	0.9984544067 	0.0000194306 	0.0000194305 	0.0000000000 	0.9984932678 	
278.5000000000 	0.9984549752 	0.0000191463 	0.0000191463 	0.0000000000 	0.9984932678 	
279.0000000000 	0.9984555353 	0.0000188663 	0.0000188662 	0.0000000000 	0.9984932678 	
279.5000000000 	0.9984560872 	0.0000185903 	0.0000185903 	0.0000000000 	0.9984932678 	
280.0000000000 	0.9984566311 	0.0000183184 	0.0000183184 	0.0000000000 	0.9984932678 	
280.5000000000 	0.9984571670 	0.0000180504 	0.0000180504 	0.0000000000 	0.9984932678 	
281.0000000000 	0.9984576950 	0.0000177864 	0.0000177864 	0.0000000000 	0.9984932678 	
281.5000000000 	0.9984582154 	0.0000175262 	0.0000175262 	0.0000000000 	0.9984932678 	
282.0000000000 	0.9984587281 	0.0000172698 	0.0000172699 	0.0000000000 	0.9984932678 	
282.5000000000 	0.9984592333 	0.0000170172 	0.0000170173 	0.0000000000 	0.9984932678 	
283.0000000000 	0.9984597311 	0.0000167683 	0.0000167683 	0.0000000000 	0.9984932678 	
283.5000000000 	0.9984602217 	0.0000165230 	0.0000165231 	0.0000000000 	0.9984932678 	
284.0000000000 	0.9984607051 	0.0000162813 	0.0000162814 	0.0000000000 	0.9984932678 	
284.5000000000 	0.9984611814 	0.0000160432 	0.0000160432 	0.0000000000 	0.9984932678 	
285.0000000000 	0.9984616507 	0.0000158085 	0.0000158086 	0.0000000000 	0.9984932678 	
285.5000000000 	0.9984621132 	0.0000155773 	0.0000155773 	0.0000000000 	0.9984932678 	
286.0000000000 	0.9984625689 	0.0000153494 	0.0000153495 	0.0000000000 	0.9984932678 	
286.5000000000 	0.9984630179 	0.0000151249 	0.0000151249 	0.0000000000 	0.9984932678 	
287.0000000000 	0.9984634604 	0.0000149037 	0.0000149037 	0.0000000000 	0.9984932678 	
287.5000000000 	0.9984638964 	0.0000146857 	0.0000146857 	0.0000000000 	0.9984932678 	
288.0000000000 	0.9984643260 	0.0000144709 	0.0000144709 	0.0000000000 	0.9984932678 	
288.5000000000 	0.9984647494 	0.0000142592 	0.0000142592 	0.0000000000 	0.9984932678 	
289.0000000000 	0.9984651665 	0.0000140506 	0.0000140506 	0.0000000000 	0.9984932678 	
289.5000000000 	0.9984655776 	0.0000138451 	0.0000138451 	0.0000000000 	0.9984932678 	
290.0000000000 	0.9984659826 	0.0000136426 	0.0000136426 	0.0000000000 	0.9984932678 	
290.5000000000 	0.9984663817 	0.0000134430 	0.0000134430 	0.0000000000 	0.9984932678 	
291.0000000000 	0.9984667750 	0.0000132464 	0.0000132464 	0.0000000000 	0.9984932678 	
291.5000000000 	0.9984671625 	0.0000130526 	0.0000130526 	0.0000000000 	0.9984932678 	
292.0000000000 	0.9984675444 	0.0000128617 	0.0000128617 	0.0000000000 	0.9984932678 	
292.5000000000 	0.9984679206 	0.0000126736 	0.0000126736 	0.0000000000 	0.9984932678 	
293.0000000000 	0.9984682914 	0.0000124882 	0.0000124882 	0.0000000000 	0.9984932678 	
293.5000000000 	0.9984686567 	0.0000123055 	0.0000123055 	0.0000000000 	0.9984932678 	
294.0000000000 	0.9984690167 	0.0000121255 	0.0000121255 	0.0000000000 	0.9984932678 	
294.5000000000 	0.9984693715 	0.0000119482 	0.0000119481 	0.0000000000 	0.9984932678 	
295.0000000000 	0.9984697210 	0.0000117734 	0.0000117734 	0.0000000000 	0.9984932678 	
295.5000000000 	0.9984700654 	0.0000116012 	0.0000116012 	0.0000000000 	0.9984932678 	
296.0000000000 	0.9984704048 	0.0000114315 	0.0000114315 	0.0000000000 	0.9984932678 	
296.5000000000 	0.9984707392 	0.0000112643 	0.0000112643 	0.0000000000 	0.9984932678 	
297.0000000000 	0.9984710688 	0.0000110995 	0.0000110995 	0.0000000000 	0.9984932678 	
297.5000000000 	0.9984713935 	0.0000109372 	0.0000109371 	0.0000000000 	0.9984932678 	
298.0000000000 	0.9984717135 	0.0000107772 	0.0000107772 	0.0000000000 	0.9984932678 	
298.5000000000 	0.9984720287 	0.0000106195 	0.0000106195 	0.0000000000 	0.9984932678 	
299.0000000000 	0.9984723394 	0.0000104642 	0.0000104642 	0.0000000000 	0.9984932678 	
299.5000000000 	0.9984726455 	0.0000103111 	0.0000103111 	0.0000000000 	0.9984932678 	
# end of calculation 2019_08_27_16_13_51 
# time difference 00_00_00_00_00_14 -- in Minutes 0 in Seconds 14 
