## Date: 23.8.2019 -- Time: 14:15:54  
## Gamma_l=0.5000000000 - Gamma_m=0.0000000000 - Gamma_r=0.5000000000 
## phi_l=0.0000000000 - phi_m=0.0000000000 - phi_r=0.0000000000 
## init_000=0.00 - init_001=0.00 - init_010=0.00 - init_011=1.00 
## dt=0.500000 - t_end=160 - fb=40 - cutoff=0.000001000000 -- Nbin=2 
0.0000000000 	0.0000000000 	0.0000000000 	0.0000000000 	1.0000000000 	1.0000000000 	
0.5000000000 	0.0528304930 	0.1770183650 	0.1770183650 	0.5931327968 	1.0000000198 	
1.0000000000 	0.1655409253 	0.2413262959 	0.2413262959 	0.3518065146 	1.0000000316 	
1.5000000000 	0.2950641786 	0.2481339390 	0.2481339390 	0.2086679819 	1.0000000386 	
2.0000000000 	0.4201548106 	0.2280387042 	0.2280387042 	0.1237678237 	1.0000000427 	
2.5000000000 	0.5315223922 	0.1975334488 	0.1975334488 	0.0734107554 	1.0000000452 	
3.0000000000 	0.6262063895 	0.1651256652 	0.1651256652 	0.0435423267 	1.0000000466 	
3.5000000000 	0.7044146397 	0.1348795129 	0.1348795129 	0.0258263820 	1.0000000475 	
4.0000000000 	0.7677828612 	0.1084493563 	0.1084493563 	0.0153184742 	1.0000000480 	
4.5000000000 	0.8184460628 	0.0862340480 	0.0862340480 	0.0090858894 	1.0000000483 	
5.0000000000 	0.8585676679 	0.0680216208 	0.0680216208 	0.0053891390 	1.0000000485 	
5.5000000000 	0.8901217610 	0.0533409063 	0.0533409063 	0.0031964751 	1.0000000486 	
6.0000000000 	0.9148113239 	0.0416463953 	0.0416463953 	0.0018959342 	1.0000000487 	
6.5000000000 	0.9340562389 	0.0324096345 	0.0324096345 	0.0011245408 	1.0000000487 	
7.0000000000 	0.9490142832 	0.0251593817 	0.0251593817 	0.0006670020 	1.0000000487 	
7.5000000000 	0.9606152311 	0.0194945985 	0.0194945985 	0.0003956208 	1.0000000487 	
8.0000000000 	0.9695977539 	0.0150838196 	0.0150838196 	0.0002346557 	1.0000000488 	
8.5000000000 	0.9765441479 	0.0116583594 	0.0116583594 	0.0001391820 	1.0000000488 	
9.0000000000 	0.9819108219 	0.0090033367 	0.0090033367 	0.0000825534 	1.0000000488 	
9.5000000000 	0.9860539964 	0.0069485436 	0.0069485436 	0.0000489651 	1.0000000488 	
10.0000000000 	0.9892508127 	0.0053600966 	0.0053600966 	0.0000290428 	1.0000000488 	
10.5000000000 	0.9917163711 	0.0041332257 	0.0041332257 	0.0000172262 	1.0000000488 	
11.0000000000 	0.9936173155 	0.0031862579 	0.0031862579 	0.0000102175 	1.0000000488 	
11.5000000000 	0.9950825707 	0.0024557089 	0.0024557089 	0.0000060603 	1.0000000488 	
12.0000000000 	0.9962117746 	0.0018923398 	0.0018923398 	0.0000035946 	1.0000000488 	
12.5000000000 	0.9970818687 	0.0014580240 	0.0014580240 	0.0000021321 	1.0000000488 	
13.0000000000 	0.9977522316 	0.0011232763 	0.0011232763 	0.0000012646 	1.0000000488 	
13.5000000000 	0.9982686660 	0.0008653164 	0.0008653164 	0.0000000000 	0.9999992987 	
14.0000000000 	0.9986637719 	0.0006653291 	0.0006655526 	0.0000000000 	0.9999946535 	
14.5000000000 	0.9989579986 	0.0005124038 	0.0005125700 	0.0000000000 	0.9999829725 	
15.0000000000 	0.9991846017 	0.0003946283 	0.0003947528 	0.0000000000 	0.9999739828 	
15.5000000000 	0.9993591228 	0.0003039234 	0.0003040171 	0.0000000000 	0.9999670633 	
16.0000000000 	0.9994935318 	0.0002340669 	0.0002341378 	0.0000000000 	0.9999617365 	
16.5000000000 	0.9995970479 	0.0001802669 	0.0001803207 	0.0000000000 	0.9999576355 	
17.0000000000 	0.9996767714 	0.0001388328 	0.0001388737 	0.0000000000 	0.9999544778 	
17.5000000000 	0.9997381708 	0.0001069222 	0.0001069535 	0.0000000000 	0.9999520465 	
18.0000000000 	0.9997854578 	0.0000823463 	0.0000823702 	0.0000000000 	0.9999501742 	
18.5000000000 	0.9998218761 	0.0000634191 	0.0000634374 	0.0000000000 	0.9999487325 	
19.0000000000 	0.9998499237 	0.0000488423 	0.0000488563 	0.0000000000 	0.9999476222 	
19.5000000000 	0.9998715246 	0.0000376159 	0.0000376267 	0.0000000000 	0.9999467672 	
20.0000000000 	0.9998871756 	0.0000289699 	0.0000289644 	0.0000000000 	0.9999451099 	
20.5000000000 	0.9736542523 	0.0130553260 	0.0130554480 	0.0001744396 	0.9999394659 	
21.0000000000 	0.9201964638 	0.0390240704 	0.0390481521 	0.0016550318 	0.9999237181 	
21.5000000000 	0.8638899530 	0.0655161767 	0.0655454153 	0.0049697135 	0.9999212585 	
22.0000000000 	0.8161901814 	0.0871906274 	0.0872220594 	0.0093165038 	0.9999193721 	
22.5000000000 	0.7811073940 	0.1026438864 	0.1026751843 	0.0134914379 	0.9999179026 	
23.0000000000 	0.7588954266 	0.1122045482 	0.1122229626 	0.0165940259 	0.9999169633 	
23.5000000000 	0.7481092241 	0.1167823405 	0.1167895089 	0.0182347992 	0.9999158727 	
24.0000000000 	0.7467328815 	0.1173664655 	0.1173644253 	0.0184513068 	0.9999150791 	
24.5000000000 	0.7526804376 	0.1148563110 	0.1148473169 	0.0175304734 	0.9999145389 	
25.0000000000 	0.7640251953 	0.1100293625 	0.1100121981 	0.0158473378 	0.9999140936 	
25.5000000000 	0.7790883427 	0.1035437869 	0.1035202404 	0.0137615187 	0.9999138887 	
26.0000000000 	0.7964654540 	0.0959580860 	0.0959300338 	0.0115601775 	0.9999137513 	
26.5000000000 	0.8150208764 	0.0877397492 	0.0877089439 	0.0094440886 	0.9999136581 	
27.0000000000 	0.8338675744 	0.0792718360 	0.0792397915 	0.0075343921 	0.9999135940 	
27.5000000000 	0.8523396425 	0.0708584087 	0.0708263536 	0.0058891443 	0.9999135491 	
28.0000000000 	0.8699614046 	0.0627306758 	0.0626995535 	0.0045218833 	0.9999135171 	
28.5000000000 	0.8864157531 	0.0550545596 	0.0550250546 	0.0034181266 	0.9999134939 	
29.0000000000 	0.9015136287 	0.0479395278 	0.0479121059 	0.0025482143 	0.9999134767 	
29.5000000000 	0.9151659679 	0.0414480962 	0.0414230499 	0.0018763498 	0.9999134638 	
30.0000000000 	0.9273589451 	0.0356053166 	0.0355828095 	0.0013663826 	0.9999134539 	
30.5000000000 	0.9381329016 	0.0304076674 	0.0303877754 	0.0009851018 	0.9999134462 	
31.0000000000 	0.9475759364 	0.0258250452 	0.0258089775 	0.0007034810 	0.9999134401 	
31.5000000000 	0.9557732457 	0.0218272387 	0.0218147066 	0.0004982443 	0.9999134352 	
32.0000000000 	0.9628381179 	0.0183673177 	0.0183577621 	0.0003502336 	0.9999134313 	
32.5000000000 	0.9688882270 	0.0153939365 	0.0153867713 	0.0002444934 	0.9999134281 	
33.0000000000 	0.9740398632 	0.0128546326 	0.0128493374 	0.0001695923 	0.9999134254 	
33.5000000000 	0.9784040298 	0.0106981618 	0.0106942858 	0.0001169458 	0.9999134233 	
34.0000000000 	0.9820840603 	0.0088759849 	0.0088731737 	0.0000802026 	0.9999134215 	
34.5000000000 	0.9851742399 	0.0073432373 	0.0073412181 	0.0000547248 	0.9999134200 	
35.0000000000 	0.9877592491 	0.0060592201 	0.0060577857 	0.0000371639 	0.9999134187 	
35.5000000000 	0.9899141632 	0.0049875667 	0.0049865612 	0.0000251266 	0.9999134177 	
36.0000000000 	0.9917048238 	0.0040961842 	0.0040954909 	0.0000169178 	0.9999134168 	
36.5000000000 	0.9931884461 	0.0033570456 	0.0033565778 	0.0000113466 	0.9999134161 	
37.0000000000 	0.9944143562 	0.0027458918 	0.0027455854 	0.0000075822 	0.9999134155 	
37.5000000000 	0.9954247872 	0.0022418854 	0.0022416932 	0.0000050492 	0.9999134150 	
38.0000000000 	0.9962556813 	0.0018272471 	0.0018271347 	0.0000033515 	0.9999134146 	
38.5000000000 	0.9969374634 	0.0014868954 	0.0014868377 	0.0000022178 	0.9999134143 	
39.0000000000 	0.9974957654 	0.0012081032 	0.0012080821 	0.0000014633 	0.9999134140 	
39.5000000000 	0.9979520892 	0.0009801796 	0.0009801822 	0.0000000000 	0.9999124509 	
40.0000000000 	0.9983213077 	0.0007928193 	0.0007927596 	0.0000000000 	0.9999068867 	
40.5000000000 	0.9985082663 	0.0006918015 	0.0006903836 	0.0000000000 	0.9998904513 	
41.0000000000 	0.9975181271 	0.0011728941 	0.0011684479 	0.0000000000 	0.9998594691 	
41.5000000000 	0.9937768771 	0.0030148877 	0.0030068454 	0.0000044786 	0.9998030888 	
42.0000000000 	0.9863336535 	0.0067014652 	0.0066892969 	0.0000365053 	0.9997609209 	
42.5000000000 	0.9751146923 	0.0122465083 	0.0122298750 	0.0001404711 	0.9997315468 	
43.0000000000 	0.9607835839 	0.0192802661 	0.0192623010 	0.0003703348 	0.9996964857 	
43.5000000000 	0.9444962684 	0.0272074188 	0.0272060117 	0.0007662570 	0.9996759559 	
44.0000000000 	0.9274893280 	0.0354153116 	0.0354191479 	0.0013352427 	0.9996590301 	
44.5000000000 	0.9109567079 	0.0433187613 	0.0433249478 	0.0020446164 	0.9996450334 	
45.0000000000 	0.8958768052 	0.0504615220 	0.0504657395 	0.0028295706 	0.9996336373 	
45.5000000000 	0.8829561299 	0.0565293798 	0.0565298243 	0.0036092369 	0.9996245709 	
46.0000000000 	0.8726303091 	0.0613432998 	0.0613388371 	0.0043049432 	0.9996173893 	
46.5000000000 	0.8650977427 	0.0648352457 	0.0648248860 	0.0048539561 	0.9996118304 	
47.0000000000 	0.8603631993 	0.0670219263 	0.0670050987 	0.0052173845 	0.9996076089 	
47.5000000000 	0.8582857225 	0.0679801544 	0.0679568149 	0.0053817636 	0.9996044555 	
48.0000000000 	0.8586236588 	0.0678257246 	0.0677969588 	0.0053557967 	0.9996021389 	
48.5000000000 	0.8610702962 	0.0666992683 	0.0666660200 	0.0051648554 	0.9996004399 	
49.0000000000 	0.8652895823 	0.0647511081 	0.0647147049 	0.0048438985 	0.9995992938 	
49.5000000000 	0.8709358308 	0.0621346705 	0.0620964833 	0.0044314601 	0.9995984447 	
50.0000000000 	0.8776735936 	0.0589990547 	0.0589603481 	0.0039648161 	0.9995978125 	
50.5000000000 	0.8851901669 	0.0554842980 	0.0554461504 	0.0034767234 	0.9995973387 	
51.0000000000 	0.8932047901 	0.0517177140 	0.0516808743 	0.0029936023 	0.9995969808 	
51.5000000000 	0.9014719724 	0.0478123653 	0.0477772786 	0.0025350913 	0.9995967076 	
52.0000000000 	0.9097826328 	0.0438662462 	0.0438332198 	0.0021143981 	0.9995964969 	
52.5000000000 	0.9179652811 	0.0399613721 	0.0399306150 	0.0017390643 	0.9995963325 	
53.0000000000 	0.9258842129 	0.0361641385 	0.0361357746 	0.0014120765 	0.9995962025 	
53.5000000000 	0.9334366054 	0.0325261932 	0.0325002790 	0.0011330211 	0.9995960987 	
54.0000000000 	0.9405489372 	0.0290856973 	0.0290622304 	0.0008991497 	0.9995960146 	
54.5000000000 	0.9471730793 	0.0258688309 	0.0258477550 	0.0007062806 	0.9995959459 	
55.0000000000 	0.9532823109 	0.0228914268 	0.0228726406 	0.0005495109 	0.9995958892 	
55.5000000000 	0.9588674638 	0.0201606345 	0.0201440017 	0.0004237420 	0.9995958420 	
56.0000000000 	0.9639333322 	0.0176765349 	0.0176618953 	0.0003240401 	0.9995958025 	
56.5000000000 	0.9684954346 	0.0154336472 	0.0154208257 	0.0002458618 	0.9995957692 	
57.0000000000 	0.9725922638 	0.0134136624 	0.0134049011 	0.0001849183 	0.9995957456 	
57.5000000000 	0.9762322806 	0.0116155188 	0.0116097809 	0.0001381432 	0.9995957235 	
58.0000000000 	0.9794490333 	0.0100238277 	0.0100203024 	0.0001025407 	0.9995957042 	
58.5000000000 	0.9822776203 	0.0086221734 	0.0086202408 	0.0000756528 	0.9995956873 	
59.0000000000 	0.9847534338 	0.0073937752 	0.0073929688 	0.0000554948 	0.9995956725 	
59.5000000000 	0.9869111910 	0.0063220106 	0.0063219723 	0.0000404858 	0.9995956597 	
60.0000000000 	0.9887842577 	0.0053907707 	0.0053912372 	0.0000293830 	0.9995956485 	
60.5000000000 	0.9904031000 	0.0045855097 	0.0045858077 	0.0000212214 	0.9995956388 	
61.0000000000 	0.9917850790 	0.0038984480 	0.0038968062 	0.0000152984 	0.9995956317 	
61.5000000000 	0.9929001861 	0.0033450138 	0.0033390782 	0.0000112140 	0.9995954921 	
62.0000000000 	0.9936272922 	0.0029839249 	0.0029739156 	0.0000088684 	0.9995940011 	
62.5000000000 	0.9937541520 	0.0029176764 	0.0029069860 	0.0000084260 	0.9995872404 	
63.0000000000 	0.9930209655 	0.0032739465 	0.0032660637 	0.0000105741 	0.9995715498 	
63.5000000000 	0.9911921707 	0.0041774737 	0.0041695325 	0.0000172223 	0.9995563992 	
64.0000000000 	0.9880506956 	0.0057123284 	0.0057122351 	0.0000323959 	0.9995076550 	
64.5000000000 	0.9835979636 	0.0079152514 	0.0079228653 	0.0000627148 	0.9994987951 	
65.0000000000 	0.9778420315 	0.0107549769 	0.0107740066 	0.0001169288 	0.9994879438 	
65.5000000000 	0.9709431392 	0.0141529518 	0.0141741956 	0.0002044424 	0.9994747290 	
66.0000000000 	0.9631584271 	0.0179724013 	0.0179950328 	0.0003330212 	0.9994588824 	
66.5000000000 	0.9548043129 	0.0220537124 	0.0220769632 	0.0005066203 	0.9994416089 	
67.0000000000 	0.9462252315 	0.0262279760 	0.0262470027 	0.0007237681 	0.9994239782 	
67.5000000000 	0.9377644467 	0.0303251695 	0.0303399878 	0.0009770183 	0.9994066223 	
68.0000000000 	0.9297380045 	0.0341944138 	0.0342038915 	0.0012536839 	0.9993899937 	
68.5000000000 	0.9224057224 	0.0377080861 	0.0377126673 	0.0015373666 	0.9993638424 	
69.0000000000 	0.9160001801 	0.0407669618 	0.0407671875 	0.0018101738 	0.9993445032 	
69.5000000000 	0.9106739195 	0.0433017576 	0.0432984009 	0.0020549252 	0.9993290032 	
70.0000000000 	0.9065203735 	0.0452733017 	0.0452658650 	0.0022571293 	0.9993166695 	
70.5000000000 	0.9035806730 	0.0466659569 	0.0466540121 	0.0024063054 	0.9993069475 	
71.0000000000 	0.9018495045 	0.0474844774 	0.0474687152 	0.0024966196 	0.9992993168 	
71.5000000000 	0.9012777218 	0.0477543691 	0.0477343665 	0.0025269032 	0.9992933606 	
72.0000000000 	0.9017849832 	0.0475146826 	0.0474889873 	0.0025001319 	0.9992887850 	
72.5000000000 	0.9032693032 	0.0468132010 	0.0467802659 	0.0024225472 	0.9992853173 	
73.0000000000 	0.9056143952 	0.0457030693 	0.0456626233 	0.0023026117 	0.9992826995 	
73.5000000000 	0.9086943937 	0.0442416393 	0.0441946862 	0.0021499675 	0.9992806867 	
74.0000000000 	0.9123815278 	0.0424874741 	0.0424356885 	0.0019745366 	0.9992792270 	
74.5000000000 	0.9165473423 	0.0405000647 	0.0404449178 	0.0017857526 	0.9992780775 	
75.0000000000 	0.9210693139 	0.0383365330 	0.0382792904 	0.0015920294 	0.9992771667 	
75.5000000000 	0.9258335754 	0.0360503478 	0.0359920864 	0.0014004307 	0.9992764404 	
76.0000000000 	0.9307369142 	0.0336903944 	0.0336320217 	0.0012165268 	0.9992758571 	
76.5000000000 	0.9356880100 	0.0313003515 	0.0312426259 	0.0010443981 	0.9992753854 	
77.0000000000 	0.9406094178 	0.0289177748 	0.0288611044 	0.0008867044 	0.9992750014 	
77.5000000000 	0.9454355111 	0.0265748464 	0.0265193880 	0.0007449412 	0.9992746867 	
78.0000000000 	0.9501110456 	0.0242988779 	0.0242448359 	0.0006196680 	0.9992744273 	
78.5000000000 	0.9545925583 	0.0221117007 	0.0220592944 	0.0005106589 	0.9992742123 	
79.0000000000 	0.9588473832 	0.0200300463 	0.0199794863 	0.0004171172 	0.9992740331 	
79.5000000000 	0.9628525275 	0.0180660089 	0.0180174819 	0.0003378647 	0.9992738831 	
# end of calculation 2019_08_23_14_16_10 
# time difference 00_00_00_00_01_-44 -- in Minutes 1 in Seconds 16 
